# _procNoiseCov=10 _measNoiseCov=10 iter_max=10 alpha=0.3
#Simulation_time,tracking_step,NodeID,TargetID,MeasurementX,MeasurementY,EstimateX,EstimateY,GroundTruthX,GroundTruthY,Error,ErrorAcc,ResultsDelay
#t_sim	t_step	NID	TID	Zx	Zy	X_x	X_y	Xx	Xy	GTx	GTy	Err	ErrAcc	Delay
0.025	1	2	0	0	0	121.1	99.07	121.1	99.07	120	100	1.406	1.406	0
0.025	1	4	0	0	0	120.9	99.23	120.9	99.23	120	100	1.165	1.165	0
0.025	1	0	0	130.6	90.69	121.3	98.87	121.3	98.87	120	100	1.706	1.706	0
0.025	1	6	0	0	0	121.1	99.03	121.1	99.03	120	100	1.476	1.476	0
0.025	1	3	0	0	0	120.9	99.18	120.9	99.18	120	100	1.237	1.237	0
0.025	1	1	0	0	0	121.2	98.95	121.2	98.95	120	100	1.594	1.594	0
0.025	1	5	0	0	0	121	99.15	121	99.15	120	100	1.285	1.285	0
0.025	1	7	0	0	0	121.2	98.92	121.2	98.92	120	100	1.638	1.638	0
0.275	2	2	0	0	0	119.4	99.72	119.4	99.72	117.5	105	5.597	7.002	0
0.275	2	4	0	0	0	119.6	99.62	119.6	99.62	117.5	105	5.787	6.952	0
0.275	2	0	0	104	105.7	119	99.85	119	99.85	117.5	105	5.372	7.079	0
0.275	2	6	0	0	0	119.3	99.75	119.3	99.75	117.5	105	5.543	7.019	0
0.275	2	3	0	0	0	119.6	99.65	119.6	99.65	117.5	105	5.729	6.966	0
0.275	2	1	0	0	0	119.2	99.8	119.2	99.8	117.5	105	5.455	7.048	0
0.275	2	5	0	0	0	119.5	99.67	119.5	99.67	117.5	105	5.691	6.976	0
0.275	2	7	0	0	0	119.1	99.82	119.1	99.82	117.5	105	5.422	7.06	0
0.525	3	2	0	0	0	119.4	101.1	119.4	101.1	117.4	108.8	7.979	14.98	0
0.525	3	4	0	0	0	119.4	100.8	119.4	100.8	117.4	108.8	8.215	15.17	0
0.525	3	0	0	120	113.2	119.4	101.4	119.4	101.4	117.4	108.8	7.686	14.76	0
0.525	3	6	0	0	0	119.4	101.1	119.4	101.1	117.4	108.8	7.911	14.93	0
0.525	3	3	0	0	0	119.4	100.9	119.4	100.9	117.4	108.8	8.144	15.11	0
0.525	3	1	0	0	0	119.4	101.3	119.4	101.3	117.4	108.8	7.796	14.84	0
0.525	3	5	0	0	0	119.4	101	119.4	101	117.4	108.8	8.098	15.07	0
0.525	3	7	0	0	0	119.4	101.3	119.4	101.3	117.4	108.8	7.752	14.81	0
0.775	4	2	0	0	0	119.1	101	119.1	101	121.6	106.2	5.689	20.67	0
0.775	4	4	0	0	0	119.2	101	119.2	101	121.6	106.2	5.677	20.84	0
0.775	4	0	0	116.5	100.4	119.1	101	119.1	101	121.6	106.2	5.704	20.47	0
0.775	4	6	0	0	0	119.1	101	119.1	101	121.6	106.2	5.692	20.62	0
0.775	4	3	0	0	0	119.2	101	119.2	101	121.6	106.2	5.68	20.79	0
0.775	4	1	0	0	0	119.1	101	119.1	101	121.6	106.2	5.698	20.54	0
0.775	4	5	0	0	0	119.1	101	119.1	101	121.6	106.2	5.682	20.76	0
0.775	4	7	0	0	0	119.1	101	119.1	101	121.6	106.2	5.701	20.51	0
1.025	5	2	0	0	0	117.9	101.9	117.9	101.9	118.8	112.7	10.81	31.48	0
1.025	5	4	0	0	0	118.1	101.7	118.1	101.7	118.8	112.7	10.95	31.79	0
1.025	5	0	0	106.7	109.7	117.6	102.1	117.6	102.1	118.8	112.7	10.65	31.12	0
1.025	5	6	0	0	0	117.8	101.9	117.8	101.9	118.8	112.7	10.78	31.4	0
1.025	5	3	0	0	0	118	101.8	118	101.8	118.8	112.7	10.91	31.7	0
1.025	5	1	0	0	0	117.7	102	117.7	102	118.8	112.7	10.71	31.26	0
1.025	5	5	0	0	0	118	101.8	118	101.8	118.8	112.7	10.88	31.64	0
1.025	5	7	0	0	0	117.7	102	117.7	102	118.8	112.7	10.69	31.2	0
1.275	6	2	0	0	0	116.1	103.4	116.1	103.4	117.9	116.6	13.37	44.85	0
1.275	6	4	0	0	0	116.4	103.1	116.4	103.1	117.9	116.6	13.6	45.39	0
1.275	6	0	0	100.2	116.8	115.7	103.7	115.7	103.7	117.9	116.6	13.1	44.22	0
1.275	6	6	0	0	0	116	103.5	116	103.5	117.9	116.6	13.31	44.7	0
1.275	6	3	0	0	0	116.3	103.2	116.3	103.2	117.9	116.6	13.53	45.22	0
1.275	6	1	0	0	0	115.8	103.6	115.8	103.6	117.9	116.6	13.2	44.45	0
1.275	6	5	0	0	0	116.3	103.3	116.3	103.3	117.9	116.6	13.48	45.12	0
1.275	6	7	0	0	0	115.8	103.7	115.8	103.7	117.9	116.6	13.16	44.36	0
1.525	7	2	0	0	0	117.2	104.7	117.2	104.7	115.4	115.2	10.71	55.57	0
1.525	7	4	0	0	0	117	104.4	117	104.4	115.4	115.2	10.92	56.31	0
1.525	7	0	0	127.5	115.8	117.4	105	117.4	105	115.4	115.2	10.46	54.68	0
1.525	7	6	0	0	0	117.3	104.7	117.3	104.7	115.4	115.2	10.65	55.36	0
1.525	7	3	0	0	0	117.1	104.5	117.1	104.5	115.4	115.2	10.86	56.08	0
1.525	7	1	0	0	0	117.3	104.8	117.3	104.8	115.4	115.2	10.56	55.01	0
1.525	7	5	0	0	0	117.1	104.5	117.1	104.5	115.4	115.2	10.82	55.94	0
1.525	7	7	0	0	0	117.4	104.9	117.4	104.9	115.4	115.2	10.52	54.88	0
1.775	8	2	0	0	0	117.3	106.1	117.3	106.1	115.4	120.7	14.72	70.29	0
1.775	8	4	0	0	0	117.3	105.8	117.3	105.8	115.4	120.7	14.97	71.28	0
1.775	8	0	0	118.3	118.8	117.4	106.4	117.4	106.4	115.4	120.7	14.4	69.08	0
1.775	8	6	0	0	0	117.3	106.2	117.3	106.2	115.4	120.7	14.64	70	0
1.775	8	3	0	0	0	117.3	105.9	117.3	105.9	115.4	120.7	14.9	70.98	0
1.775	8	1	0	0	0	117.4	106.3	117.4	106.3	115.4	120.7	14.52	69.53	0
1.775	8	5	0	0	0	117.3	106	117.3	106	115.4	120.7	14.85	70.78	0
1.775	8	7	0	0	0	117.4	106.3	117.4	106.3	115.4	120.7	14.47	69.35	0
2.025	9	2	0	0	0	116.2	108.6	116.2	108.6	119	121.1	12.83	83.12	0
2.025	9	4	0	0	0	116.4	108.1	116.4	108.1	119	121.1	13.22	84.51	0
2.025	9	0	0	105.9	130.7	116	109.1	116	109.1	119	121.1	12.34	81.43	0
2.025	9	6	0	0	0	116.1	108.7	116.1	108.7	119	121.1	12.72	82.72	0
2.025	9	3	0	0	0	116.3	108.3	116.3	108.3	119	121.1	13.1	84.09	0
2.025	9	1	0	0	0	116	108.9	116	108.9	119	121.1	12.52	82.05	0
2.025	9	5	0	0	0	116.3	108.3	116.3	108.3	119	121.1	13.03	83.81	0
2.025	9	7	0	0	0	116	109	116	109	119	121.1	12.45	81.8	0
2.275	10	2	0	0	0	116.7	112	116.7	112	119.1	126.3	14.47	97.59	0
2.275	10	4	0	0	0	116.6	111.4	116.6	111.4	119.1	126.3	15.11	99.62	0
2.275	10	0	0	121.6	143.1	116.8	112.8	116.8	112.8	119.1	126.3	13.68	95.11	0
2.275	10	6	0	0	0	116.7	112.2	116.7	112.2	119.1	126.3	14.29	97.01	0
2.275	10	3	0	0	0	116.7	111.6	116.7	111.6	119.1	126.3	14.92	99	0
2.275	10	1	0	0	0	116.8	112.5	116.8	112.5	119.1	126.3	13.98	96.03	0
2.275	10	5	0	0	0	116.7	111.7	116.7	111.7	119.1	126.3	14.79	98.61	0
2.275	10	7	0	0	0	116.8	112.7	116.8	112.7	119.1	126.3	13.86	95.66	0
2.525	11	2	0	0	0	118.8	113.6	118.8	113.6	122	125.1	11.87	109.5	0
2.525	11	4	0	0	0	118.4	113.3	118.4	113.3	122	125.1	12.28	111.9	0
2.525	11	0	0	137.4	127.3	119.2	114	119.2	114	122	125.1	11.37	106.5	0
2.525	11	6	0	0	0	118.9	113.7	118.9	113.7	122	125.1	11.76	108.8	0
2.525	11	3	0	0	0	118.5	113.4	118.5	113.4	122	125.1	12.16	111.2	0
2.525	11	1	0	0	0	119.1	113.9	119.1	113.9	122	125.1	11.56	107.6	0
2.525	11	5	0	0	0	118.6	113.5	118.6	113.5	122	125.1	12.08	110.7	0
2.525	11	7	0	0	0	119.1	113.9	119.1	113.9	122	125.1	11.49	107.2	0
2.775	12	2	0	0	0	119.2	115.9	119.2	115.9	119.6	126.7	10.76	120.2	0
2.775	12	4	0	0	0	119.1	115.5	119.1	115.5	119.6	126.7	11.19	123.1	0
2.775	12	0	0	122.2	136.6	119.3	116.5	119.3	116.5	119.6	126.7	10.23	116.7	0
2.775	12	6	0	0	0	119.2	116.1	119.2	116.1	119.6	126.7	10.64	119.4	0
2.775	12	3	0	0	0	119.1	115.7	119.1	115.7	119.6	126.7	11.06	122.2	0
2.775	12	1	0	0	0	119.2	116.3	119.2	116.3	119.6	126.7	10.43	118	0
2.775	12	5	0	0	0	119.1	115.7	119.1	115.7	119.6	126.7	10.98	121.7	0
2.775	12	7	0	0	0	119.2	116.4	119.2	116.4	119.6	126.7	10.35	117.5	0
3.025	13	2	0	0	0	118.3	117.5	118.3	117.5	125.3	124.7	10.04	130.3	0
3.025	13	4	0	0	0	118.5	117.2	118.5	117.2	125.3	124.7	10.16	133.2	0
3.025	13	0	0	110.7	131	118.2	117.9	118.2	117.9	125.3	124.7	9.895	126.6	0
3.025	13	6	0	0	0	118.3	117.6	118.3	117.6	125.3	124.7	10	129.4	0
3.025	13	3	0	0	0	118.4	117.3	118.4	117.3	125.3	124.7	10.12	132.3	0
3.025	13	1	0	0	0	118.2	117.7	118.2	117.7	125.3	124.7	9.946	128	0
3.025	13	5	0	0	0	118.4	117.3	118.4	117.3	125.3	124.7	10.1	131.8	0
3.025	13	7	0	0	0	118.2	117.8	118.2	117.8	125.3	124.7	9.926	127.4	0
3.275	14	2	0	0	0	120	118.6	120	118.6	123.7	129.4	11.44	141.7	0
3.275	14	4	0	0	0	119.7	118.4	119.7	118.4	123.7	129.4	11.72	145	0
3.275	14	0	0	135.1	128	120.3	118.8	120.3	118.8	123.7	129.4	11.09	137.7	0
3.275	14	6	0	0	0	120.1	118.6	120.1	118.6	123.7	129.4	11.36	140.8	0
3.275	14	3	0	0	0	119.8	118.4	119.8	118.4	123.7	129.4	11.64	144	0
3.275	14	1	0	0	0	120.2	118.7	120.2	118.7	123.7	129.4	11.22	139.2	0
3.275	14	5	0	0	0	119.8	118.5	119.8	118.5	123.7	129.4	11.58	143.3	0
3.275	14	7	0	0	0	120.3	118.8	120.3	118.8	123.7	129.4	11.16	138.6	0
3.525	15	2	0	0	0	120.1	120.2	120.1	120.2	122.4	130.2	10.26	152	0
3.525	15	4	0	0	0	120.1	119.9	120.1	119.9	122.4	130.2	10.55	155.5	0
3.525	15	0	0	121.2	134.4	120.2	120.5	120.2	120.5	122.4	130.2	9.89	147.6	0
3.525	15	6	0	0	0	120.1	120.2	120.1	120.2	122.4	130.2	10.17	150.9	0
3.525	15	3	0	0	0	120.1	120	120.1	120	122.4	130.2	10.46	154.4	0
3.525	15	1	0	0	0	120.2	120.4	120.2	120.4	122.4	130.2	10.03	149.2	0
3.525	15	5	0	0	0	120.1	120	120.1	120	122.4	130.2	10.4	153.7	0
3.525	15	7	0	0	0	120.2	120.4	120.2	120.4	122.4	130.2	9.973	148.6	0
3.775	16	2	0	0	0	122.6	121.7	122.6	121.7	124.4	131.4	9.853	161.8	0
3.775	16	4	0	0	0	122.2	121.4	122.2	121.4	124.4	131.4	10.22	165.7	0
3.775	16	0	0	145.2	135.5	123.2	122.1	123.2	122.1	124.4	131.4	9.412	157	0
3.775	16	6	0	0	0	122.8	121.8	122.8	121.8	124.4	131.4	9.748	160.7	0
3.775	16	3	0	0	0	122.3	121.5	122.3	121.5	124.4	131.4	10.11	164.5	0
3.775	16	1	0	0	0	123	121.9	123	121.9	124.4	131.4	9.574	158.8	0
3.775	16	5	0	0	0	122.4	121.6	122.4	121.6	124.4	131.4	10.04	163.8	0
3.775	16	7	0	0	0	123	122	123	122	124.4	131.4	9.51	158.1	0
4.025	17	2	0	0	0	125.1	123.7	125.1	123.7	130	138.1	15.23	177	0
4.025	17	4	0	0	0	124.6	123.3	124.6	123.3	130	138.1	15.72	181.5	0
4.025	17	0	0	146.6	141.2	125.6	124.1	125.6	124.1	130	138.1	14.63	171.6	0
4.025	17	6	0	0	0	125.2	123.8	125.2	123.8	130	138.1	15.09	175.8	0
4.025	17	3	0	0	0	124.7	123.4	124.7	123.4	130	138.1	15.58	180.1	0
4.025	17	1	0	0	0	125.4	124	125.4	124	130	138.1	14.86	173.6	0
4.025	17	5	0	0	0	124.8	123.5	124.8	123.5	130	138.1	15.48	179.3	0
4.025	17	7	0	0	0	125.5	124	125.5	124	130	138.1	14.77	172.8	0
4.275	18	2	0	0	0	127.2	126.6	127.2	126.6	134.6	137.9	13.52	190.6	0
4.275	18	4	0	0	0	126.8	126	126.8	126	134.6	137.9	14.19	195.7	0
4.275	18	0	0	146.7	152.3	127.8	127.2	127.8	127.2	134.6	137.9	12.7	184.3	0
4.275	18	6	0	0	0	127.4	126.7	127.4	126.7	134.6	137.9	13.33	189.1	0
4.275	18	3	0	0	0	127	126.2	127	126.2	134.6	137.9	13.99	194.1	0
4.275	18	1	0	0	0	127.6	127	127.6	127	134.6	137.9	13.01	186.6	0
4.275	18	5	0	0	0	127	126.3	127	126.3	134.6	137.9	13.86	193.1	0
4.275	18	7	0	0	0	127.6	127.1	127.6	127.1	134.6	137.9	12.89	185.7	0
4.525	19	2	0	0	0	128.4	126.9	128.4	126.9	141.3	140.7	18.96	209.5	0
4.525	19	4	0	0	0	128.1	126.8	128.1	126.8	141.3	140.7	19.19	214.8	0
4.525	19	0	0	138	129.4	128.6	127	128.6	127	141.3	140.7	18.69	203	0
4.525	19	6	0	0	0	128.4	126.9	128.4	126.9	141.3	140.7	18.9	208	0
4.525	19	3	0	0	0	128.2	126.8	128.2	126.8	141.3	140.7	19.12	213.2	0
4.525	19	1	0	0	0	128.5	127	128.5	127	141.3	140.7	18.79	205.4	0
4.525	19	5	0	0	0	128.2	126.8	128.2	126.8	141.3	140.7	19.08	212.2	0
4.525	19	7	0	0	0	128.6	127	128.6	127	141.3	140.7	18.75	204.5	0
4.775	20	2	0	0	0	131.2	128.1	131.2	128.1	145.9	142.7	20.73	230.3	0
4.775	20	4	0	0	0	130.7	127.9	130.7	127.9	145.9	142.7	21.24	236.1	0
4.775	20	0	0	156.8	139.1	131.8	128.4	131.8	128.4	145.9	142.7	20.09	223.1	0
4.775	20	6	0	0	0	131.4	128.2	131.4	128.2	145.9	142.7	20.58	228.6	0
4.775	20	3	0	0	0	130.9	128	130.9	128	145.9	142.7	21.09	234.3	0
4.775	20	1	0	0	0	131.6	128.3	131.6	128.3	145.9	142.7	20.33	225.8	0
4.775	20	5	0	0	0	131	128	131	128	145.9	142.7	20.99	233.2	0
4.775	20	7	0	0	0	131.7	128.3	131.7	128.3	145.9	142.7	20.23	224.7	0
5.025	21	2	0	0	0	133.1	130.2	133.1	130.2	146.8	142.6	18.43	248.7	0
5.025	21	4	0	0	0	132.8	129.8	132.8	129.8	146.8	142.6	18.96	255	0
5.025	21	0	0	150.2	149	133.6	130.7	133.6	130.7	146.8	142.6	17.77	240.9	0
5.025	21	6	0	0	0	133.3	130.3	133.3	130.3	146.8	142.6	18.27	246.9	0
5.025	21	3	0	0	0	132.9	129.9	132.9	129.9	146.8	142.6	18.8	253.1	0
5.025	21	1	0	0	0	133.4	130.5	133.4	130.5	146.8	142.6	18.02	243.8	0
5.025	21	5	0	0	0	133	130	133	130	146.8	142.6	18.69	251.9	0
5.025	21	7	0	0	0	133.5	130.6	133.5	130.6	146.8	142.6	17.92	242.6	0
5.275	22	2	0	0	0	134	132.1	134	132.1	147.8	145.3	19.15	267.8	0
5.275	22	4	0	0	0	133.9	131.7	133.9	131.7	147.8	145.3	19.52	274.6	0
5.275	22	0	0	141.7	148.5	134.3	132.5	134.3	132.5	147.8	145.3	18.69	259.6	0
5.275	22	6	0	0	0	134.1	132.2	134.1	132.2	147.8	145.3	19.04	265.9	0
5.275	22	3	0	0	0	133.9	131.8	133.9	131.8	147.8	145.3	19.41	272.5	0
5.275	22	1	0	0	0	134.2	132.3	134.2	132.3	147.8	145.3	18.86	262.6	0
5.275	22	5	0	0	0	133.9	131.9	133.9	131.9	147.8	145.3	19.34	271.2	0
5.275	22	7	0	0	0	134.2	132.4	134.2	132.4	147.8	145.3	18.79	261.4	0
5.525	23	2	0	0	0	136.7	132.4	136.7	132.4	152	151.1	24.1	291.9	0
5.525	23	4	0	0	0	136.2	132.3	136.2	132.3	152	151.1	24.48	299	0
5.525	23	0	0	160.7	135.5	137.3	132.5	137.3	132.5	152	151.1	23.65	283.2	0
5.525	23	6	0	0	0	136.8	132.5	136.8	132.5	152	151.1	24	289.9	0
5.525	23	3	0	0	0	136.4	132.4	136.4	132.4	152	151.1	24.36	296.9	0
5.525	23	1	0	0	0	137.1	132.5	137.1	132.5	152	151.1	23.82	286.5	0
5.525	23	5	0	0	0	136.5	132.4	136.5	132.4	152	151.1	24.29	295.5	0
5.525	23	7	0	0	0	137.2	132.5	137.2	132.5	152	151.1	23.75	285.2	0
5.775	24	2	0	0	0	138.2	134.3	138.2	134.3	151.7	157.3	26.69	318.6	0
5.775	24	4	0	0	0	137.9	134	137.9	134	151.7	157.3	27.12	326.2	0
5.775	24	0	0	150.9	151.5	138.5	134.8	138.5	134.8	151.7	157.3	26.15	309.4	0
5.775	24	6	0	0	0	138.3	134.4	138.3	134.4	151.7	157.3	26.56	316.5	0
5.775	24	3	0	0	0	138	134.1	138	134.1	151.7	157.3	26.99	323.9	0
5.775	24	1	0	0	0	138.4	134.6	138.4	134.6	151.7	157.3	26.35	312.8	0
5.775	24	5	0	0	0	138	134.2	138	134.2	151.7	157.3	26.91	322.4	0
5.775	24	7	0	0	0	138.4	134.7	138.4	134.7	151.7	157.3	26.27	311.4	0
6.025	25	2	0	0	0	139.3	137	139.3	137	157.2	163.9	32.3	350.9	0
6.025	25	4	0	0	0	139.1	136.5	139.1	136.5	157.2	163.9	32.83	359	0
6.025	25	0	0	149.6	161	139.6	137.6	139.6	137.6	157.2	163.9	31.64	341	0
6.025	25	6	0	0	0	139.4	137.2	139.4	137.2	157.2	163.9	32.15	348.6	0
6.025	25	3	0	0	0	139.2	136.7	139.2	136.7	157.2	163.9	32.67	356.5	0
6.025	25	1	0	0	0	139.5	137.4	139.5	137.4	157.2	163.9	31.89	344.7	0
6.025	25	5	0	0	0	139.2	136.8	139.2	136.8	157.2	163.9	32.57	355	0
6.025	25	7	0	0	0	139.6	137.5	139.6	137.5	157.2	163.9	31.79	343.2	0
6.275	26	2	0	0	0	142	139.1	142	139.1	163.4	163.8	32.7	383.6	0
6.275	26	4	0	0	0	141.5	138.7	141.5	138.7	163.4	163.8	33.31	392.3	0
6.275	26	0	0	165.9	157.2	142.6	139.6	142.6	139.6	163.4	163.8	31.95	372.9	0
6.275	26	6	0	0	0	142.1	139.2	142.1	139.2	163.4	163.8	32.53	381.1	0
6.275	26	3	0	0	0	141.7	138.8	141.7	138.8	163.4	163.8	33.13	389.7	0
6.275	26	1	0	0	0	142.4	139.4	142.4	139.4	163.4	163.8	32.23	376.9	0
6.275	26	5	0	0	0	141.8	138.9	141.8	138.9	163.4	163.8	33.01	388	0
6.275	26	7	0	0	0	142.5	139.5	142.5	139.5	163.4	163.8	32.12	375.3	0
6.525	27	2	0	0	0	144.7	140.8	144.7	140.8	168	163.2	32.23	415.9	0
6.525	27	4	0	0	0	144.2	140.5	144.2	140.5	168	163.2	32.83	425.1	0
6.525	27	0	0	168.9	156.3	145.4	141.2	145.4	141.2	168	163.2	31.49	404.4	0
6.525	27	6	0	0	0	144.9	140.9	144.9	140.9	168	163.2	32.06	413.2	0
6.525	27	3	0	0	0	144.4	140.6	144.4	140.6	168	163.2	32.65	422.3	0
6.525	27	1	0	0	0	145.1	141.1	145.1	141.1	168	163.2	31.77	408.7	0
6.525	27	5	0	0	0	144.5	140.7	144.5	140.7	168	163.2	32.53	420.5	0
6.525	27	7	0	0	0	145.2	141.2	145.2	141.2	168	163.2	31.66	407	0
6.775	28	2	0	0	0	146.6	143.4	146.6	143.4	170.1	162.8	30.57	446.4	0
6.775	28	4	0	0	0	146.2	142.9	146.2	142.9	170.1	162.8	31.14	456.3	0
6.775	28	0	0	162.7	166	147	143.9	147	143.9	170.1	162.8	29.87	434.3	0
6.775	28	6	0	0	0	146.7	143.5	146.7	143.5	170.1	162.8	30.41	443.6	0
6.775	28	3	0	0	0	146.3	143.1	146.3	143.1	170.1	162.8	30.97	453.3	0
6.775	28	1	0	0	0	146.8	143.7	146.8	143.7	170.1	162.8	30.13	438.8	0
6.775	28	5	0	0	0	146.4	143.1	146.4	143.1	170.1	162.8	30.86	451.4	0
6.775	28	7	0	0	0	146.9	143.8	146.9	143.8	170.1	162.8	30.03	437	0
7.025	29	2	0	0	0	149.2	146.1	149.2	146.1	168.8	160.7	24.46	470.9	0
7.025	29	4	0	0	0	148.7	145.6	148.7	145.6	168.8	160.7	25.15	481.4	0
7.025	29	0	0	172.9	169.9	149.8	146.7	149.8	146.7	168.8	160.7	23.61	457.9	0
7.025	29	6	0	0	0	149.4	146.2	149.4	146.2	168.8	160.7	24.27	467.9	0
7.025	29	3	0	0	0	148.9	145.7	148.9	145.7	168.8	160.7	24.94	478.2	0
7.025	29	1	0	0	0	149.6	146.4	149.6	146.4	168.8	160.7	23.93	462.8	0
7.025	29	5	0	0	0	149	145.8	149	145.8	168.8	160.7	24.81	476.2	0
7.025	29	7	0	0	0	149.7	146.5	149.7	146.5	168.8	160.7	23.8	460.8	0
7.275	30	2	0	0	0	151.1	148.2	151.1	148.2	168.8	165.2	24.57	495.5	0
7.275	30	4	0	0	0	150.7	147.8	150.7	147.8	168.8	165.2	25.11	506.5	0
7.275	30	0	0	167.5	167	151.5	148.7	151.5	148.7	168.8	165.2	23.9	481.8	0
7.275	30	6	0	0	0	151.2	148.3	151.2	148.3	168.8	165.2	24.42	492.3	0
7.275	30	3	0	0	0	150.8	147.9	150.8	147.9	168.8	165.2	24.95	503.2	0
7.275	30	1	0	0	0	151.3	148.5	151.3	148.5	168.8	165.2	24.16	486.9	0
7.275	30	5	0	0	0	150.9	148	150.9	148	168.8	165.2	24.84	501	0
7.275	30	7	0	0	0	151.4	148.6	151.4	148.6	168.8	165.2	24.06	484.9	0
7.525	31	2	0	0	0	152.2	150	152.2	150	168.6	166.1	22.97	518.5	0
7.525	31	4	0	0	0	152	149.7	152	149.7	168.6	166.1	23.37	529.9	0
7.525	31	0	0	161.7	166.5	152.4	150.5	152.4	150.5	168.6	166.1	22.48	504.3	0
7.525	31	6	0	0	0	152.2	150.1	152.2	150.1	168.6	166.1	22.86	515.1	0
7.525	31	3	0	0	0	152	149.8	152	149.8	168.6	166.1	23.25	526.4	0
7.525	31	1	0	0	0	152.3	150.3	152.3	150.3	168.6	166.1	22.66	509.6	0
7.525	31	5	0	0	0	152.1	149.9	152.1	149.9	168.6	166.1	23.17	524.2	0
7.525	31	7	0	0	0	152.4	150.4	152.4	150.4	168.6	166.1	22.59	507.5	0
7.775	32	2	0	0	0	153.9	151	153.9	151	168.9	169.1	23.53	542	0
7.775	32	4	0	0	0	153.6	150.8	153.6	150.8	168.9	169.1	23.88	553.8	0
7.775	32	0	0	169.6	159.2	154.3	151.2	154.3	151.2	168.9	169.1	23.1	527.4	0
7.775	32	6	0	0	0	154	151	154	151	168.9	169.1	23.43	538.6	0
7.775	32	3	0	0	0	153.7	150.9	153.7	150.9	168.9	169.1	23.77	550.2	0
7.775	32	1	0	0	0	154.2	151.1	154.2	151.1	168.9	169.1	23.26	532.8	0
7.775	32	5	0	0	0	153.8	150.9	153.8	150.9	168.9	169.1	23.71	547.9	0
7.775	32	7	0	0	0	154.2	151.2	154.2	151.2	168.9	169.1	23.19	530.7	0
8.025	33	2	0	0	0	155.2	153.1	155.2	153.1	170.5	167.7	21.19	563.2	0
8.025	33	4	0	0	0	154.9	152.7	154.9	152.7	170.5	167.7	21.63	575.4	0
8.025	33	0	0	166.3	172.2	155.5	153.6	155.5	153.6	170.5	167.7	20.64	548	0
8.025	33	6	0	0	0	155.3	153.2	155.3	153.2	170.5	167.7	21.06	559.6	0
8.025	33	3	0	0	0	155	152.9	155	152.9	170.5	167.7	21.5	571.7	0
8.025	33	1	0	0	0	155.4	153.4	155.4	153.4	170.5	167.7	20.85	553.7	0
8.025	33	5	0	0	0	155.1	152.9	155.1	152.9	170.5	167.7	21.41	569.3	0
8.025	33	7	0	0	0	155.4	153.5	155.4	153.5	170.5	167.7	20.77	551.4	0
8.275	34	2	0	0	0	157.9	153.8	157.9	153.8	173	168.8	21.22	584.4	0
8.275	34	4	0	0	0	157.4	153.7	157.4	153.7	173	168.8	21.67	597.1	0
8.275	34	0	0	182.2	159.8	158.5	154	158.5	154	173	168.8	20.66	568.7	0
8.275	34	6	0	0	0	158	153.9	158	153.9	173	168.8	21.08	580.7	0
8.275	34	3	0	0	0	157.6	153.7	157.6	153.7	173	168.8	21.53	593.2	0
8.275	34	1	0	0	0	158.3	153.9	158.3	153.9	173	168.8	20.87	574.6	0
8.275	34	5	0	0	0	157.7	153.7	157.7	153.7	173	168.8	21.44	590.7	0
8.275	34	7	0	0	0	158.4	154	158.4	154	173	168.8	20.78	572.2	0
8.525	35	2	0	0	0	158.6	156.8	158.6	156.8	172.1	173.8	21.71	606.1	0
8.525	35	4	0	0	0	158.5	156.5	158.5	156.5	172.1	173.8	21.99	619.1	0
8.525	35	0	0	159.6	172.7	158.9	157.6	158.9	157.6	172.1	173.8	20.96	589.7	0
8.525	35	6	0	0	0	158.8	157.3	158.8	157.3	172.1	173.8	21.2	601.9	0
8.525	35	3	0	0	0	158.5	156.5	158.5	156.5	172.1	173.8	21.98	615.2	0
8.525	35	1	0	0	0	158.7	157.3	158.7	157.3	172.1	173.8	21.29	595.8	0
8.525	35	5	0	0	0	158.7	156.9	158.7	156.9	172.1	173.8	21.63	612.4	0
8.525	35	7	0	168.2	178.1	158.9	157.6	158.9	157.6	172.1	173.8	20.96	593.2	0
8.775	36	2	0	0	0	162.1	160.5	162.1	160.5	177.1	176.2	21.75	627.8	0
8.775	36	4	0	0	0	161.6	159.9	161.6	159.9	177.1	176.2	22.53	641.6	0
8.775	36	0	0	166.3	167.9	162.5	160.9	162.5	160.9	177.1	176.2	21.17	610.8	0
8.775	36	6	0	0	0	162	160.4	162	160.4	177.1	176.2	21.9	623.8	0
8.775	36	3	0	0	0	161.8	160.1	161.8	160.1	177.1	176.2	22.23	637.4	0
8.775	36	1	0	180.7	177.1	162.4	160.8	162.4	160.8	177.1	176.2	21.34	617.2	0
8.775	36	5	0	0	0	161.7	160.1	161.7	160.1	177.1	176.2	22.33	634.7	0
8.775	36	7	0	178.1	174	162.3	160.7	162.3	160.7	177.1	176.2	21.43	614.6	0
9.025	37	2	0	0	0	166.1	165.9	166.1	165.9	181.4	180.8	21.35	649.2	0
9.025	37	4	0	0	0	165.3	164.9	165.3	164.9	181.4	180.8	22.56	664.1	0
9.025	37	0	0	178.2	192.9	166.5	166.6	166.5	166.6	181.4	180.8	20.55	631.4	0
9.025	37	6	0	0	0	165.7	165.8	165.7	165.8	181.4	180.8	21.67	645.5	0
9.025	37	3	0	0	0	165.7	165.3	165.7	165.3	181.4	180.8	22.08	659.5	0
9.025	37	1	0	187.9	181.8	166.4	166.4	166.4	166.4	181.4	180.8	20.77	638	0
9.025	37	5	0	0	0	165.4	165.2	165.4	165.2	181.4	180.8	22.29	657	0
9.025	37	7	0	171.6	177.6	166.2	166.3	166.2	166.3	181.4	180.8	20.97	635.6	0
9.275	38	2	0	0	0	170.5	170.1	170.5	170.1	186.9	181.8	20.13	669.3	0
9.275	38	4	0	0	0	169.7	169.4	169.7	169.4	186.9	181.8	21.16	685.3	0
9.275	38	0	0	184.2	173.6	171.1	170.6	171.1	170.6	186.9	181.8	19.33	650.7	0
9.275	38	6	0	0	0	170.4	170	170.4	170	186.9	181.8	20.29	665.8	0
9.275	38	3	0	0	0	170	169.7	170	169.7	186.9	181.8	20.77	680.3	0
9.275	38	1	0	189.1	192.8	170.9	170.5	170.9	170.5	186.9	181.8	19.57	657.5	0
9.275	38	5	0	0	0	169.9	169.6	169.9	169.6	186.9	181.8	20.88	677.9	0
9.275	38	7	0	187.1	194.3	170.8	170.4	170.8	170.4	186.9	181.8	19.68	655.3	0
9.525	39	2	0	0	0	176.7	176	176.7	176	186.6	186.8	14.57	683.9	0
9.525	39	4	0	0	0	175.6	175.3	175.6	175.3	186.6	186.8	15.92	701.2	0
9.525	39	0	0	208.8	214.1	177.5	177.3	177.5	177.3	186.6	186.8	13.1	663.8	0
9.525	39	6	0	0	0	176.4	176.7	176.4	176.7	186.6	186.8	14.35	680.1	0
9.525	39	3	0	0	0	176	175.5	176	175.5	186.6	186.8	15.48	695.8	0
9.525	39	1	0	199.6	177.7	177.3	176.8	177.3	176.8	186.6	186.8	13.63	671.2	0
9.525	39	5	0	0	0	175.8	175.9	175.8	175.9	186.6	186.8	15.33	693.2	0
9.525	39	7	0	180.7	203.9	177.1	177.2	177.1	177.2	186.6	186.8	13.49	668.8	0
9.775	40	2	0	0	0	177	182.5	177	182.5	189.7	192.3	16.1	700	0
9.775	40	4	0	0	0	176.9	181.3	176.9	181.3	189.7	192.3	16.87	718.1	0
9.775	40	0	0	175.9	193.7	177.1	183.1	177.1	183.1	189.7	192.3	15.54	679.3	0
9.775	40	6	0	0	0	177.1	182.1	177.1	182.1	189.7	192.3	16.24	696.4	0
9.775	40	3	0	0	0	176.9	181.8	176.9	181.8	189.7	192.3	16.56	712.3	0
9.775	40	1	0	177	217.1	177.1	183	177.1	183	189.7	192.3	15.71	686.9	0
9.775	40	5	0	0	0	177	181.5	177	181.5	189.7	192.3	16.67	709.9	0
9.775	40	7	0	185.9	201.6	177.1	182.7	177.1	182.7	189.7	192.3	15.79	684.6	0
10.025	41	2	0	0	0	180.9	183.6	180.9	183.6	193.2	190.1	13.94	713.9	0
10.025	41	4	0	0	0	180.3	183.2	180.3	183.2	193.2	190.1	14.65	732.7	0
10.025	41	0	0	192	181.1	181.4	183.6	181.4	183.6	193.2	190.1	13.48	692.8	0
10.025	41	6	0	0	0	180.8	183.3	180.8	183.3	193.2	190.1	14.15	710.5	0
10.025	41	3	0	0	0	180.5	183.4	180.5	183.4	193.2	190.1	14.37	726.7	0
10.025	41	1	0	197.7	196	181.3	183.7	181.3	183.7	193.2	190.1	13.6	700.5	0
10.025	41	5	0	0	0	180.5	183.2	180.5	183.2	193.2	190.1	14.51	724.4	0
10.025	41	7	0	195.4	187.1	181.2	183.5	181.2	183.5	193.2	190.1	13.73	698.3	0
10.275	42	2	0	0	0	183.9	187.1	183.9	187.1	194.1	196.5	13.88	727.8	0
10.275	42	4	0	0	0	183.3	186.6	183.3	186.6	194.1	196.5	14.65	747.4	0
10.275	42	0	0	194.3	206.7	184.2	187.8	184.2	187.8	194.1	196.5	13.18	706	0
10.275	42	6	0	0	0	183.6	187.4	183.6	187.4	194.1	196.5	13.89	724.4	0
10.275	42	3	0	0	0	183.6	186.8	183.6	186.8	194.1	196.5	14.37	741.1	0
10.275	42	1	0	199.5	191.3	184.2	187.5	184.2	187.5	194.1	196.5	13.41	713.9	0
10.275	42	5	0	0	0	183.4	187	183.4	187	194.1	196.5	14.38	738.8	0
10.275	42	7	0	186.9	205.1	184	187.7	184	187.7	194.1	196.5	13.42	711.7	0
10.525	43	2	0	0	0	188	191.2	188	191.2	195.2	198.8	10.47	738.3	0
10.525	43	4	0	0	0	187.5	190.6	187.5	190.6	195.2	198.8	11.24	758.6	0
10.525	43	0	0	208.5	202.7	188.9	191.8	188.9	191.8	195.2	198.8	9.409	715.4	0
10.525	43	6	0	0	0	188.4	191.3	188.4	191.3	195.2	198.8	10.11	734.5	0
10.525	43	3	0	0	0	187.6	190.8	187.6	190.8	195.2	198.8	11.03	752.1	0
10.525	43	1	0	191.4	206.1	188.5	191.6	188.5	191.6	195.2	198.8	9.819	723.7	0
10.525	43	5	0	0	0	187.9	190.8	187.9	190.8	195.2	198.8	10.79	749.6	0
10.525	43	7	0	214.8	209.6	188.8	191.6	188.8	191.6	195.2	198.8	9.591	721.3	0
10.775	44	2	0	0	0	189.1	194.3	189.1	194.3	200.3	201.9	13.55	751.8	0
10.775	44	4	0	0	0	189	193.8	189	193.8	200.3	201.9	13.88	772.5	0
10.775	44	0	0	204	202.3	189.6	194.8	189.6	194.8	200.3	201.9	12.9	728.3	0
10.775	44	6	0	0	0	189.5	194.3	189.5	194.3	200.3	201.9	13.19	747.7	0
10.775	44	3	0	0	0	189	194	189	194	200.3	201.9	13.82	765.9	0
10.775	44	1	0	180.3	206.4	189.3	194.6	189.3	194.6	200.3	201.9	13.17	736.9	0
10.775	44	5	0	0	0	189.3	194	189.3	194	200.3	201.9	13.58	763.1	0
10.775	44	7	0	194.1	209.4	189.6	194.6	189.6	194.6	200.3	201.9	12.94	734.2	0
11.025	45	2	0	0	0	192.4	195	192.4	195	203.3	206.5	15.83	767.7	0
11.025	45	4	0	0	0	191.8	195	191.8	195	203.3	206.5	16.25	788.8	0
11.025	45	0	0	204.1	200.1	192.7	195.4	192.7	195.4	203.3	206.5	15.36	743.7	0
11.025	45	6	0	0	0	192.2	195.4	192.2	195.4	203.3	206.5	15.75	763.5	0
11.025	45	3	0	0	0	192.1	195	192.1	195	203.3	206.5	16.11	782	0
11.025	45	1	0	208.7	189.7	192.7	195.2	192.7	195.2	203.3	206.5	15.53	752.4	0
11.025	45	5	0	0	0	191.9	195.2	191.9	195.2	203.3	206.5	16.06	779.2	0
11.025	45	7	0	193.6	207.9	192.5	195.4	192.5	195.4	203.3	206.5	15.48	749.7	0
11.275	46	2	0	0	0	193.4	196.5	193.4	196.5	209.3	205.7	18.35	786	0
11.275	46	4	0	0	0	193.1	196.5	193.1	196.5	209.3	205.7	18.67	807.4	0
11.275	46	0	0	0	0	193.4	196.9	193.4	196.9	209.3	205.7	18.14	761.8	0
11.275	46	6	0	0	0	193.1	196.9	193.1	196.9	209.3	205.7	18.46	781.9	0
11.275	46	3	0	0	0	193.2	196.4	193.2	196.4	209.3	205.7	18.54	800.6	0
11.275	46	1	0	204	198.3	193.5	196.7	193.5	196.7	209.3	205.7	18.19	770.6	0
11.275	46	5	0	0	0	193	196.7	193	196.7	209.3	205.7	18.61	797.8	0
11.275	46	7	0	192	216.3	193.2	197	193.2	197	209.3	205.7	18.27	768	0
11.525	47	2	0	0	0	195.2	198.7	195.2	198.7	211.2	211.6	20.61	806.6	0
11.525	47	4	0	0	0	194.7	198.6	194.7	198.6	211.2	211.6	21	828.4	0
11.525	47	0	0	0	0	195.2	199.3	195.2	199.3	211.2	211.6	20.17	782	0
11.525	47	6	0	0	0	194.8	199.2	194.8	199.2	211.2	211.6	20.55	802.5	0
11.525	47	3	0	0	0	194.9	198.5	194.9	198.5	211.2	211.6	20.87	821.4	0
11.525	47	1	0	210.8	200.6	195.3	199	195.3	199	211.2	211.6	20.33	790.9	0
11.525	47	5	0	0	0	194.7	198.9	194.7	198.9	211.2	211.6	20.84	818.7	0
11.525	47	7	0	198.3	229.4	195	199.4	195	199.4	211.2	211.6	20.29	788.3	0
11.775	48	2	0	0	0	199.2	202.6	199.2	202.6	216.5	216.3	22.03	828.6	0
11.775	48	4	0	0	0	198.4	201.8	198.4	201.8	216.5	216.3	23.13	851.6	0
11.775	48	0	0	0	0	199.6	202.8	199.6	202.8	216.5	216.3	21.58	803.6	0
11.775	48	6	0	0	0	198.9	202	198.9	202	216.5	216.3	22.66	825.1	0
11.775	48	3	0	0	0	198.8	202.2	198.8	202.2	216.5	216.3	22.65	844.1	0
11.775	48	1	0	225.6	232.6	199.5	202.8	199.5	202.8	216.5	216.3	21.64	812.6	0
11.775	48	5	0	0	0	198.5	201.8	198.5	201.8	216.5	216.3	23.07	841.7	0
11.775	48	7	0	221.4	209.3	199.3	202.4	199.3	202.4	216.5	216.3	22.04	810.3	0
12.025	49	2	0	0	0	201.6	204.2	201.6	204.2	222.1	217.5	24.38	853	0
12.025	49	4	0	0	0	201.1	203.9	201.1	203.9	222.1	217.5	25.04	876.6	0
12.025	49	0	0	0	0	201.9	204.5	201.9	204.5	222.1	217.5	24.04	827.6	0
12.025	49	6	0	0	0	201.3	204.2	201.3	204.2	222.1	217.5	24.68	849.8	0
12.025	49	3	0	0	0	201.3	204	201.3	204	222.1	217.5	24.76	868.9	0
12.025	49	1	0	220.2	213.8	201.8	204.4	201.8	204.4	222.1	217.5	24.11	836.7	0
12.025	49	5	0	0	0	201.1	204	201.1	204	222.1	217.5	24.97	866.7	0
12.025	49	7	0	210.8	218.4	201.6	204.4	201.6	204.4	222.1	217.5	24.31	834.6	0
12.275	50	2	0	0	0	206.2	207.2	206.2	207.2	227	222.8	25.97	879	0
12.275	50	4	0	0	0	205.5	206.7	205.5	206.7	227	222.8	26.85	903.5	0
12.275	50	0	0	0	0	206.9	207.5	206.9	207.5	227	222.8	25.2	852.8	0
12.275	50	6	0	0	0	206.3	207	206.3	207	227	222.8	26.05	875.9	0
12.275	50	3	0	0	0	205.8	206.9	205.8	206.9	227	222.8	26.53	895.4	0
12.275	50	1	0	229.7	226.6	206.7	207.5	206.7	207.5	227	222.8	25.45	862.1	0
12.275	50	5	0	0	0	205.8	206.7	205.8	206.7	227	222.8	26.59	893.3	0
12.275	50	7	0	243.1	222.4	206.7	207.3	206.7	207.3	227	222.8	25.5	860.1	0
12.525	51	2	0	0	0	211	210.4	211	210.4	232.8	220.1	23.85	902.8	0
12.525	51	4	0	0	0	210.6	210	210.6	210	232.8	220.1	24.44	927.9	0
12.525	51	0	0	0	0	210.4	209.7	210.4	209.7	232.8	220.1	24.72	877.5	0
12.525	51	6	0	0	0	209.9	209.3	209.9	209.3	232.8	220.1	25.34	901.2	0
12.525	51	3	0	236.9	230.7	210.9	210.3	210.9	210.3	232.8	220.1	24	919.4	0
12.525	51	1	0	227.9	224.9	210.8	210.1	210.8	210.1	232.8	220.1	24.19	886.3	0
12.525	51	5	0	0	0	210.2	209.6	210.2	209.6	232.8	220.1	24.99	918.3	0
12.525	51	7	0	209.4	198.9	210.1	209.4	210.1	209.4	232.8	220.1	25.17	885.3	0
12.775	52	2	0	0	0	215.6	213.1	215.6	213.1	236.8	219.9	22.27	925.1	0
12.775	52	4	0	0	0	215.1	212.8	215.1	212.8	236.8	219.9	22.86	950.8	0
12.775	52	0	0	0	0	216	213	216	213	236.8	219.9	21.91	899.4	0
12.775	52	6	0	0	0	215.5	212.8	215.5	212.8	236.8	219.9	22.49	923.7	0
12.775	52	3	0	222.6	223.1	215.3	212.9	215.3	212.9	236.8	219.9	22.62	942	0
12.775	52	1	0	235.8	222.1	215.9	213.1	215.9	213.1	236.8	219.9	22	908.3	0
12.775	52	5	0	0	0	215.2	212.8	215.2	212.8	236.8	219.9	22.77	941	0
12.775	52	7	0	250.8	229.3	215.8	212.9	215.8	212.9	236.8	219.9	22.14	907.4	0
13.025	53	2	0	0	0	219	215	219	215	238.4	224.1	21.37	946.5	0
13.025	53	4	0	0	0	218.7	214.8	218.7	214.8	238.4	224.1	21.76	972.5	0
13.025	53	0	0	0	0	218.8	214.9	218.8	214.9	238.4	224.1	21.63	921.1	0
13.025	53	6	0	0	0	218.4	214.7	218.4	214.7	238.4	224.1	22.03	945.7	0
13.025	53	3	0	233.2	224.5	218.9	215	218.9	215	238.4	224.1	21.52	963.5	0
13.025	53	1	0	231.4	221.3	219	215	219	215	238.4	224.1	21.44	929.7	0
13.025	53	5	0	0	0	218.5	214.7	218.5	214.7	238.4	224.1	21.96	963	0
13.025	53	7	0	225.8	219.7	218.6	214.7	218.6	214.7	238.4	224.1	21.87	929.3	0
13.275	54	2	0	0	0	224.4	216.6	224.4	216.6	238.4	224.8	16.3	962.8	0
13.275	54	4	0	0	0	223.8	216.2	223.8	216.2	238.4	224.8	17.03	989.6	0
13.275	54	0	0	0	0	223.7	216.5	223.7	216.5	238.4	224.8	16.95	938	0
13.275	54	6	0	0	0	223.1	216.1	223.1	216.1	238.4	224.8	17.7	963.4	0
13.275	54	3	0	250.7	216.8	224.2	216.4	224.2	216.4	238.4	224.8	16.56	980.1	0
13.275	54	1	0	246.9	233.9	224.1	216.6	224.1	216.6	238.4	224.8	16.51	946.3	0
13.275	54	5	0	0	0	223.3	216	223.3	216	238.4	224.8	17.48	980.5	0
13.275	54	7	0	224.4	212.8	223.3	216.3	223.3	216.3	238.4	224.8	17.43	946.7	0
13.525	55	2	0	0	0	230.1	217.4	230.1	217.4	243.6	227.8	17.1	979.9	0
13.525	55	4	0	0	0	229.5	217.3	229.5	217.3	243.6	227.8	17.63	1007	0
13.525	55	0	0	0	0	230	217.5	230	217.5	243.6	227.8	17.15	955.2	0
13.525	55	6	0	0	0	229.4	217.3	229.4	217.3	243.6	227.8	17.69	981.1	0
13.525	55	3	0	250.7	219	229.8	217.3	229.8	217.3	243.6	227.8	17.35	997.4	0
13.525	55	1	0	251	221.4	230.1	217.5	230.1	217.5	243.6	227.8	17.04	963.3	0
13.525	55	5	0	0	0	229.3	217.3	229.3	217.3	243.6	227.8	17.75	998.2	0
13.525	55	7	0	256.6	224.3	229.7	217.4	229.7	217.4	243.6	227.8	17.42	964.2	0
13.775	56	2	0	0	0	230.9	221.9	230.9	221.9	242	232.1	15.07	994.9	0
13.775	56	4	0	0	0	230.9	221.9	230.9	221.9	242	232.1	15.09	1022	0
13.775	56	0	0	0	0	230.9	222.2	230.9	222.2	242	232.1	14.9	970.1	0
13.775	56	6	0	0	0	230.9	222.2	230.9	222.2	242	232.1	14.91	996	0
13.775	56	3	0	231.9	224.7	230.9	221.9	230.9	221.9	242	232.1	15.11	1013	0
13.775	56	1	0	235.6	237.8	230.9	222.1	230.9	222.1	242	232.1	14.98	978.3	0
13.775	56	5	0	236.9	237.9	230.9	222.1	230.9	222.1	242	232.1	15	1013	0
13.775	56	7	0	231.7	243.1	230.9	222.3	230.9	222.3	242	232.1	14.88	979	0
14.025	57	2	0	0	0	234.7	223.4	234.7	223.4	243	232	11.87	1007	0
14.025	57	4	0	0	0	234.9	223.6	234.9	223.6	243	232	11.61	1034	0
14.025	57	0	0	0	0	234.3	223.3	234.3	223.3	243	232	12.31	982.4	0
14.025	57	6	0	0	0	234.5	223.5	234.5	223.5	243	232	12.05	1008	0
14.025	57	3	0	252.7	235.9	234.9	223.6	234.9	223.6	243	232	11.68	1024	0
14.025	57	1	0	240.5	217.6	234.5	223.3	234.5	223.3	243	232	12.13	990.4	0
14.025	57	5	0	248.6	226.1	234.7	223.6	234.7	223.6	243	232	11.79	1025	0
14.025	57	7	0	234.2	229.5	234.3	223.3	234.3	223.3	243	232	12.25	991.3	0
14.275	58	2	0	0	0	236	225.5	236	225.5	242.3	234.9	11.33	1018	0
14.275	58	4	0	0	0	236.4	225.3	236.4	225.3	242.3	234.9	11.35	1045	0
14.275	58	0	0	0	0	235.9	225.4	235.9	225.4	242.3	234.9	11.49	993.9	0
14.275	58	6	0	0	0	236.3	225.2	236.3	225.2	242.3	234.9	11.5	1020	0
14.275	58	3	0	242.7	229.3	236.2	225.4	236.2	225.4	242.3	234.9	11.32	1036	0
14.275	58	1	0	231.6	238.7	235.9	225.5	235.9	225.5	242.3	234.9	11.41	1002	0
14.275	58	5	0	246.3	227.1	236.4	225.2	236.4	225.2	242.3	234.9	11.43	1036	0
14.275	58	7	0	240.7	225.7	236.1	225.3	236.1	225.3	242.3	234.9	11.52	1003	0
14.525	59	2	0	0	0	236.6	227.7	236.6	227.7	245.3	236.9	12.65	1031	0
14.525	59	4	0	0	0	236	227.6	236	227.6	245.3	236.9	13.11	1058	0
14.525	59	0	0	0	0	236.7	227.4	236.7	227.4	245.3	236.9	12.85	1007	0
14.525	59	6	0	0	0	236.1	227.3	236.1	227.3	245.3	236.9	13.31	1033	0
14.525	59	3	0	230	241.2	236.3	227.7	236.3	227.7	245.3	236.9	12.85	1048	0
14.525	59	1	0	254.5	234.2	236.7	227.6	236.7	227.6	245.3	236.9	12.68	1014	0
14.525	59	5	0	229.4	229.7	236	227.4	236	227.4	245.3	236.9	13.28	1050	0
14.525	59	7	0	233.1	226.5	236.4	227.3	236.4	227.3	245.3	236.9	13.11	1016	0
14.775	60	2	0	0	0	242.8	230.7	242.8	230.7	251.1	235.3	9.541	1040	0
14.775	60	4	0	0	0	242.9	230.6	242.9	230.6	251.1	235.3	9.442	1068	0
14.775	60	0	0	0	0	242.4	230.8	242.4	230.8	251.1	235.3	9.79	1016	0
14.775	60	6	0	0	0	242.6	230.7	242.6	230.7	251.1	235.3	9.686	1043	0
14.775	60	3	0	260	233.5	242.9	230.6	242.9	230.6	251.1	235.3	9.454	1058	0
14.775	60	1	0	260.8	242.5	242.6	230.7	242.6	230.7	251.1	235.3	9.679	1024	0
14.775	60	5	0	269.4	239.8	242.8	230.6	242.8	230.6	251.1	235.3	9.547	1059	0
14.775	60	7	0	247	243.7	242.5	230.8	242.5	230.8	251.1	235.3	9.778	1026	0
15.025	61	2	0	0	0	245.1	234.2	245.1	234.2	251.4	238.7	7.685	1048	0
15.025	61	4	0	0	0	245.3	234.3	245.3	234.3	251.4	238.7	7.435	1075	0
15.025	61	0	0	0	0	245.5	234.3	245.5	234.3	251.4	238.7	7.374	1024	0
15.025	61	6	0	0	0	245.7	234.4	245.7	234.4	251.4	238.7	7.122	1050	0
15.025	61	3	0	246.3	240.6	245.2	234.3	245.2	234.3	251.4	238.7	7.609	1065	0
15.025	61	1	0	246	242.9	245.3	234.2	245.3	234.2	251.4	238.7	7.569	1032	0
15.025	61	5	0	255.5	248	245.6	234.4	245.6	234.4	251.4	238.7	7.24	1067	0
15.025	61	7	0	268.6	246.7	245.6	234.3	245.6	234.3	251.4	238.7	7.199	1033	0
15.275	62	2	0	0	0	247.9	237.1	247.9	237.1	256.4	239.9	8.99	1057	0
15.275	62	4	0	0	0	248.4	236.7	248.4	236.7	256.4	239.9	8.672	1084	0
15.275	62	0	0	0	0	247.6	236.9	247.6	236.9	256.4	239.9	9.334	1033	0
15.275	62	6	0	0	0	248.1	236.5	248.1	236.5	256.4	239.9	9.017	1059	0
15.275	62	3	0	265	249	248.2	236.9	248.2	236.9	256.4	239.9	8.774	1074	0
15.275	62	1	0	240.5	249.9	247.7	237.1	247.7	237.1	256.4	239.9	9.214	1041	0
15.275	62	5	0	260.8	232.1	248.3	236.6	248.3	236.6	256.4	239.9	8.798	1075	0
15.275	62	7	0	252.7	244	247.8	236.7	247.8	236.7	256.4	239.9	9.225	1042	0
15.525	63	2	0	0	0	251.7	238.1	251.7	238.1	261.4	239.9	9.913	1067	0
15.525	63	4	0	0	0	251.5	238.2	251.5	238.2	261.4	239.9	10.09	1094	0
15.525	63	0	0	0	0	252	238.4	252	238.4	261.4	239.9	9.525	1043	0
15.525	63	6	0	0	0	251.8	238.5	251.8	238.5	261.4	239.9	9.708	1068	0
15.525	63	3	0	250.5	233.9	251.5	238.1	251.5	238.1	261.4	239.9	10.06	1084	0
15.525	63	1	0	269.9	241.3	251.9	238.3	251.9	238.3	261.4	239.9	9.69	1051	0
15.525	63	5	0	259.6	246.5	251.6	238.4	251.6	238.4	261.4	239.9	9.927	1085	0
15.525	63	7	0	272	251	252	238.5	252	238.5	261.4	239.9	9.556	1052	0
15.775	64	2	0	0	0	256.1	239.6	256.1	239.6	265.1	246.4	11.24	1078	0
15.775	64	4	0	0	0	256.2	240	256.2	240	265.1	246.4	10.9	1105	0
15.775	64	0	0	0	0	256.2	239.5	256.2	239.5	265.1	246.4	11.23	1054	0
15.775	64	6	0	0	0	256.3	239.8	256.3	239.8	265.1	246.4	10.89	1079	0
15.775	64	3	0	257.7	255.1	256.1	239.8	256.1	239.8	265.1	246.4	11.08	1095	0
15.775	64	1	0	271.9	227.4	256.1	239.5	256.1	239.5	265.1	246.4	11.29	1062	0
15.775	64	5	0	279.2	243.1	256.3	240	256.3	240	265.1	246.4	10.84	1096	0
15.775	64	7	0	265.5	250.2	256.3	239.6	256.3	239.6	265.1	246.4	11.06	1063	0
16.025	65	2	0	0	0	256.7	242.3	256.7	242.3	264.5	250.2	11.14	1089	0
16.025	65	4	0	0	0	256.1	242.2	256.1	242.2	264.5	250.2	11.67	1117	0
16.025	65	0	0	0	0	257	242.3	257	242.3	264.5	250.2	10.91	1065	0
16.025	65	6	0	0	0	256.3	242.2	256.3	242.2	264.5	250.2	11.45	1091	0
16.025	65	3	0	245.8	239.5	256.4	242.2	256.4	242.2	264.5	250.2	11.44	1107	0
16.025	65	1	0	278.6	259.5	257	242.3	257	242.3	264.5	250.2	10.94	1073	0
16.025	65	5	0	249.7	253.3	256.1	242.2	256.1	242.2	264.5	250.2	11.64	1108	0
16.025	65	7	0	256	243.1	256.7	242.3	256.7	242.3	264.5	250.2	11.14	1074	0
16.275	66	2	0	0	0	255.9	246	255.9	246	269.7	254.5	16.19	1105	0
16.275	66	4	0	0	0	256.2	245.1	256.2	245.1	269.7	254.5	16.47	1133	0
16.275	66	0	0	0	0	256.3	246	256.3	246	269.7	254.5	15.9	1081	0
16.275	66	6	0	0	0	256.5	245.1	256.5	245.1	269.7	254.5	16.19	1107	0
16.275	66	3	0	246.8	243.7	256	245.5	256	245.5	269.7	254.5	16.37	1123	0
16.275	66	1	0	251.1	283.6	256.1	246.1	256.1	246.1	269.7	254.5	16.01	1089	0
16.275	66	5	0	263.9	245.5	256.4	245	256.4	245	269.7	254.5	16.38	1124	0
16.275	66	7	0	262.4	243.1	256.5	245.5	256.5	245.5	269.7	254.5	15.99	1090	0
16.525	67	2	0	0	0	261.5	250.2	261.5	250.2	271.4	255.4	11.17	1117	0
16.525	67	4	0	0	0	261.5	250.1	261.5	250.1	271.4	255.4	11.19	1144	0
16.525	67	0	0	0	0	261	250.4	261	250.4	271.4	255.4	11.5	1092	0
16.525	67	6	0	0	0	261	250.3	261	250.3	271.4	255.4	11.51	1118	0
16.525	67	3	0	283.2	258.2	261.6	250.1	261.6	250.1	271.4	255.4	11.13	1134	0
16.525	67	1	0	275.1	262.8	261.3	250.3	261.3	250.3	271.4	255.4	11.33	1100	0
16.525	67	5	0	275.4	262	261.3	250.2	261.3	250.2	271.4	255.4	11.35	1135	0
16.525	67	7	0	263.5	274.2	261	250.4	261	250.4	271.4	255.4	11.56	1101	0
16.775	68	2	0	0	0	264.7	250.4	264.7	250.4	275.8	253.2	11.46	1128	0
16.775	68	4	0	0	0	265.1	250.3	265.1	250.3	275.8	253.2	11.08	1155	0
16.775	68	0	0	0	0	264.5	250.2	264.5	250.2	275.8	253.2	11.69	1104	0
16.775	68	6	0	0	0	264.9	250.2	264.9	250.2	275.8	253.2	11.31	1130	0
16.775	68	3	0	278	257.2	264.9	250.4	264.9	250.4	275.8	253.2	11.24	1146	0
16.775	68	1	0	263.6	247.3	264.5	250.3	264.5	250.3	275.8	253.2	11.63	1112	0
16.775	68	5	0	281.3	246.2	265	250.2	265	250.2	275.8	253.2	11.13	1147	0
16.775	68	7	0	275	249.4	264.7	250.1	264.7	250.1	275.8	253.2	11.53	1113	0
17.025	69	2	0	0	0	268.8	252	268.8	252	277.4	254.1	8.855	1137	0
17.025	69	4	0	0	0	267.8	251.9	267.8	251.9	277.4	254.1	9.869	1165	0
17.025	69	0	0	0	0	268.7	252	268.7	252	277.4	254.1	8.965	1113	0
17.025	69	6	0	0	0	267.6	251.9	267.6	251.9	277.4	254.1	9.988	1140	0
17.025	69	3	0	280.3	253.5	268.3	252	268.3	252	277.4	254.1	9.344	1155	0
17.025	69	1	0	298.9	261.1	268.9	252	268.9	252	277.4	254.1	8.752	1121	0
17.025	69	5	0	252.3	257.5	267.5	251.9	267.5	251.9	277.4	254.1	10.09	1157	0
17.025	69	7	0	279.7	254.2	268.1	252	268.1	252	277.4	254.1	9.495	1122	0
17.275	70	2	0	0	0	273.1	251.9	273.1	251.9	283	252.2	9.926	1147	0
17.275	70	4	0	0	0	273.1	252	273.1	252	283	252.2	9.944	1175	0
17.275	70	0	0	0	0	272.7	252	272.7	252	283	252.2	10.3	1123	0
17.275	70	6	0	0	0	272.7	252.2	272.7	252.2	283	252.2	10.32	1150	0
17.275	70	3	0	287	245.5	273.1	251.9	273.1	251.9	283	252.2	9.879	1165	0
17.275	70	1	0	288.7	252.6	272.9	251.9	272.9	251.9	283	252.2	10.11	1131	0
17.275	70	5	0	291.3	258.8	272.9	252.1	272.9	252.1	283	252.2	10.13	1167	0
17.275	70	7	0	0	0	272.7	252.1	272.7	252.1	283	252.2	10.37	1133	0
17.525	71	2	0	0	0	275.9	253.6	275.9	253.6	287	258.7	12.24	1159	0
17.525	71	4	0	0	0	276.2	253	276.2	253	287	258.7	12.23	1187	0
17.525	71	0	0	0	0	275.7	253.7	275.7	253.7	287	258.7	12.43	1136	0
17.525	71	6	0	0	0	275.9	253.2	275.9	253.2	287	258.7	12.41	1162	0
17.525	71	3	0	285.7	247.3	276.1	253.3	276.1	253.3	287	258.7	12.2	1177	0
17.525	71	1	0	280.7	275.6	275.8	253.7	275.8	253.7	287	258.7	12.34	1143	0
17.525	71	5	0	292.6	252	276.1	253	276.1	253	287	258.7	12.32	1179	0
17.525	71	7	0	0	0	275.8	253.5	275.8	253.5	287	258.7	12.45	1145	0
17.775	72	2	0	0	0	277.7	254.9	277.7	254.9	285.7	262.9	11.3	1170	0
17.775	72	4	0	0	0	277.6	255.1	277.6	255.1	285.7	262.9	11.27	1199	0
17.775	72	0	0	0	0	277.9	254.7	277.9	254.7	285.7	262.9	11.3	1147	0
17.775	72	6	0	0	0	277.8	254.9	277.8	254.9	285.7	262.9	11.27	1174	0
17.775	72	3	0	268.9	263.1	277.6	255	277.6	255	285.7	262.9	11.28	1188	0
17.775	72	1	0	296	253.1	277.9	254.8	277.9	254.8	285.7	262.9	11.3	1154	0
17.775	72	5	0	287.9	264	277.6	255	277.6	255	285.7	262.9	11.26	1190	0
17.775	72	7	0	0	0	277.9	254.8	277.9	254.8	285.7	262.9	11.28	1157	0
18.025	73	2	0	0	0	281.2	254.9	281.2	254.9	284.5	263.6	9.335	1180	0
18.025	73	4	0	0	0	281.3	254.8	281.3	254.8	284.5	263.6	9.39	1208	0
18.025	73	0	0	0	0	280.8	254.7	280.8	254.7	284.5	263.6	9.659	1157	0
18.025	73	6	0	0	0	280.9	254.6	280.9	254.6	284.5	263.6	9.713	1183	0
18.025	73	3	0	297.3	261.7	281.3	254.9	281.3	254.9	284.5	263.6	9.314	1198	0
18.025	73	1	0	288.4	252.4	281	254.8	281	254.8	284.5	263.6	9.485	1164	0
18.025	73	5	0	290.9	248.5	281.1	254.7	281.1	254.7	284.5	263.6	9.557	1200	0
18.025	73	7	0	0	0	280.8	254.7	280.8	254.7	284.5	263.6	9.738	1166	0
18.275	74	2	0	0	0	283.8	257	283.8	257	290	270.1	14.52	1194	0
18.275	74	4	0	0	0	282.8	256.7	282.8	256.7	290	270.1	15.18	1223	0
18.275	74	0	0	0	0	283.9	256.9	283.9	256.9	290	270.1	14.55	1171	0
18.275	74	6	0	0	0	282.9	256.7	282.9	256.7	290	270.1	15.22	1199	0
18.275	74	3	0	278	259.4	283.3	256.9	283.3	256.9	290	270.1	14.84	1212	0
18.275	74	1	0	318.6	271.6	284	257	284	257	290	270.1	14.43	1178	0
18.275	74	5	0	277.9	260.8	282.7	256.7	282.7	256.7	290	270.1	15.31	1215	0
18.275	74	7	0	0	0	283.4	256.8	283.4	256.8	290	270.1	14.88	1181	0
18.525	75	2	0	0	0	286.2	259.7	286.2	259.7	290.7	269.5	10.8	1205	0
18.525	75	4	0	0	0	285.6	259.2	285.6	259.2	290.7	269.5	11.49	1235	0
18.525	75	0	0	0	0	286.1	259.6	286.1	259.6	290.7	269.5	10.87	1182	0
18.525	75	6	0	0	0	285.5	259.1	285.5	259.1	290.7	269.5	11.58	1210	0
18.525	75	3	0	288.5	261.1	285.9	259.4	285.9	259.4	290.7	269.5	11.13	1224	0
18.525	75	1	0	307.8	281.9	286.2	259.7	286.2	259.7	290.7	269.5	10.72	1189	0
18.525	75	5	0	287.3	261.8	285.5	259.1	285.5	259.1	290.7	269.5	11.64	1227	0
18.525	75	7	0	0	0	285.8	259.4	285.8	259.4	290.7	269.5	11.23	1192	0
18.775	76	2	0	0	0	285.3	265.4	285.3	265.4	291.5	273.5	10.19	1215	0
18.775	76	4	0	0	0	285.3	265.4	285.3	265.4	291.5	273.5	10.21	1245	0
18.775	76	0	0	0	0	285.4	264.8	285.4	264.8	291.5	273.5	10.57	1193	0
18.775	76	6	0	0	0	285.3	264.8	285.3	264.8	291.5	273.5	10.6	1221	0
18.775	76	3	0	282.6	285.4	285.3	265.4	285.3	265.4	291.5	273.5	10.14	1234	0
18.775	76	1	0	283.9	283.4	285.4	265.1	285.4	265.1	291.5	273.5	10.37	1199	0
18.775	76	5	0	284.2	285	285.3	265.1	285.3	265.1	291.5	273.5	10.41	1237	0
18.775	76	7	0	0	0	285.4	264.7	285.4	264.7	291.5	273.5	10.65	1203	0
19.025	77	2	0	0	0	284.2	266.5	284.2	266.5	288.9	277.7	12.16	1227	0
19.025	77	4	0	0	0	284.6	266.5	284.6	266.5	288.9	277.7	11.98	1257	0
19.025	77	0	0	0	0	284.1	266.4	284.1	266.4	288.9	277.7	12.23	1205	0
19.025	77	6	0	0	0	284.6	266.5	284.6	266.5	288.9	277.7	12.04	1233	0
19.025	77	3	0	285.9	266.8	284.4	266.5	284.4	266.5	288.9	277.7	12.06	1246	0
19.025	77	1	0	269.8	272.6	284.1	266.4	284.1	266.4	288.9	277.7	12.22	1212	0
19.025	77	5	0	287.1	274.2	284.6	266.5	284.6	266.5	288.9	277.7	11.98	1249	0
19.025	77	7	0	0	0	284.3	266.4	284.3	266.4	288.9	277.7	12.14	1215	0
19.275	78	2	0	0	0	286.9	268.1	286.9	268.1	292.2	278.3	11.54	1239	0
19.275	78	4	0	0	0	286.8	268.1	286.8	268.1	292.2	278.3	11.57	1268	0
19.275	78	0	0	0	0	286.6	268.3	286.6	268.3	292.2	278.3	11.52	1216	0
19.275	78	6	0	0	0	286.5	268.3	286.5	268.3	292.2	278.3	11.55	1244	0
19.275	78	3	0	299.7	259.8	286.9	268.1	286.9	268.1	292.2	278.3	11.56	1257	0
19.275	78	1	0	295.8	280.8	286.8	268.2	286.8	268.2	292.2	278.3	11.53	1223	0
19.275	78	5	0	288.5	282.5	286.6	268.2	286.6	268.2	292.2	278.3	11.56	1261	0
19.275	78	7	0	0	0	286.5	268.3	286.5	268.3	292.2	278.3	11.54	1227	0
19.525	79	2	0	0	0	288.2	269.9	288.2	269.9	297.3	275.6	10.74	1250	0
19.525	79	4	0	0	0	288.4	270.5	288.4	270.5	297.3	275.6	10.19	1279	0
19.525	79	0	0	0	0	287.9	269.6	287.9	269.6	297.3	275.6	11.16	1228	0
19.525	79	6	0	0	0	288.2	270.1	288.2	270.1	297.3	275.6	10.58	1255	0
19.525	79	3	0	296.4	285.9	288.3	270.3	288.3	270.3	297.3	275.6	10.4	1268	0
19.525	79	1	0	285	259.2	288	269.7	288	269.7	297.3	275.6	11.03	1234	0
19.525	79	5	0	298	283.6	288.4	270.4	288.4	270.4	297.3	275.6	10.3	1271	0
19.525	79	7	0	0	0	288	269.8	288	269.8	297.3	275.6	10.93	1238	0
19.775	80	2	0	0	0	289.6	268.1	289.6	268.1	303.2	276.9	16.22	1266	0
19.775	80	4	0	0	0	289.9	268.5	289.9	268.5	303.2	276.9	15.78	1294	0
19.775	80	0	0	0	0	289.4	268.4	289.4	268.4	303.2	276.9	16.23	1244	0
19.775	80	6	0	0	0	289.7	268.9	289.7	268.9	303.2	276.9	15.79	1271	0
19.775	80	3	0	297.1	254.5	289.8	268.3	289.8	268.3	303.2	276.9	16	1284	0
19.775	80	1	0	289	259.1	289.5	268.2	289.5	268.2	303.2	276.9	16.29	1250	0
19.775	80	5	0	297.7	276	289.8	268.8	289.8	268.8	303.2	276.9	15.71	1287	0
19.775	80	7	0	0	0	289.5	268.7	289.5	268.7	303.2	276.9	16.01	1254	0
20.025	81	2	0	0	0	294.4	272.1	294.4	272.1	302.2	275.1	8.297	1274	0
20.025	81	4	0	0	0	294.2	272.2	294.2	272.2	302.2	275.1	8.503	1303	0
20.025	81	0	0	0	0	293.9	272	293.9	272	302.2	275.1	8.846	1253	0
20.025	81	6	0	0	0	293.7	272.1	293.7	272.1	302.2	275.1	9.06	1280	0
20.025	81	3	0	314.6	277.6	294.4	272.2	294.4	272.2	302.2	275.1	8.316	1292	0
20.025	81	1	0	311.6	288.2	294.2	272.1	294.2	272.1	302.2	275.1	8.535	1259	0
20.025	81	5	0	300.8	288.4	293.9	272.1	293.9	272.1	302.2	275.1	8.81	1296	0
20.025	81	7	0	0	0	293.7	272	293.7	272	302.2	275.1	9.042	1263	0
20.275	82	2	0	0	0	296.5	272.4	296.5	272.4	307.8	279.4	13.32	1288	0
20.275	82	4	0	0	0	296.4	272.9	296.4	272.9	307.8	279.4	13.13	1316	0
20.275	82	0	0	0	0	296.7	272.3	296.7	272.3	307.8	279.4	13.17	1266	0
20.275	82	6	0	0	0	296.7	272.7	296.7	272.7	307.8	279.4	12.97	1293	0
20.275	82	3	0	284	277.2	296.4	272.6	296.4	272.6	307.8	279.4	13.25	1305	0
20.275	82	1	0	317.2	262.7	296.6	272.3	296.6	272.3	307.8	279.4	13.28	1272	0
20.275	82	5	0	315.4	282.3	296.5	272.9	296.5	272.9	307.8	279.4	13.02	1309	0
20.275	82	7	0	0	0	296.7	272.5	296.7	272.5	307.8	279.4	13.04	1276	0
20.525	83	2	0	0	0	296.1	274.7	296.1	274.7	306.5	280.2	11.82	1299	0
20.525	83	4	0	0	0	296.5	274.8	296.5	274.8	306.5	280.2	11.43	1328	0
20.525	83	0	0	0	0	296.6	274.8	296.6	274.8	306.5	280.2	11.32	1277	0
20.525	83	6	0	0	0	297	274.9	297	274.9	306.5	280.2	10.92	1304	0
20.525	83	3	0	277.6	268.4	296.2	274.7	296.2	274.7	306.5	280.2	11.7	1317	0
20.525	83	1	0	298.4	288.3	296.3	274.7	296.3	274.7	306.5	280.2	11.63	1284	0
20.525	83	5	0	314.6	291.3	296.8	274.9	296.8	274.9	306.5	280.2	11.12	1320	0
20.525	83	7	0	0	0	296.9	274.9	296.9	274.9	306.5	280.2	11.04	1287	0
20.775	84	2	0	0	0	298.6	277	298.6	277	307.3	279.4	8.97	1308	0
20.775	84	4	0	0	0	298.1	276.9	298.1	276.9	307.3	279.4	9.518	1337	0
20.775	84	0	0	0	0	298.5	276.9	298.5	276.9	307.3	279.4	9.1	1286	0
20.775	84	6	0	0	0	298	276.8	298	276.8	307.3	279.4	9.663	1313	0
20.775	84	3	0	304.5	280.6	298.4	277	298.4	277	307.3	279.4	9.223	1326	0
20.775	84	1	0	316.2	289.2	298.7	277	298.7	277	307.3	279.4	8.947	1293	0
20.775	84	5	0	292.4	283	298	276.8	298	276.8	307.3	279.4	9.676	1329	0
20.775	84	7	0	0	0	298.2	276.9	298.2	276.9	307.3	279.4	9.404	1296	0
21.025	85	2	0	0	0	301.4	277.2	301.4	277.2	308.1	284.2	9.711	1318	0
21.025	85	4	0	0	0	301.7	277.5	301.7	277.5	308.1	284.2	9.222	1346	0
21.025	85	0	0	0	0	301	277.3	301	277.3	308.1	284.2	9.876	1296	0
21.025	85	6	0	0	0	301.4	277.6	301.4	277.6	308.1	284.2	9.367	1323	0
21.025	85	3	0	315.1	270.7	301.6	277.3	301.6	277.3	308.1	284.2	9.442	1336	0
21.025	85	1	0	0	0	301.1	277.2	301.1	277.2	308.1	284.2	9.87	1303	0
21.025	85	5	0	318.7	289.6	301.6	277.6	301.6	277.6	308.1	284.2	9.216	1339	0
21.025	85	7	0	0	0	301.1	277.5	301.1	277.5	308.1	284.2	9.645	1306	0
21.275	86	2	0	0	0	304.3	280.2	304.3	280.2	310.8	284.7	7.835	1326	0
21.275	86	4	0	0	0	304.3	280.7	304.3	280.7	310.8	284.7	7.586	1354	0
21.275	86	0	0	0	0	303.5	279.9	303.5	279.9	310.8	284.7	8.667	1305	0
21.275	86	6	0	0	0	303.5	280.4	303.5	280.4	310.8	284.7	8.399	1331	0
21.275	86	3	0	331.4	291.4	304.4	280.5	304.4	280.5	310.8	284.7	7.582	1343	0
21.275	86	1	0	0	0	304	280	304	280	310.8	284.7	8.289	1311	0
21.275	86	5	0	301.8	299.2	303.9	280.7	303.9	280.7	310.8	284.7	7.95	1347	0
21.275	86	7	0	0	0	303.4	280.1	303.4	280.1	310.8	284.7	8.66	1315	0
21.525	87	2	0	0	0	304.4	283.2	304.4	283.2	312.9	289.6	10.64	1337	0
21.525	87	4	0	0	0	304.4	283.5	304.4	283.5	312.9	289.6	10.45	1364	0
21.525	87	0	0	0	0	304.2	282.7	304.2	282.7	312.9	289.6	11.09	1316	0
21.525	87	6	0	0	0	304.3	283	304.3	283	312.9	289.6	10.87	1342	0
21.525	87	3	0	307.6	300.4	304.4	283.4	304.4	283.4	312.9	289.6	10.48	1354	0
21.525	87	1	0	0	0	304.3	282.9	304.3	282.9	312.9	289.6	10.89	1322	0
21.525	87	5	0	304.8	293.6	304.3	283.3	304.3	283.3	312.9	289.6	10.63	1357	0
21.525	87	7	0	0	0	304.2	282.7	304.2	282.7	312.9	289.6	11.05	1326	0
21.775	88	2	0	0	0	302.8	285.6	302.8	285.6	315.2	289.7	13.04	1350	0
21.775	88	4	0	0	0	302.8	286.2	302.8	286.2	315.2	289.7	12.88	1377	0
21.775	88	0	0	0	0	303.2	285.4	303.2	285.4	315.2	289.7	12.8	1329	0
21.775	88	6	0	0	0	303.1	286	303.1	286	315.2	289.7	12.63	1355	0
21.775	88	3	0	290.5	292.1	302.8	286	302.8	286	315.2	289.7	12.99	1367	0
21.775	88	1	0	0	0	303	285.4	303	285.4	315.2	289.7	12.95	1335	0
21.775	88	5	0	302	307.8	303	286.2	303	286.2	315.2	289.7	12.74	1370	0
21.775	88	7	0	0	0	303.2	285.7	303.2	285.7	315.2	289.7	12.67	1338	0
22.025	89	2	0	0	0	306.4	285.8	306.4	285.8	317.4	292.2	12.72	1362	0
22.025	89	4	0	323.6	270.5	306.8	285.8	306.8	285.8	317.4	292.2	12.42	1390	0
22.025	89	0	0	0	0	305.8	285.9	305.8	285.9	317.4	292.2	13.21	1342	0
22.025	89	6	0	0	0	306.2	285.9	306.2	285.9	317.4	292.2	12.88	1368	0
22.025	89	3	0	318.7	293.5	306.7	285.8	306.7	285.8	317.4	292.2	12.49	1379	0
22.025	89	1	0	0	0	306.1	285.9	306.1	285.9	317.4	292.2	13.01	1348	0
22.025	89	5	0	308.9	295	306.5	285.8	306.5	285.8	317.4	292.2	12.59	1383	0
22.025	89	7	0	0	0	305.9	285.9	305.9	285.9	317.4	292.2	13.12	1351	0
22.275	90	2	0	0	0	307.9	290.3	307.9	290.3	323.7	294.7	16.43	1379	0
22.275	90	4	0	297.4	295.5	308.4	290.7	308.4	290.7	323.7	294.7	15.9	1405	0
22.275	90	0	0	0	0	307.9	289.5	307.9	289.5	323.7	294.7	16.65	1358	0
22.275	90	6	0	0	0	308.4	289.9	308.4	289.9	323.7	294.7	16.07	1384	0
22.275	90	3	0	312.7	315.6	308.2	290.6	308.2	290.6	323.7	294.7	16.13	1395	0
22.275	90	1	0	0	0	307.8	289.9	307.8	289.9	323.7	294.7	16.63	1364	0
22.275	90	5	0	334.7	301.8	308.5	290.4	308.5	290.4	323.7	294.7	15.9	1399	0
22.275	90	7	0	0	0	308.2	289.6	308.2	289.6	323.7	294.7	16.39	1368	0
22.525	91	2	0	0	0	312	292.9	312	292.9	323.2	298.1	12.37	1391	0
22.525	91	4	0	332.8	303.3	312.7	293.3	312.7	293.3	323.2	298.1	11.56	1417	0
22.525	91	0	0	0	0	311.5	292.4	311.5	292.4	323.2	298.1	13.02	1371	0
22.525	91	6	0	0	0	312.3	292.9	312.3	292.9	323.2	298.1	12.15	1396	0
22.525	91	3	0	316.9	302	312.4	293.2	312.4	293.2	323.2	298.1	11.86	1407	0
22.525	91	1	0	0	0	311.6	292.6	311.6	292.6	323.2	298.1	12.82	1377	0
22.525	91	5	0	325.9	300.8	312.6	293.2	312.6	293.2	323.2	298.1	11.72	1410	0
22.525	91	7	0	0	0	311.8	292.6	311.8	292.6	323.2	298.1	12.68	1380	0
22.775	92	2	0	0	0	313.5	294.5	313.5	294.5	322.3	297.6	9.282	1400	0
22.775	92	4	0	307.7	296.5	313.6	294.6	313.6	294.6	322.3	297.6	9.168	1426	0
22.775	92	0	0	0	0	313.2	294.2	313.2	294.2	322.3	297.6	9.676	1381	0
22.775	92	6	0	0	0	313.3	294.3	313.3	294.3	322.3	297.6	9.538	1405	0
22.775	92	3	0	326.8	305.4	313.6	294.6	313.6	294.6	322.3	297.6	9.167	1416	0
22.775	92	1	0	0	0	313.4	294.3	313.4	294.3	322.3	297.6	9.495	1387	0
22.775	92	5	0	319.2	296.2	313.5	294.5	313.5	294.5	322.3	297.6	9.33	1420	0
22.775	92	7	0	0	0	313.2	294.2	313.2	294.2	322.3	297.6	9.669	1390	0
23.025	93	2	0	0	0	317.6	294.6	317.6	294.6	327.5	303.9	13.58	1414	0
23.025	93	4	0	335.5	289.3	318.3	294.7	318.3	294.7	327.5	303.9	12.98	1439	0
23.025	93	0	0	0	0	317.1	294.7	317.1	294.7	327.5	303.9	13.93	1395	0
23.025	93	6	0	0	0	317.8	294.8	317.8	294.8	327.5	303.9	13.28	1419	0
23.025	93	3	0	326	293.5	318	294.6	318	294.6	327.5	303.9	13.23	1430	0
23.025	93	1	0	0	0	317.2	294.6	317.2	294.6	327.5	303.9	13.85	1401	0
23.025	93	5	0	334	304.9	318.2	294.8	318.2	294.8	327.5	303.9	13.03	1433	0
23.025	93	7	0	0	0	317.3	294.8	317.3	294.8	327.5	303.9	13.65	1404	0
23.275	94	2	0	0	0	320.9	297.3	320.9	297.3	327.5	307.4	11.99	1426	0
23.275	94	4	0	334.7	302.9	321.3	297.3	321.3	297.3	327.5	307.4	11.77	1451	0
23.275	94	0	0	0	0	320.3	296.7	320.3	296.7	327.5	307.4	12.85	1408	0
23.275	94	6	0	0	0	320.8	296.7	320.8	296.7	327.5	307.4	12.59	1431	0
23.275	94	3	0	333	318.2	321.2	297.4	321.2	297.4	327.5	307.4	11.75	1441	0
23.275	94	1	0	0	0	320.6	297	320.6	297	327.5	307.4	12.45	1413	0
23.275	94	5	0	325.6	292.8	321.1	297	321.1	297	327.5	307.4	12.14	1445	0
23.275	94	7	0	0	0	320.5	296.6	320.5	296.6	327.5	307.4	12.85	1417	0
23.525	95	2	0	0	0	324.6	298.9	324.6	298.9	331.2	306.5	10.16	1436	0
23.525	95	4	0	337.3	308.5	325	299.2	325	299.2	331.2	306.5	9.664	1461	0
23.525	95	0	0	0	0	323.9	298.6	323.9	298.6	331.2	306.5	10.83	1419	0
23.525	95	6	0	0	0	324.4	298.9	324.4	298.9	331.2	306.5	10.29	1442	0
23.525	95	3	0	339.5	302.2	324.9	299.1	324.9	299.1	331.2	306.5	9.811	1451	0
23.525	95	1	0	0	0	324.2	298.7	324.2	298.7	331.2	306.5	10.57	1424	0
23.525	95	5	0	332.5	303.9	324.8	299.1	324.8	299.1	331.2	306.5	9.89	1455	0
23.525	95	7	0	0	0	324.1	298.7	324.1	298.7	331.2	306.5	10.66	1427	0
23.775	96	2	0	0	0	328.7	300.7	328.7	300.7	337.5	310.4	13.07	1449	0
23.775	96	4	0	346.6	310.6	329	301.1	329	301.1	337.5	310.4	12.57	1473	0
23.775	96	0	0	0	0	327.8	300.5	327.8	300.5	337.5	310.4	13.86	1433	0
23.775	96	6	0	0	0	328.2	300.8	328.2	300.8	337.5	310.4	13.3	1455	0
23.775	96	3	0	347	303.7	329	300.9	329	300.9	337.5	310.4	12.71	1464	0
23.775	96	1	0	0	0	328.2	300.5	328.2	300.5	337.5	310.4	13.54	1437	0
23.775	96	5	0	330.1	306.9	328.7	301	328.7	301	337.5	310.4	12.85	1467	0
23.775	96	7	0	0	0	327.9	300.6	327.9	300.6	337.5	310.4	13.7	1441	0
24.025	97	2	0	0	0	331.8	305	331.8	305	335.2	312.8	8.534	1458	0
24.025	97	4	0	342.8	311.2	332	305.3	332	305.3	335.2	312.8	8.149	1481	0
24.025	97	0	0	0	0	331.1	304.2	331.1	304.2	335.2	312.8	9.545	1442	0
24.025	97	6	0	0	0	331.4	304.5	331.4	304.5	335.2	312.8	9.098	1464	0
24.025	97	3	0	347.7	330.4	332	305.2	332	305.2	335.2	312.8	8.192	1472	0
24.025	97	1	0	0	0	331.4	304.5	331.4	304.5	335.2	312.8	9.096	1446	0
24.025	97	5	0	334.8	312	331.8	305	331.8	305	335.2	312.8	8.552	1476	0
24.025	97	7	0	0	0	331.1	304.2	331.1	304.2	335.2	312.8	9.477	1450	0
24.275	98	2	0	0	0	334.6	307.4	334.6	307.4	340	313.9	8.445	1466	0
24.275	98	4	0	350.6	320.8	334.8	307.9	334.8	307.9	340	313.9	7.945	1489	0
24.275	98	0	0	0	0	333.9	307	333.9	307	340	313.9	9.198	1451	0
24.275	98	6	0	0	0	334.1	307.5	334.1	307.5	340	313.9	8.655	1473	0
24.275	98	3	0	349.8	309.8	334.8	307.7	334.8	307.7	340	313.9	8.082	1480	0
24.275	98	1	0	0	0	334.2	307.1	334.2	307.1	340	313.9	8.898	1455	0
24.275	98	5	0	328.9	318.6	334.5	307.8	334.5	307.8	340	313.9	8.215	1484	0
24.275	98	7	0	0	0	333.9	307.2	333.9	307.2	340	313.9	9.041	1459	0
24.525	99	2	0	0	0	334.5	308.9	334.5	308.9	337.4	315.2	6.894	1473	0
24.525	99	4	0	329.9	308.4	334.8	309	334.8	309	337.4	315.2	6.706	1496	0
24.525	99	0	0	0	0	334.7	308.6	334.7	308.6	337.4	315.2	7.128	1458	0
24.525	99	6	0	0	0	334.9	308.7	334.9	308.7	337.4	315.2	6.93	1479	0
24.525	99	3	0	329.8	320	334.6	309	334.6	309	337.4	315.2	6.764	1487	0
24.525	99	1	0	0	0	334.6	308.7	334.6	308.7	337.4	315.2	7.039	1462	0
24.525	99	5	0	349.5	311.2	334.9	308.8	334.9	308.8	337.4	315.2	6.787	1491	0
24.525	99	7	0	0	0	334.8	308.6	334.8	308.6	337.4	315.2	7.064	1467	0
24.775	100	2	0	0	0	336.4	309.5	336.4	309.5	339.4	319.1	10.01	1483	0
24.775	100	4	0	349.1	318.3	336.6	309.7	336.6	309.7	339.4	319.1	9.805	1506	0
24.775	100	0	0	0	0	336.1	309.4	336.1	309.4	339.4	319.1	10.25	1469	0
24.775	100	6	0	0	0	336.3	309.6	336.3	309.6	339.4	319.1	10.02	1490	0
24.775	100	3	0	340.6	308.3	336.6	309.6	336.6	309.6	339.4	319.1	9.871	1497	0
24.775	100	1	0	0	0	336.2	309.4	336.2	309.4	339.4	319.1	10.16	1472	0
24.775	100	5	0	335	309.1	336.5	309.6	336.5	309.6	339.4	319.1	9.879	1501	0
24.775	100	7	0	0	0	336.2	309.4	336.2	309.4	339.4	319.1	10.17	1477	0
25.025	101	2	0	0	0	337.3	312.4	337.3	312.4	340.8	320.8	9.059	1492	0
25.025	101	4	0	335.3	318	337.5	313	337.5	313	340.8	320.8	8.469	1514	0
25.025	101	0	0	0	0	337.2	312.2	337.2	312.2	340.8	320.8	9.348	1478	0
25.025	101	6	0	0	0	337.4	312.8	337.4	312.8	340.8	320.8	8.721	1498	0
25.025	101	3	0	342.1	318.2	337.4	312.8	337.4	312.8	340.8	320.8	8.718	1505	0
25.025	101	1	0	0	0	337.2	312.2	337.2	312.2	340.8	320.8	9.3	1482	0
25.025	101	5	0	344.8	333	337.5	313	337.5	313	340.8	320.8	8.502	1509	0
25.025	101	7	0	0	0	337.3	312.5	337.3	312.5	340.8	320.8	9.072	1486	0
25.275	102	2	0	0	0	340.3	315.6	340.3	315.6	344.7	326.2	11.46	1504	0
25.275	102	4	0	351.7	341.3	340.5	316.1	340.5	316.1	344.7	326.2	10.88	1525	0
25.275	102	0	0	0	0	339.6	315	339.6	315	344.7	326.2	12.25	1490	0
25.275	102	6	0	0	0	339.9	315.6	339.9	315.6	344.7	326.2	11.63	1510	0
25.275	102	3	0	355.1	318.3	340.5	316	340.5	316	344.7	326.2	11.06	1517	0
25.275	102	1	0	0	0	339.9	315.2	339.9	315.2	344.7	326.2	11.94	1494	0
25.275	102	5	0	0	0	340.2	316	340.2	316	344.7	326.2	11.15	1521	0
25.275	102	7	0	0	0	339.7	315.2	339.7	315.2	344.7	326.2	12.06	1498	0
25.525	103	2	0	0	0	341.6	315.7	341.6	315.7	349.5	324.5	11.81	1515	0
25.525	103	4	0	346.5	313.3	341.7	315.7	341.7	315.7	349.5	324.5	11.73	1537	0
25.525	103	0	0	0	0	341.2	315.6	341.2	315.6	349.5	324.5	12.13	1502	0
25.525	103	6	0	0	0	341.4	315.6	341.4	315.6	349.5	324.5	12.05	1522	0
25.525	103	3	0	350.1	318.6	341.7	315.7	341.7	315.7	349.5	324.5	11.72	1528	0
25.525	103	1	0	0	0	341.4	315.7	341.4	315.7	349.5	324.5	11.98	1506	0
25.525	103	5	0	0	0	341.6	315.7	341.6	315.7	349.5	324.5	11.87	1532	0
25.525	103	7	0	0	0	341.2	315.6	341.2	315.6	349.5	324.5	12.14	1510	0
25.775	104	2	0	0	0	344.4	317.2	344.4	317.2	347	326.7	9.849	1525	0
25.775	104	4	0	374.3	324.1	344.9	317.4	344.9	317.4	347	326.7	9.585	1546	0
25.775	104	0	0	0	0	343.8	316.9	343.8	316.9	347	326.7	10.32	1513	0
25.775	104	6	0	0	0	344.4	317	344.4	317	347	326.7	10.02	1532	0
25.775	104	3	0	342	324.5	344.7	317.3	344.7	317.3	347	326.7	9.647	1538	0
25.775	104	1	0	0	0	344	317	344	317	347	326.7	10.13	1516	0
25.775	104	5	0	0	0	344.8	317.2	344.8	317.2	347	326.7	9.754	1542	0
25.775	104	7	0	0	0	344.1	316.9	344.1	316.9	347	326.7	10.24	1520	0
26.025	105	2	0	0	0	343	317.2	343	317.2	344.7	323.9	6.956	1532	0
26.025	105	4	0	349.8	304.7	343.3	317.2	343.3	317.2	344.7	323.9	6.845	1553	0
26.025	105	0	0	0	0	343.4	317.3	343.4	317.3	344.7	323.9	6.782	1520	0
26.025	105	6	0	0	0	343.6	317.3	343.6	317.3	344.7	323.9	6.685	1539	0
26.025	105	3	0	322.1	320.8	343.1	317.2	343.1	317.2	344.7	323.9	6.925	1545	0
26.025	105	1	0	0	0	343.1	317.2	343.1	317.2	344.7	323.9	6.886	1523	0
26.025	105	5	0	347.3	328.4	343.5	317.3	343.5	317.3	344.7	323.9	6.749	1549	0
26.025	105	7	0	0	0	343.6	317.3	343.6	317.3	344.7	323.9	6.706	1527	0
26.275	106	2	0	0	0	343.2	320.7	343.2	320.7	347.8	328.9	9.407	1542	0
26.275	106	4	0	343.7	323.5	343.3	320.8	343.3	320.8	347.8	328.9	9.341	1563	0
26.275	106	0	0	0	0	343.3	319.9	343.3	319.9	347.8	328.9	10.1	1530	0
26.275	106	6	0	0	0	343.3	320	343.3	320	347.8	328.9	10.02	1549	0
26.275	106	3	0	342.6	347.8	343.3	320.9	343.3	320.9	347.8	328.9	9.274	1554	0
26.275	106	1	0	0	0	343.3	320.3	343.3	320.3	347.8	328.9	9.755	1532	0
26.275	106	5	0	0	0	343.3	320.4	343.3	320.4	347.8	328.9	9.659	1559	0
26.275	106	7	0	0	0	343.3	319.8	343.3	319.8	347.8	328.9	10.17	1537	0
26.525	107	2	0	0	0	344.3	322.4	344.3	322.4	351.9	334.9	14.68	1556	0
26.525	107	4	0	353.6	341.8	344.5	322.8	344.5	322.8	351.9	334.9	14.23	1577	0
26.525	107	0	0	0	0	344.1	322	344.1	322	351.9	334.9	15.17	1545	0
26.525	107	6	0	0	0	344.3	322.4	344.3	322.4	351.9	334.9	14.7	1563	0
26.525	107	3	0	0	0	344.4	322.7	344.4	322.7	351.9	334.9	14.37	1568	0
26.525	107	1	0	0	0	344.1	322.1	344.1	322.1	351.9	334.9	14.99	1547	0
26.525	107	5	0	0	0	344.4	322.7	344.4	322.7	351.9	334.9	14.39	1573	0
26.525	107	7	0	0	0	344.2	322.1	344.2	322.1	351.9	334.9	15.01	1552	0
26.775	108	2	0	0	0	343.8	323.5	343.8	323.5	350.4	334.9	13.23	1570	0
26.775	108	4	0	339.1	333.5	343.7	323.7	343.7	323.7	350.4	334.9	13.05	1590	0
26.775	108	0	0	0	0	343.9	323.2	343.9	323.2	350.4	334.9	13.4	1558	0
26.775	108	6	0	0	0	343.8	323.5	343.8	323.5	350.4	334.9	13.22	1577	0
26.775	108	3	0	0	0	343.7	323.6	343.7	323.6	350.4	334.9	13.11	1582	0
26.775	108	1	0	0	0	343.8	323.3	343.8	323.3	350.4	334.9	13.34	1561	0
26.775	108	5	0	0	0	343.7	323.6	343.7	323.6	350.4	334.9	13.11	1586	0
26.775	108	7	0	0	0	343.8	323.3	343.8	323.3	350.4	334.9	13.34	1565	0
27.025	109	2	0	0	0	344.8	323.6	344.8	323.6	353.6	334.2	13.73	1583	0
27.025	109	4	0	355	324.6	345	323.6	345	323.6	353.6	334.2	13.57	1604	0
27.025	109	0	0	0	0	344.6	323.5	344.6	323.5	353.6	334.2	13.89	1572	0
27.025	109	6	0	0	0	344.9	323.6	344.9	323.6	353.6	334.2	13.72	1590	0
27.025	109	3	0	0	0	345	323.6	345	323.6	353.6	334.2	13.63	1595	0
27.025	109	1	0	0	0	344.7	323.5	344.7	323.5	353.6	334.2	13.84	1575	0
27.025	109	5	0	0	0	345	323.6	345	323.6	353.6	334.2	13.62	1600	0
27.025	109	7	0	0	0	344.7	323.5	344.7	323.5	353.6	334.2	13.83	1579	0
27.275	110	2	0	0	0	346.1	324.2	346.1	324.2	352.1	339.9	16.85	1600	0
27.275	110	4	0	358	330.1	346.4	324.3	346.4	324.3	352.1	339.9	16.64	1620	0
27.275	110	0	0	0	0	345.8	324.1	345.8	324.1	352.1	339.9	17.06	1589	0
27.275	110	6	0	0	0	346.1	324.2	346.1	324.2	352.1	339.9	16.84	1607	0
27.275	110	3	0	0	0	346.3	324.3	346.3	324.3	352.1	339.9	16.72	1612	0
27.275	110	1	0	0	0	345.9	324.1	345.9	324.1	352.1	339.9	16.99	1592	0
27.275	110	5	0	0	0	346.3	324.3	346.3	324.3	352.1	339.9	16.71	1616	0
27.275	110	7	0	0	0	345.9	324.1	345.9	324.1	352.1	339.9	16.98	1596	0
27.525	111	2	0	0	0	346.4	324	346.4	324	353.7	341.1	18.56	1619	0
27.525	111	4	0	349	322.3	346.5	324	346.5	324	353.7	341.1	18.55	1639	0
27.525	111	0	0	0	0	346.3	324	346.3	324	353.7	341.1	18.57	1608	0
27.525	111	6	0	0	0	346.4	324	346.4	324	353.7	341.1	18.56	1626	0
27.525	111	3	0	0	0	346.4	324	346.4	324	353.7	341.1	18.55	1630	0
27.525	111	1	0	0	0	346.3	324	346.3	324	353.7	341.1	18.56	1610	0
27.525	111	5	0	0	0	346.4	324	346.4	324	353.7	341.1	18.55	1635	0
27.525	111	7	0	0	0	346.3	324	346.3	324	353.7	341.1	18.56	1615	0
27.775	112	2	0	0	0	349.8	326.5	349.8	326.5	360.5	339.4	16.71	1635	0
27.775	112	4	0	382.3	350.7	350.5	327	350.5	327	360.5	339.4	15.89	1655	0
27.775	112	0	0	0	0	349.1	326.1	349.1	326.1	360.5	339.4	17.5	1625	0
27.775	112	6	0	0	0	349.8	326.6	349.8	326.6	360.5	339.4	16.65	1642	0
27.775	112	3	0	0	0	350.2	326.9	350.2	326.9	360.5	339.4	16.18	1647	0
27.775	112	1	0	0	0	349.3	326.2	349.3	326.2	360.5	339.4	17.23	1627	0
27.775	112	5	0	0	0	350.3	326.9	350.3	326.9	360.5	339.4	16.14	1651	0
27.775	112	7	0	0	0	349.4	326.2	349.4	326.2	360.5	339.4	17.19	1632	0
28.025	113	2	0	0	0	349.4	328.1	349.4	328.1	365.9	345.2	23.83	1659	0
28.025	113	4	0	345	342.7	349.3	328.4	349.3	328.4	365.9	345.2	23.6	1678	0
28.025	113	0	0	0	0	349.4	327.8	349.4	327.8	365.9	345.2	24.06	1649	0
28.025	113	6	0	0	0	349.4	328.1	349.4	328.1	365.9	345.2	23.81	1666	0
28.025	113	3	0	0	0	349.3	328.3	349.3	328.3	365.9	345.2	23.68	1670	0
28.025	113	1	0	0	0	349.4	327.9	349.4	327.9	365.9	345.2	23.98	1651	0
28.025	113	5	0	0	0	349.3	328.3	349.3	328.3	365.9	345.2	23.67	1675	0
28.025	113	7	0	0	0	349.4	327.9	349.4	327.9	365.9	345.2	23.97	1656	0
28.275	114	2	0	0	0	350.8	330.9	350.8	330.9	369.9	344.4	23.38	1683	0
28.275	114	4	0	364.2	357.5	351	331.5	351	331.5	369.9	344.4	22.82	1701	0
28.275	114	0	0	0	0	350.5	330.3	350.5	330.3	369.9	344.4	23.93	1673	0
28.275	114	6	0	0	0	350.8	330.9	350.8	330.9	369.9	344.4	23.34	1689	0
28.275	114	3	0	0	0	350.9	331.3	350.9	331.3	369.9	344.4	23.02	1693	0
28.275	114	1	0	0	0	350.6	330.5	350.6	330.5	369.9	344.4	23.74	1675	0
28.275	114	5	0	0	0	351	331.3	351	331.3	369.9	344.4	22.99	1698	0
28.275	114	7	0	0	0	350.6	330.5	350.6	330.5	369.9	344.4	23.72	1680	0
28.525	115	2	0	0	0	353.6	333.1	353.6	333.1	371.5	347.5	23.03	1706	0
28.525	115	4	0	380.3	353.5	354.2	333.5	354.2	333.5	371.5	347.5	22.28	1723	0
28.525	115	0	0	0	0	353	332.6	353	332.6	371.5	347.5	23.76	1697	0
28.525	115	6	0	0	0	353.6	333.1	353.6	333.1	371.5	347.5	22.98	1712	0
28.525	115	3	0	0	0	353.9	333.4	353.9	333.4	371.5	347.5	22.54	1716	0
28.525	115	1	0	0	0	353.2	332.7	353.2	332.7	371.5	347.5	23.51	1699	0
28.525	115	5	0	0	0	354	333.4	354	333.4	371.5	347.5	22.51	1720	0
28.525	115	7	0	0	0	353.2	332.8	353.2	332.8	371.5	347.5	23.48	1703	0
28.775	116	2	0	0	0	356	336	356	336	377.7	349	25.24	1731	0
28.775	116	4	0	379	363.7	356.5	336.6	356.5	336.6	377.7	349	24.47	1748	0
28.775	116	0	0	0	0	355.5	335.4	355.5	335.4	377.7	349	25.99	1723	0
28.775	116	6	0	0	0	356	336	356	336	377.7	349	25.19	1738	0
28.775	116	3	0	0	0	356.3	336.4	356.3	336.4	377.7	349	24.74	1741	0
28.775	116	1	0	0	0	355.7	335.6	355.7	335.6	377.7	349	25.74	1724	0
28.775	116	5	0	0	0	356.4	336.4	356.4	336.4	377.7	349	24.71	1745	0
28.775	116	7	0	0	0	355.7	335.6	355.7	335.6	377.7	349	25.7	1729	0
29.025	117	2	0	0	0	358.7	339	358.7	339	382	353.5	27.41	1758	0
29.025	117	4	0	384.6	367.3	359.3	339.6	359.3	339.6	382	353.5	26.57	1774	0
29.025	117	0	0	0	0	358.2	338.3	358.2	338.3	382	353.5	28.22	1751	0
29.025	117	6	0	0	0	358.8	339	358.8	339	382	353.5	27.35	1765	0
29.025	117	3	0	0	0	359.1	339.4	359.1	339.4	382	353.5	26.86	1768	0
29.025	117	1	0	0	0	358.4	338.6	358.4	338.6	382	353.5	27.95	1752	0
29.025	117	5	0	0	0	359.1	339.4	359.1	339.4	382	353.5	26.83	1772	0
29.025	117	7	0	0	0	358.4	338.6	358.4	338.6	382	353.5	27.91	1757	0
29.275	118	2	0	0	0	360.8	339.3	360.8	339.3	379	355.1	24.03	1782	0
29.275	118	4	0	380.8	342.4	361.3	339.4	361.3	339.4	379	355.1	23.6	1798	0
29.275	118	0	0	0	0	360.4	339.2	360.4	339.2	379	355.1	24.46	1776	0
29.275	118	6	0	0	0	360.9	339.3	360.9	339.3	379	355.1	24	1789	0
29.275	118	3	0	0	0	361.2	339.4	361.2	339.4	379	355.1	23.75	1791	0
29.275	118	1	0	0	0	360.5	339.2	360.5	339.2	379	355.1	24.31	1777	0
29.275	118	5	0	0	0	361.2	339.4	361.2	339.4	379	355.1	23.73	1796	0
29.275	118	7	0	0	0	360.6	339.2	360.6	339.2	379	355.1	24.29	1781	0
29.525	119	2	0	0	0	363.9	340.9	363.9	340.9	382.7	352.4	22.1	1804	0
29.525	119	4	0	392.6	356.1	364.5	341.2	364.5	341.2	382.7	352.4	21.38	1819	0
29.525	119	0	0	0	0	363.3	340.6	363.3	340.6	382.7	352.4	22.79	1798	0
29.525	119	6	0	0	0	363.9	340.9	363.9	340.9	382.7	352.4	22.05	1811	0
29.525	119	3	0	0	0	364.3	341.1	364.3	341.1	382.7	352.4	21.63	1813	0
29.525	119	1	0	0	0	363.5	340.7	363.5	340.7	382.7	352.4	22.56	1799	0
29.525	119	5	0	0	0	364.3	341.1	364.3	341.1	382.7	352.4	21.6	1817	0
29.525	119	7	0	0	0	363.5	340.7	363.5	340.7	382.7	352.4	22.52	1804	0
29.775	120	2	0	0	0	367.1	343.2	367.1	343.2	385.5	356	22.5	1827	0
29.775	120	4	0	397.3	364.6	367.8	343.6	367.8	343.6	385.5	356	21.66	1841	0
29.775	120	0	0	0	0	366.4	342.7	366.4	342.7	385.5	356	23.3	1822	0
29.775	120	6	0	0	0	367.1	343.2	367.1	343.2	385.5	356	22.44	1833	0
29.775	120	3	0	0	0	367.5	343.5	367.5	343.5	385.5	356	21.95	1835	0
29.775	120	1	0	0	0	366.6	342.9	366.6	342.9	385.5	356	23.03	1822	0
29.775	120	5	0	0	0	367.6	343.5	367.6	343.5	385.5	356	21.91	1839	0
29.775	120	7	0	0	0	366.7	342.9	366.7	342.9	385.5	356	22.99	1827	0
30.025	121	2	0	0	0	370.1	344.8	370.1	344.8	387.3	356.5	20.81	1848	0
30.025	121	4	0	399	359.8	370.8	345.1	370.8	345.1	387.3	356.5	20.06	1861	0
30.025	121	0	0	0	0	369.5	344.4	369.5	344.4	387.3	356.5	21.53	1843	0
30.025	121	6	0	0	0	370.2	344.8	370.2	344.8	387.3	356.5	20.75	1854	0
30.025	121	3	0	0	0	370.6	345	370.6	345	387.3	356.5	20.32	1855	0
30.025	121	1	0	0	0	369.7	344.5	369.7	344.5	387.3	356.5	21.29	1843	0
30.025	121	5	0	0	0	370.6	345	370.6	345	387.3	356.5	20.28	1859	0
30.025	121	7	0	0	0	369.7	344.5	369.7	344.5	387.3	356.5	21.25	1848	0
30.275	122	2	0	0	0	372.5	345.7	372.5	345.7	388.7	361.2	22.37	1870	0
30.275	122	4	0	395.4	354.8	373.1	345.9	373.1	345.9	388.7	361.2	21.83	1883	0
30.275	122	0	0	0	0	372	345.5	372	345.5	388.7	361.2	22.89	1866	0
30.275	122	6	0	0	0	372.6	345.7	372.6	345.7	388.7	361.2	22.33	1877	0
30.275	122	3	0	0	0	372.9	345.9	372.9	345.9	388.7	361.2	22.02	1877	0
30.275	122	1	0	0	0	372.2	345.6	372.2	345.6	388.7	361.2	22.72	1866	0
30.275	122	5	0	0	0	372.9	345.9	372.9	345.9	388.7	361.2	22	1881	0
30.275	122	7	0	0	0	372.2	345.6	372.2	345.6	388.7	361.2	22.69	1871	0
30.525	123	2	0	0	0	374.5	347.5	374.5	347.5	389.3	364.9	22.87	1893	0
30.525	123	4	0	392.5	364.2	374.9	347.8	374.9	347.8	389.3	364.9	22.32	1905	0
30.525	123	0	0	0	0	374	347.1	374	347.1	389.3	364.9	23.41	1890	0
30.525	123	6	0	0	0	374.5	347.5	374.5	347.5	389.3	364.9	22.83	1899	0
30.525	123	3	0	0	0	374.7	347.7	374.7	347.7	389.3	364.9	22.51	1900	0
30.525	123	1	0	0	0	374.2	347.2	374.2	347.2	389.3	364.9	23.23	1889	0
30.525	123	5	0	0	0	374.7	347.7	374.7	347.7	389.3	364.9	22.49	1904	0
30.525	123	7	0	0	0	374.2	347.3	374.2	347.3	389.3	364.9	23.2	1894	0
30.775	124	2	0	0	0	376.1	349	376.1	349	389.1	366.1	21.48	1914	0
30.775	124	4	0	392	363.1	376.5	349.3	376.5	349.3	389.1	366.1	20.99	1926	0
30.775	124	0	0	0	0	375.8	348.7	375.8	348.7	389.1	366.1	21.95	1912	0
30.775	124	6	0	0	0	376.2	349	376.2	349	389.1	366.1	21.44	1921	0
30.775	124	3	0	0	0	376.4	349.2	376.4	349.2	389.1	366.1	21.16	1921	0
30.775	124	1	0	0	0	375.9	348.8	375.9	348.8	389.1	366.1	21.79	1911	0
30.775	124	5	0	0	0	376.4	349.2	376.4	349.2	389.1	366.1	21.14	1925	0
30.775	124	7	0	0	0	375.9	348.8	375.9	348.8	389.1	366.1	21.76	1915	0
31.025	125	2	0	0	0	379.1	352	379.1	352	393.9	369.5	22.85	1937	0
31.025	125	4	0	407.5	380.7	379.7	352.6	379.7	352.6	393.9	369.5	21.97	1948	0
31.025	125	0	0	0	0	378.5	351.4	378.5	351.4	393.9	369.5	23.7	1935	0
31.025	125	6	0	0	0	379.2	352	379.2	352	393.9	369.5	22.79	1944	0
31.025	125	3	0	0	0	379.5	352.4	379.5	352.4	393.9	369.5	22.28	1943	0
31.025	125	1	0	0	0	378.7	351.6	378.7	351.6	393.9	369.5	23.42	1935	0
31.025	125	5	0	0	0	379.6	352.4	379.6	352.4	393.9	369.5	22.24	1947	0
31.025	125	7	0	0	0	378.8	351.6	378.8	351.6	393.9	369.5	23.37	1939	0
31.275	126	2	0	0	0	381.7	354.8	381.7	354.8	398	370	22.37	1960	0
31.275	126	4	0	405.6	380.9	382.2	355.4	382.2	355.4	398	370	21.56	1970	0
31.275	126	0	0	0	0	381.1	354.2	381.1	354.2	398	370	23.16	1958	0
31.275	126	6	0	0	0	381.7	354.8	381.7	354.8	398	370	22.31	1966	0
31.275	126	3	0	0	0	382	355.1	382	355.1	398	370	21.84	1965	0
31.275	126	1	0	0	0	381.3	354.4	381.3	354.4	398	370	22.9	1957	0
31.275	126	5	0	0	0	382	355.2	382	355.2	398	370	21.81	1969	0
31.275	126	7	0	0	0	381.3	354.4	381.3	354.4	398	370	22.86	1962	0
31.525	127	2	0	0	0	383	357.4	383	357.4	396.7	371.3	19.48	1979	0
31.525	127	4	0	395.5	382.2	383.3	358	383.3	358	396.7	371.3	18.85	1989	0
31.525	127	0	0	0	0	382.7	356.8	382.7	356.8	396.7	371.3	20.08	1978	0
31.525	127	6	0	0	0	383	357.4	383	357.4	396.7	371.3	19.43	1985	0
31.525	127	3	0	0	0	383.2	357.8	383.2	357.8	396.7	371.3	19.07	1984	0
31.525	127	1	0	0	0	382.8	357	382.8	357	396.7	371.3	19.88	1977	0
31.525	127	5	0	0	0	383.2	357.8	383.2	357.8	396.7	371.3	19.04	1988	0
31.525	127	7	0	0	0	382.8	357	382.8	357	396.7	371.3	19.85	1982	0
31.775	128	2	0	0	0	384.7	359.4	384.7	359.4	400	377.9	23.94	2003	0
31.775	128	4	0	401.4	378.9	385.1	359.9	385.1	359.9	400	377.9	23.35	2012	0
31.775	128	0	0	0	0	384.4	359	384.4	359	400	377.9	24.51	2003	0
31.775	128	6	0	0	0	384.8	359.5	384.8	359.5	400	377.9	23.9	2009	0
31.775	128	3	0	0	0	385	359.7	385	359.7	400	377.9	23.56	2008	0
31.775	128	1	0	0	0	384.5	359.2	384.5	359.2	400	377.9	24.32	2002	0
31.775	128	5	0	0	0	385	359.8	385	359.8	400	377.9	23.53	2012	0
31.775	128	7	0	0	0	384.5	359.2	384.5	359.2	400	377.9	24.29	2006	0
32.025	129	2	0	0	0	385.9	361	385.9	361	400	378.8	22.74	2026	0
32.025	129	4	0	396.7	375.7	386.1	361.3	386.1	361.3	400	378.8	22.3	2034	0
32.025	129	0	0	0	0	385.6	360.7	385.6	360.7	400	378.8	23.15	2026	0
32.025	129	6	0	0	0	385.9	361	385.9	361	400	378.8	22.7	2032	0
32.025	129	3	0	0	0	386.1	361.2	386.1	361.2	400	378.8	22.45	2030	0
32.025	129	1	0	0	0	385.7	360.8	385.7	360.8	400	378.8	23.01	2025	0
32.025	129	5	0	0	0	386.1	361.2	386.1	361.2	400	378.8	22.43	2034	0
32.025	129	7	0	0	0	385.7	360.8	385.7	360.8	400	378.8	22.99	2029	0
32.275	130	2	0	0	0	388.4	364	388.4	364	400	379	18.94	2045	0
32.275	130	4	0	412.7	392.5	389	364.6	389	364.6	400	379	18.13	2052	0
32.275	130	0	0	0	0	387.9	363.4	387.9	363.4	400	379	19.73	2046	0
32.275	130	6	0	0	0	388.5	364	388.5	364	400	379	18.89	2051	0
32.275	130	3	0	0	0	388.8	364.4	388.8	364.4	400	379	18.41	2048	0
32.275	130	1	0	0	0	388.1	363.6	388.1	363.6	400	379	19.47	2044	0
32.275	130	5	0	0	0	388.8	364.4	388.8	364.4	400	379	18.38	2052	0
32.275	130	7	0	0	0	388.1	363.6	388.1	363.6	400	379	19.43	2048	0
32.525	131	2	0	0	0	389.4	366.5	389.4	366.5	395.3	379.9	14.58	2059	0
32.525	131	4	0	398	390.7	389.6	367.1	389.6	367.1	395.3	379.9	13.98	2066	0
32.525	131	0	0	0	0	389.1	366	389.1	366	395.3	379.9	15.16	2061	0
32.525	131	6	0	0	0	389.4	366.6	389.4	366.6	395.3	379.9	14.54	2065	0
32.525	131	3	0	0	0	389.5	366.9	389.5	366.9	395.3	379.9	14.19	2063	0
32.525	131	1	0	0	0	389.2	366.2	389.2	366.2	395.3	379.9	14.97	2059	0
32.525	131	5	0	0	0	389.5	366.9	389.5	366.9	395.3	379.9	14.16	2067	0
32.525	131	7	0	0	0	389.2	366.2	389.2	366.2	395.3	379.9	14.94	2063	0
32.775	132	2	0	0	0	389.3	368.8	389.3	368.8	391.6	384.7	16.13	2075	0
32.775	132	4	0	388.6	389.7	389.3	369.3	389.3	369.3	391.6	384.7	15.65	2082	0
32.775	132	0	0	0	0	389.3	368.3	389.3	368.3	391.6	384.7	16.6	2078	0
32.775	132	6	0	0	0	389.3	368.8	389.3	368.8	391.6	384.7	16.09	2081	0
32.775	132	3	0	0	0	389.3	369.1	389.3	369.1	391.6	384.7	15.82	2078	0
32.775	132	1	0	0	0	389.3	368.5	389.3	368.5	391.6	384.7	16.44	2076	0
32.775	132	5	0	0	0	389.3	369.1	389.3	369.1	391.6	384.7	15.79	2082	0
32.775	132	7	0	0	0	389.3	368.5	389.3	368.5	391.6	384.7	16.42	2080	0
33.025	133	2	0	0	0	390	370.8	390	370.8	387.4	384.8	14.31	2090	0
33.025	133	4	0	396.5	389.8	390.1	371.2	390.1	371.2	387.4	384.8	13.9	2096	0
33.025	133	0	0	0	0	389.9	370.3	389.9	370.3	387.4	384.8	14.7	2092	0
33.025	133	6	0	0	0	390	370.8	390	370.8	387.4	384.8	14.28	2096	0
33.025	133	3	0	0	0	390.1	371.1	390.1	371.1	387.4	384.8	14.04	2093	0
33.025	133	1	0	0	0	389.9	370.5	389.9	370.5	387.4	384.8	14.57	2090	0
33.025	133	5	0	0	0	390.1	371.1	390.1	371.1	387.4	384.8	14.02	2096	0
33.025	133	7	0	0	0	389.9	370.5	389.9	370.5	387.4	384.8	14.55	2094	0
33.275	134	2	0	0	0	388.8	373	388.8	373	389.3	391.6	18.59	2108	0
33.275	134	4	0	377.9	394.1	388.6	373.5	388.6	373.5	389.3	391.6	18.11	2114	0
33.275	134	0	0	0	0	389.1	372.5	389.1	372.5	389.3	391.6	19.05	2111	0
33.275	134	6	0	0	0	388.8	373	388.8	373	389.3	391.6	18.55	2114	0
33.275	134	3	0	0	0	388.7	373.3	388.7	373.3	389.3	391.6	18.28	2111	0
33.275	134	1	0	0	0	389	372.7	389	372.7	389.3	391.6	18.89	2109	0
33.275	134	5	0	0	0	388.7	373.3	388.7	373.3	389.3	391.6	18.26	2115	0
33.275	134	7	0	0	0	389	372.7	389	372.7	389.3	391.6	18.87	2113	0
33.525	135	2	0	0	0	388.1	374.1	388.1	374.1	391.6	393.6	19.81	2128	0
33.525	135	4	0	380.6	384.6	387.9	374.4	387.9	374.4	391.6	393.6	19.59	2134	0
33.525	135	0	0	0	0	388.2	373.9	388.2	373.9	391.6	393.6	20.03	2131	0
33.525	135	6	0	0	0	388	374.1	388	374.1	391.6	393.6	19.8	2134	0
33.525	135	3	0	0	0	387.9	374.3	387.9	374.3	391.6	393.6	19.66	2130	0
33.525	135	1	0	0	0	388.2	374	388.2	374	391.6	393.6	19.96	2129	0
33.525	135	5	0	0	0	387.9	374.3	387.9	374.3	391.6	393.6	19.65	2134	0
33.525	135	7	0	0	0	388.2	374	388.2	374	391.6	393.6	19.95	2133	0
33.775	136	2	0	0	0	387.3	376.9	387.3	376.9	390.8	400	23.36	2152	0
33.775	136	4	0	380.4	403.3	387.2	377.5	387.2	377.5	390.8	400	22.82	2156	0
33.775	136	0	0	0	0	387.5	376.3	387.5	376.3	390.8	400	23.88	2155	0
33.775	136	6	0	0	0	387.3	376.9	387.3	376.9	390.8	400	23.32	2157	0
33.775	136	3	0	0	0	387.2	377.3	387.2	377.3	390.8	400	23	2153	0
33.775	136	1	0	0	0	387.4	376.5	387.4	376.5	390.8	400	23.7	2153	0
33.775	136	5	0	0	0	387.2	377.3	387.2	377.3	390.8	400	22.98	2157	0
33.775	136	7	0	0	0	387.4	376.6	387.4	376.6	390.8	400	23.68	2157	0
34.025	137	2	0	0	0	386.8	380.2	386.8	380.2	385.2	398	17.87	2169	0
34.025	137	4	0	381.7	411.7	386.7	380.9	386.7	380.9	385.2	398	17.16	2174	0
34.025	137	0	0	0	0	386.9	379.5	386.9	379.5	385.2	398	18.56	2174	0
34.025	137	6	0	0	0	386.8	380.3	386.8	380.3	385.2	398	17.82	2175	0
34.025	137	3	0	0	0	386.7	380.7	386.7	380.7	385.2	398	17.41	2171	0
34.025	137	1	0	0	0	386.9	379.8	386.9	379.8	385.2	398	18.33	2171	0
34.025	137	5	0	0	0	386.7	380.7	386.7	380.7	385.2	398	17.38	2175	0
34.025	137	7	0	0	0	386.9	379.8	386.9	379.8	385.2	398	18.3	2175	0
34.275	138	2	0	0	0	385.4	381	385.4	381	379.5	391.4	11.91	2181	0
34.275	138	4	0	372.4	388.4	385.1	381.2	385.1	381.2	379.5	391.4	11.58	2185	0
34.275	138	0	0	0	0	385.7	380.8	385.7	380.8	379.5	391.4	12.23	2186	0
34.275	138	6	0	0	0	385.4	381	385.4	381	379.5	391.4	11.89	2187	0
34.275	138	3	0	0	0	385.2	381.2	385.2	381.2	379.5	391.4	11.7	2183	0
34.275	138	1	0	0	0	385.6	380.9	385.6	380.9	379.5	391.4	12.13	2183	0
34.275	138	5	0	0	0	385.2	381.2	385.2	381.2	379.5	391.4	11.68	2186	0
34.275	138	7	0	0	0	385.6	380.9	385.6	380.9	379.5	391.4	12.11	2187	0
34.525	139	2	0	0	0	384.4	383.2	384.4	383.2	376.2	389.9	10.61	2192	0
34.525	139	4	0	375.3	404.1	384.2	383.7	384.2	383.7	376.2	389.9	10.16	2195	0
34.525	139	0	0	0	0	384.7	382.8	384.7	382.8	376.2	389.9	11.05	2197	0
34.525	139	6	0	0	0	384.4	383.3	384.4	383.3	376.2	389.9	10.58	2198	0
34.525	139	3	0	0	0	384.3	383.5	384.3	383.5	376.2	389.9	10.32	2193	0
34.525	139	1	0	0	0	384.6	382.9	384.6	382.9	376.2	389.9	10.9	2194	0
34.525	139	5	0	0	0	384.3	383.5	384.3	383.5	376.2	389.9	10.3	2197	0
34.525	139	7	0	0	0	384.6	383	384.6	383	376.2	389.9	10.88	2198	0
34.775	140	2	0	0	0	385.5	384	385.5	384	370.3	383	15.19	2207	0
34.775	140	4	0	395.7	391.4	385.7	384.2	385.7	384.2	370.3	383	15.4	2211	0
34.775	140	0	0	0	0	385.3	383.8	385.3	383.8	370.3	383	15	2212	0
34.775	140	6	0	0	0	385.5	384	385.5	384	370.3	383	15.21	2213	0
34.775	140	3	0	0	0	385.6	384.1	385.6	384.1	370.3	383	15.33	2208	0
34.775	140	1	0	0	0	385.4	383.9	385.4	383.9	370.3	383	15.07	2209	0
34.775	140	5	0	0	0	385.6	384.1	385.6	384.1	370.3	383	15.34	2212	0
34.775	140	7	0	0	0	385.4	383.9	385.4	383.9	370.3	383	15.08	2213	0
35.025	141	2	0	0	0	384.4	384.8	384.4	384.8	368.5	378.9	16.94	2224	0
35.025	141	4	0	373.3	392.1	384.1	385	384.1	385	368.5	378.9	16.8	2227	0
35.025	141	0	0	0	0	384.6	384.6	384.6	384.6	368.5	378.9	17.07	2229	0
35.025	141	6	0	0	0	384.3	384.8	384.3	384.8	368.5	378.9	16.93	2230	0
35.025	141	3	0	0	0	384.2	384.9	384.2	384.9	368.5	378.9	16.85	2225	0
35.025	141	1	0	0	0	384.5	384.7	384.5	384.7	368.5	378.9	17.03	2226	0
35.025	141	5	0	0	0	384.2	384.9	384.2	384.9	368.5	378.9	16.84	2229	0
35.025	141	7	0	0	0	384.5	384.7	384.5	384.7	368.5	378.9	17.02	2230	0
35.275	142	2	0	0	0	381.5	385	381.5	385	364.1	379.3	18.29	2242	0
35.275	142	4	0	353.8	386.7	380.9	385	380.9	385	364.1	379.3	17.74	2245	0
35.275	142	0	0	0	0	382	384.9	382	384.9	364.1	379.3	18.82	2248	0
35.275	142	6	0	0	0	381.4	385	381.4	385	364.1	379.3	18.25	2248	0
35.275	142	3	0	0	0	381.1	385	381.1	385	364.1	379.3	17.94	2243	0
35.275	142	1	0	0	0	381.8	384.9	381.8	384.9	364.1	379.3	18.64	2245	0
35.275	142	5	0	0	0	381	385	381	385	364.1	379.3	17.91	2247	0
35.275	142	7	0	0	0	381.8	384.9	381.8	384.9	364.1	379.3	18.61	2249	0
35.525	143	2	0	0	0	380.1	384.5	380.1	384.5	358.2	379.2	22.61	2265	0
35.525	143	4	0	367.8	380.4	379.8	384.5	379.8	384.5	358.2	379.2	22.29	2267	0
35.525	143	0	0	0	0	380.4	384.6	380.4	384.6	358.2	379.2	22.93	2271	0
35.525	143	6	0	0	0	380.1	384.5	380.1	384.5	358.2	379.2	22.59	2271	0
35.525	143	3	0	0	0	379.9	384.5	379.9	384.5	358.2	379.2	22.4	2265	0
35.525	143	1	0	0	0	380.3	384.6	380.3	384.6	358.2	379.2	22.82	2268	0
35.525	143	5	0	0	0	379.9	384.5	379.9	384.5	358.2	379.2	22.39	2269	0
35.525	143	7	0	0	0	380.3	384.6	380.3	384.6	358.2	379.2	22.81	2271	0
35.775	144	2	0	0	0	375	384.3	375	384.3	353	380.3	22.29	2287	0
35.775	144	4	0	325.6	382.4	373.9	384.3	373.9	384.3	353	380.3	21.24	2289	0
35.775	144	0	0	0	0	376	384.4	376	384.4	353	380.3	23.29	2294	0
35.775	144	6	0	0	0	374.9	384.3	374.9	384.3	353	380.3	22.21	2293	0
35.775	144	3	0	0	0	374.3	384.3	374.3	384.3	353	380.3	21.61	2287	0
35.775	144	1	0	0	0	375.6	384.4	375.6	384.4	353	380.3	22.95	2291	0
35.775	144	5	0	0	0	374.2	384.3	374.2	384.3	353	380.3	21.56	2291	0
35.775	144	7	0	0	0	375.6	384.4	375.6	384.4	353	380.3	22.9	2294	0
36.025	145	2	0	0	0	373.2	384.3	373.2	384.3	349.3	375.8	25.33	2313	0
36.025	145	4	0	356.4	383.7	372.7	384.3	372.7	384.3	349.3	375.8	24.91	2314	0
36.025	145	0	0	0	0	373.6	384.3	373.6	384.3	349.3	375.8	25.75	2320	0
36.025	145	6	0	0	0	373.1	384.3	373.1	384.3	349.3	375.8	25.3	2318	0
36.025	145	3	0	0	0	372.9	384.3	372.9	384.3	349.3	375.8	25.06	2312	0
36.025	145	1	0	0	0	373.4	384.3	373.4	384.3	349.3	375.8	25.61	2316	0
36.025	145	5	0	0	0	372.9	384.3	372.9	384.3	349.3	375.8	25.04	2316	0
36.025	145	7	0	0	0	373.4	384.3	373.4	384.3	349.3	375.8	25.59	2320	0
36.275	146	2	0	0	0	370.1	382.6	370.1	382.6	348.9	375.9	22.22	2335	0
36.275	146	4	0	341.2	366.7	369.5	382.3	369.5	382.3	348.9	375.9	21.51	2335	0
36.275	146	0	0	0	0	370.7	382.9	370.7	382.9	348.9	375.9	22.91	2343	0
36.275	146	6	0	0	0	370.1	382.6	370.1	382.6	348.9	375.9	22.17	2340	0
36.275	146	3	0	0	0	369.7	382.4	369.7	382.4	348.9	375.9	21.76	2334	0
36.275	146	1	0	0	0	370.5	382.8	370.5	382.8	348.9	375.9	22.68	2339	0
36.275	146	5	0	0	0	369.7	382.4	369.7	382.4	348.9	375.9	21.73	2337	0
36.275	146	7	0	0	0	370.5	382.8	370.5	382.8	348.9	375.9	22.64	2343	0
36.525	147	2	0	0	0	367.6	381.5	367.6	381.5	345.1	371.8	24.52	2359	0
36.525	147	4	0	343.8	370.7	367	381.2	367	381.2	345.1	371.8	23.91	2359	0
36.525	147	0	0	0	0	368.1	381.7	368.1	381.7	345.1	371.8	25.11	2368	0
36.525	147	6	0	0	0	367.6	381.5	367.6	381.5	345.1	371.8	24.48	2365	0
36.525	147	3	0	0	0	367.2	381.3	367.2	381.3	345.1	371.8	24.12	2358	0
36.525	147	1	0	0	0	368	381.6	368	381.6	345.1	371.8	24.91	2364	0
36.525	147	5	0	0	0	367.2	381.3	367.2	381.3	345.1	371.8	24.1	2362	0
36.525	147	7	0	0	0	367.9	381.6	367.9	381.6	345.1	371.8	24.88	2367	0
36.775	148	2	0	0	0	363.8	379.3	363.8	379.3	343.3	369.1	22.92	2382	0
36.775	148	4	0	328.1	358.8	363	378.9	363	378.9	343.3	369.1	22	2381	0
36.775	148	0	0	0	0	364.6	379.7	364.6	379.7	343.3	369.1	23.79	2392	0
36.775	148	6	0	0	0	363.8	379.3	363.8	379.3	343.3	369.1	22.85	2388	0
36.775	148	3	0	0	0	363.3	379	363.3	379	343.3	369.1	22.32	2380	0
36.775	148	1	0	0	0	364.3	379.6	364.3	379.6	343.3	369.1	23.5	2387	0
36.775	148	5	0	0	0	363.3	379	363.3	379	343.3	369.1	22.28	2384	0
36.775	148	7	0	0	0	364.3	379.6	364.3	379.6	343.3	369.1	23.45	2391	0
37.025	149	2	0	0	0	362.4	377.8	362.4	377.8	339.6	368.6	24.54	2407	0
37.025	149	4	0	348.8	364.1	362	377.5	362	377.5	339.6	368.6	24.09	2405	0
37.025	149	0	0	0	0	362.7	378.2	362.7	378.2	339.6	368.6	24.98	2417	0
37.025	149	6	0	0	0	362.4	377.8	362.4	377.8	339.6	368.6	24.51	2412	0
37.025	149	3	0	0	0	362.1	377.6	362.1	377.6	339.6	368.6	24.25	2405	0
37.025	149	1	0	0	0	362.6	378.1	362.6	378.1	339.6	368.6	24.83	2412	0
37.025	149	5	0	0	0	362.1	377.6	362.1	377.6	339.6	368.6	24.23	2408	0
37.025	149	7	0	0	0	362.6	378	362.6	378	339.6	368.6	24.81	2416	0
37.275	150	2	0	0	0	359.7	377	359.7	377	333.5	370	27.07	2434	0
37.275	150	4	0	333.9	369.5	359.1	376.9	359.1	376.9	333.5	370	26.47	2432	0
37.275	150	0	0	0	0	360.2	377.2	360.2	377.2	333.5	370	27.65	2444	0
37.275	150	6	0	0	0	359.6	377	359.6	377	333.5	370	27.03	2439	0
37.275	150	3	0	0	0	359.3	376.9	359.3	376.9	333.5	370	26.68	2431	0
37.275	150	1	0	0	0	360	377.2	360	377.2	333.5	370	27.45	2440	0
37.275	150	5	0	0	0	359.3	376.9	359.3	376.9	333.5	370	26.66	2435	0
37.275	150	7	0	0	0	360	377.2	360	377.2	333.5	370	27.42	2443	0
37.525	151	2	0	0	0	358.8	375.7	358.8	375.7	327.4	367.3	32.54	2466	0
37.525	151	4	0	351.1	362.9	358.6	375.4	358.6	375.4	327.4	367.3	32.26	2464	0
37.525	151	0	0	0	0	359	376	359	376	327.4	367.3	32.81	2477	0
37.525	151	6	0	0	0	358.8	375.7	358.8	375.7	327.4	367.3	32.52	2472	0
37.525	151	3	0	0	0	358.7	375.5	358.7	375.5	327.4	367.3	32.35	2464	0
37.525	151	1	0	0	0	359	375.9	359	375.9	327.4	367.3	32.72	2472	0
37.525	151	5	0	0	0	358.7	375.5	358.7	375.5	327.4	367.3	32.34	2467	0
37.525	151	7	0	0	0	359	375.9	359	375.9	327.4	367.3	32.7	2476	0
37.775	152	2	0	0	0	356	372.9	356	372.9	322.9	365.1	34	2500	0
37.775	152	4	0	329.3	346.7	355.4	372.4	355.4	372.4	322.9	365.1	33.32	2497	0
37.775	152	0	0	0	0	356.6	373.5	356.6	373.5	322.9	365.1	34.67	2512	0
37.775	152	6	0	0	0	356	372.9	356	372.9	322.9	365.1	33.95	2506	0
37.775	152	3	0	0	0	355.7	372.6	355.7	372.6	322.9	365.1	33.56	2497	0
37.775	152	1	0	0	0	356.4	373.3	356.4	373.3	322.9	365.1	34.45	2507	0
37.775	152	5	0	0	0	355.6	372.5	355.6	372.5	322.9	365.1	33.53	2501	0
37.775	152	7	0	0	0	356.4	373.3	356.4	373.3	322.9	365.1	34.41	2510	0
38.025	153	2	0	0	0	348.3	372.2	348.3	372.2	318.1	365.5	30.89	2531	0
38.025	153	4	0	308.5	368.9	346.3	371.9	346.3	371.9	318.1	365.5	28.97	2526	0
38.025	153	0	0	0	0	349.1	372.3	349.1	372.3	318.1	365.5	31.7	2544	0
38.025	153	6	0	0	0	347.1	372	347.1	372	318.1	365.5	29.71	2535	0
38.025	153	3	0	0	0	347.2	372	347.2	372	318.1	365.5	29.79	2527	0
38.025	153	1	0	0	0	349	372.3	349	372.3	318.1	365.5	31.61	2538	0
38.025	153	5	0	303.7	367.2	346.4	371.9	346.4	371.9	318.1	365.5	29.05	2530	0
38.025	153	7	0	0	0	348.2	372.2	348.2	372.2	318.1	365.5	30.81	2541	0
38.275	154	2	0	0	0	341.6	372.4	341.6	372.4	311.7	364.2	30.98	2562	0
38.275	154	4	0	311.1	367.8	340	372.5	340	372.5	311.7	364.2	29.43	2556	0
38.275	154	0	0	0	0	342.3	372.4	342.3	372.4	311.7	364.2	31.63	2575	0
38.275	154	6	0	0	0	340.6	372.6	340.6	372.6	311.7	364.2	30.02	2565	0
38.275	154	3	0	0	0	340.7	372.4	340.7	372.4	311.7	364.2	30.09	2557	0
38.275	154	1	0	0	0	342.2	372.4	342.2	372.4	311.7	364.2	31.57	2570	0
38.275	154	5	0	305.2	381.4	340	372.5	340	372.5	311.7	364.2	29.49	2559	0
38.275	154	7	0	0	0	341.5	372.5	341.5	372.5	311.7	364.2	30.91	2572	0
38.525	155	2	0	0	0	336.1	370.6	336.1	370.6	312.5	360	25.82	2588	0
38.525	155	4	0	313.6	356.1	334.7	370.2	334.7	370.2	312.5	360	24.38	2580	0
38.525	155	0	0	0	0	336.6	370.8	336.6	370.8	312.5	360	26.38	2602	0
38.525	155	6	0	0	0	335.1	370.4	335.1	370.4	312.5	360	24.89	2590	0
38.525	155	3	0	0	0	335.3	370.3	335.3	370.3	312.5	360	25	2582	0
38.525	155	1	0	0	0	336.6	370.8	336.6	370.8	312.5	360	26.34	2596	0
38.525	155	5	0	302.4	365.8	334.7	370.2	334.7	370.2	312.5	360	24.41	2584	0
38.525	155	7	0	0	0	335.9	370.7	335.9	370.7	312.5	360	25.7	2598	0
38.775	156	2	0	0	0	331.8	369.2	331.8	369.2	310.5	357.7	24.21	2612	0
38.775	156	4	0	314.5	361.7	330.7	368.9	330.7	368.9	310.5	357.7	23.1	2603	0
38.775	156	0	0	0	0	332.1	369.4	332.1	369.4	310.5	357.7	24.62	2626	0
38.775	156	6	0	0	0	331	369.1	331	369.1	310.5	357.7	23.46	2614	0
38.775	156	3	0	0	0	331.2	369	331.2	369	310.5	357.7	23.58	2606	0
38.775	156	1	0	0	0	332.1	369.4	332.1	369.4	310.5	357.7	24.6	2621	0
38.775	156	5	0	306	363.3	330.7	368.9	330.7	368.9	310.5	357.7	23.11	2607	0
38.775	156	7	0	0	0	331.6	369.3	331.6	369.3	310.5	357.7	24.09	2622	0
39.025	157	2	0	0	0	325.8	363.4	325.8	363.4	306.2	353.1	22.15	2634	0
39.025	157	4	0	315.1	340.2	324.5	362.9	324.5	362.9	306.2	353.1	20.77	2624	0
39.025	157	0	0	0	0	326.3	364.5	326.3	364.5	306.2	353.1	23.05	2649	0
39.025	157	6	0	0	0	324.9	363.9	324.9	363.9	306.2	353.1	21.59	2635	0
39.025	157	3	0	317.6	338	325.1	363	325.1	363	306.2	353.1	21.32	2627	0
39.025	157	1	0	0	0	326.2	364	326.2	364	306.2	353.1	22.82	2644	0
39.025	157	5	0	281.8	359.1	324.5	363.3	324.5	363.3	306.2	353.1	20.96	2628	0
39.025	157	7	0	0	0	325.6	364.4	325.6	364.4	306.2	353.1	22.45	2644	0
39.275	158	2	0	0	0	319	361.3	319	361.3	307.3	348.5	17.34	2652	0
39.275	158	4	0	290.3	347.2	318	361.1	318	361.1	307.3	348.5	16.5	2640	0
39.275	158	0	0	0	0	320	361.9	320	361.9	307.3	348.5	18.42	2668	0
39.275	158	6	0	0	0	318.9	361.5	318.9	361.5	307.3	348.5	17.48	2653	0
39.275	158	3	0	300.6	354.2	318.3	361.1	318.3	361.1	307.3	348.5	16.76	2644	0
39.275	158	1	0	0	0	319.6	361.6	319.6	361.6	307.3	348.5	18.02	2662	0
39.275	158	5	0	302.6	361.8	318.3	361.3	318.3	361.3	307.3	348.5	16.85	2644	0
39.275	158	7	0	0	0	319.6	361.8	319.6	361.8	307.3	348.5	18.11	2662	0
39.525	159	2	0	0	0	314.7	360.2	314.7	360.2	303.7	347.5	16.83	2669	0
39.525	159	4	0	311.7	352.3	313.9	360.1	313.9	360.1	303.7	347.5	16.21	2657	0
39.525	159	0	0	0	0	315.2	360.5	315.2	360.5	303.7	347.5	17.36	2685	0
39.525	159	6	0	0	0	314.3	360.4	314.3	360.4	303.7	347.5	16.68	2670	0
39.525	159	3	0	302.3	356	314.2	360.1	314.2	360.1	303.7	347.5	16.43	2660	0
39.525	159	1	0	0	0	315.1	360.4	315.1	360.4	303.7	347.5	17.19	2679	0
39.525	159	5	0	284.4	362	314	360.2	314	360.2	303.7	347.5	16.35	2661	0
39.525	159	7	0	0	0	314.8	360.5	314.8	360.5	303.7	347.5	17.09	2679	0
39.775	160	2	0	0	0	310.4	356.4	310.4	356.4	298.6	343.9	17.17	2686	0
39.775	160	4	0	307.1	337.6	310	356.1	310	356.1	298.6	343.9	16.63	2673	0
39.775	160	0	0	0	0	311.1	357.2	311.1	357.2	298.6	343.9	18.22	2703	0
39.775	160	6	0	0	0	310.6	356.8	310.6	356.8	298.6	343.9	17.61	2687	0
39.775	160	3	0	288.1	339.6	310.1	356.1	310.1	356.1	298.6	343.9	16.75	2677	0
39.775	160	1	0	0	0	310.8	356.9	310.8	356.9	298.6	343.9	17.78	2697	0
39.775	160	5	0	296	357.2	310.2	356.4	310.2	356.4	298.6	343.9	17.03	2678	0
39.775	160	7	0	0	0	311	357.2	311	357.2	298.6	343.9	18.08	2698	0
