# _procNoiseCov=10 _measNoiseCov=10 iter_max=10 alpha=0.3
#Simulation_time,tracking_step,NodeID,TargetID,MeasurementX,MeasurementY,EstimateX,EstimateY,GroundTruthX,GroundTruthY,Error,ErrorAcc,ResultsDelay
#t_sim	t_step	NID	TID	Zx	Zy	X_x	X_y	Xx	Xy	GTx	GTy	Err	ErrAcc	Delay
0.025	1	2	0	0	0	120.3	102.3	120.3	102.3	120	100	2.295	2.295	0
0.025	1	4	0	0	0	120.2	101.9	120.2	101.9	120	100	1.901	1.901	0
0.025	1	0	0	122.9	122.8	120.4	102.8	120.4	102.8	120	100	2.785	2.785	0
0.025	1	6	0	0	0	120.3	102.4	120.3	102.4	120	100	2.409	2.409	0
0.025	1	3	0	0	0	120.3	102	120.3	102	120	100	2.02	2.02	0
0.025	1	1	0	0	0	120.3	102.6	120.3	102.6	120	100	2.602	2.602	0
0.025	1	5	0	0	0	120.3	102.1	120.3	102.1	120	100	2.097	2.097	0
0.025	1	7	0	0	0	120.3	102.7	120.3	102.7	120	100	2.674	2.674	0
0.275	2	2	0	0	0	121.1	101.3	121.1	101.3	121.2	98.94	2.397	4.692	0
0.275	2	4	0	0	0	121	101.5	121	101.5	121.2	98.94	2.538	4.439	0
0.275	2	0	0	128.4	92.48	121.3	101.2	121.3	101.2	121.2	98.94	2.234	5.019	0
0.275	2	6	0	0	0	121.1	101.3	121.1	101.3	121.2	98.94	2.358	4.767	0
0.275	2	3	0	0	0	121	101.4	121	101.4	121.2	98.94	2.495	4.515	0
0.275	2	1	0	0	0	121.2	101.2	121.2	101.2	121.2	98.94	2.293	4.895	0
0.275	2	5	0	0	0	121	101.4	121	101.4	121.2	98.94	2.467	4.564	0
0.275	2	7	0	0	0	121.2	101.2	121.2	101.2	121.2	98.94	2.27	4.944	0
0.525	3	2	0	0	0	122.7	102.4	122.7	102.4	121.8	95.96	6.518	11.21	0
0.525	3	4	0	0	0	122.4	102.2	122.4	102.2	121.8	95.96	6.309	10.75	0
0.525	3	0	0	137.4	112.3	123.1	102.6	123.1	102.6	121.8	95.96	6.793	11.81	0
0.525	3	6	0	0	0	122.8	102.5	122.8	102.5	121.8	95.96	6.581	11.35	0
0.525	3	3	0	0	0	122.5	102.3	122.5	102.3	121.8	95.96	6.371	10.89	0
0.525	3	1	0	0	0	123	102.6	123	102.6	121.8	95.96	6.688	11.58	0
0.525	3	5	0	0	0	122.6	102.3	122.6	102.3	121.8	95.96	6.411	10.98	0
0.525	3	7	0	0	0	123	102.6	123	102.6	121.8	95.96	6.73	11.67	0
0.775	4	2	0	0	0	121.4	102.1	121.4	102.1	120.7	102.9	1.057	12.27	0
0.775	4	4	0	0	0	121.6	102.2	121.6	102.2	120.7	102.9	1.185	11.93	0
0.775	4	0	0	109.3	99.28	121.2	102.1	121.2	102.1	120.7	102.9	0.9386	12.75	0
0.775	4	6	0	0	0	121.4	102.1	121.4	102.1	120.7	102.9	1.025	12.37	0
0.775	4	3	0	0	0	121.6	102.1	121.6	102.1	120.7	102.9	1.144	12.03	0
0.775	4	1	0	0	0	121.3	102.1	121.3	102.1	120.7	102.9	0.9769	12.56	0
0.775	4	5	0	0	0	121.5	102.1	121.5	102.1	120.7	102.9	1.119	12.09	0
0.775	4	7	0	0	0	121.2	102.1	121.2	102.1	120.7	102.9	0.9607	12.63	0
1.025	5	2	0	0	0	121.7	101.6	121.7	101.6	122.9	102.2	1.283	13.55	0
1.025	5	4	0	0	0	121.7	101.7	121.7	101.7	122.9	102.2	1.279	13.21	0
1.025	5	0	0	124.8	97.24	121.8	101.5	121.8	101.5	122.9	102.2	1.298	14.05	0
1.025	5	6	0	0	0	121.7	101.6	121.7	101.6	122.9	102.2	1.285	13.66	0
1.025	5	3	0	0	0	121.7	101.7	121.7	101.7	122.9	102.2	1.279	13.31	0
1.025	5	1	0	0	0	121.8	101.6	121.8	101.6	122.9	102.2	1.291	13.85	0
1.025	5	5	0	0	0	121.7	101.7	121.7	101.7	122.9	102.2	1.28	13.37	0
1.025	5	7	0	0	0	121.8	101.5	121.8	101.5	122.9	102.2	1.293	13.93	0
1.275	6	2	0	0	0	120.8	101.4	120.8	101.4	120	101.4	0.8472	14.4	0
1.275	6	4	0	0	0	121	101.5	121	101.5	120	101.4	1.006	14.22	0
1.275	6	0	0	112.3	99.63	120.6	101.4	120.6	101.4	120	101.4	0.6515	14.7	0
1.275	6	6	0	0	0	120.8	101.4	120.8	101.4	120	101.4	0.8013	14.46	0
1.275	6	3	0	0	0	120.9	101.5	120.9	101.5	120	101.4	0.9583	14.27	0
1.275	6	1	0	0	0	120.7	101.4	120.7	101.4	120	101.4	0.7243	14.58	0
1.275	6	5	0	0	0	120.9	101.4	120.9	101.4	120	101.4	0.927	14.3	0
1.275	6	7	0	0	0	120.6	101.4	120.6	101.4	120	101.4	0.6953	14.62	0
1.525	7	2	0	0	0	121.1	101.4	121.1	101.4	126.6	100.8	5.583	19.98	0
1.525	7	4	0	0	0	121.1	101.4	121.1	101.4	126.6	100.8	5.62	19.84	0
1.525	7	0	0	123.9	101.5	121.1	101.4	121.1	101.4	126.6	100.8	5.536	20.24	0
1.525	7	6	0	0	0	121.1	101.4	121.1	101.4	126.6	100.8	5.572	20.03	0
1.525	7	3	0	0	0	121.1	101.4	121.1	101.4	126.6	100.8	5.609	19.88	0
1.525	7	1	0	0	0	121.1	101.4	121.1	101.4	126.6	100.8	5.553	20.13	0
1.525	7	5	0	0	0	121.1	101.4	121.1	101.4	126.6	100.8	5.602	19.9	0
1.525	7	7	0	0	0	121.1	101.4	121.1	101.4	126.6	100.8	5.546	20.17	0
1.775	8	2	0	0	0	123.5	101.4	123.5	101.4	131.7	102.3	8.202	28.18	0
1.775	8	4	0	0	0	123.1	101.4	123.1	101.4	131.7	102.3	8.616	28.45	0
1.775	8	0	0	145.2	101.4	124	101.4	124	101.4	131.7	102.3	7.687	27.92	0
1.775	8	6	0	0	0	123.6	101.4	123.6	101.4	131.7	102.3	8.082	28.11	0
1.775	8	3	0	0	0	123.2	101.4	123.2	101.4	131.7	102.3	8.491	28.37	0
1.775	8	1	0	0	0	123.8	101.4	123.8	101.4	131.7	102.3	7.88	28.01	0
1.775	8	5	0	0	0	123.3	101.4	123.3	101.4	131.7	102.3	8.41	28.31	0
1.775	8	7	0	0	0	123.9	101.4	123.9	101.4	131.7	102.3	7.804	27.97	0
2.025	9	2	0	0	0	124.9	101.2	124.9	101.2	136.2	104.3	11.76	39.94	0
2.025	9	4	0	0	0	124.6	101.2	124.6	101.2	136.2	104.3	12.01	40.46	0
2.025	9	0	0	137	98.98	125.2	101.1	125.2	101.1	136.2	104.3	11.45	39.37	0
2.025	9	6	0	0	0	125	101.2	125	101.2	136.2	104.3	11.68	39.8	0
2.025	9	3	0	0	0	124.7	101.2	124.7	101.2	136.2	104.3	11.93	40.3	0
2.025	9	1	0	0	0	125.1	101.1	125.1	101.1	136.2	104.3	11.56	39.57	0
2.025	9	5	0	0	0	124.7	101.2	124.7	101.2	136.2	104.3	11.88	40.2	0
2.025	9	7	0	0	0	125.1	101.1	125.1	101.1	136.2	104.3	11.52	39.49	0
2.275	10	2	0	0	0	126.1	100.8	126.1	100.8	139.9	105.1	14.45	54.39	0
2.275	10	4	0	0	0	125.9	100.8	125.9	100.8	139.9	105.1	14.66	55.12	0
2.275	10	0	0	137.3	97.09	126.4	100.7	126.4	100.7	139.9	105.1	14.2	53.57	0
2.275	10	6	0	0	0	126.2	100.7	126.2	100.7	139.9	105.1	14.39	54.19	0
2.275	10	3	0	0	0	126	100.8	126	100.8	139.9	105.1	14.59	54.89	0
2.275	10	1	0	0	0	126.3	100.7	126.3	100.7	139.9	105.1	14.29	53.86	0
2.275	10	5	0	0	0	126	100.8	126	100.8	139.9	105.1	14.55	54.75	0
2.275	10	7	0	0	0	126.4	100.7	126.4	100.7	139.9	105.1	14.25	53.74	0
2.525	11	2	0	0	0	128.1	101.7	128.1	101.7	137.2	105.5	9.88	64.27	0
2.525	11	4	0	0	0	127.8	101.5	127.8	101.5	137.2	105.5	10.27	65.39	0
2.525	11	0	0	145.8	110.1	128.6	101.9	128.6	101.9	137.2	105.5	9.394	62.96	0
2.525	11	6	0	0	0	128.2	101.7	128.2	101.7	137.2	105.5	9.766	63.96	0
2.525	11	3	0	0	0	127.9	101.6	127.9	101.6	137.2	105.5	10.15	65.05	0
2.525	11	1	0	0	0	128.4	101.8	128.4	101.8	137.2	105.5	9.576	63.44	0
2.525	11	5	0	0	0	127.9	101.6	127.9	101.6	137.2	105.5	10.08	64.83	0
2.525	11	7	0	0	0	128.5	101.8	128.5	101.8	137.2	105.5	9.504	63.25	0
2.775	12	2	0	0	0	128.1	101.7	128.1	101.7	138.2	102.9	10.15	74.43	0
2.775	12	4	0	0	0	128	101.7	128	101.7	138.2	102.9	10.17	75.56	0
2.775	12	0	0	127.2	101.8	128.1	101.7	128.1	101.7	138.2	102.9	10.13	73.09	0
2.775	12	6	0	0	0	128.1	101.7	128.1	101.7	138.2	102.9	10.15	74.11	0
2.775	12	3	0	0	0	128.1	101.7	128.1	101.7	138.2	102.9	10.17	75.21	0
2.775	12	1	0	0	0	128.1	101.7	128.1	101.7	138.2	102.9	10.14	73.58	0
2.775	12	5	0	0	0	128.1	101.7	128.1	101.7	138.2	102.9	10.16	74.99	0
2.775	12	7	0	0	0	128.1	101.7	128.1	101.7	138.2	102.9	10.14	73.38	0
3.025	13	2	0	0	0	129.3	102.8	129.3	102.8	139.2	102.1	9.94	84.36	0
3.025	13	4	0	0	0	129.1	102.6	129.1	102.6	139.2	102.1	10.14	85.7	0
3.025	13	0	0	140.4	112.7	129.6	103.1	129.6	103.1	139.2	102.1	9.697	82.79	0
3.025	13	6	0	0	0	129.4	102.9	129.4	102.9	139.2	102.1	9.882	83.99	0
3.025	13	3	0	0	0	129.1	102.7	129.1	102.7	139.2	102.1	10.08	85.29	0
3.025	13	1	0	0	0	129.5	103	129.5	103	139.2	102.1	9.787	83.37	0
3.025	13	5	0	0	0	129.2	102.7	129.2	102.7	139.2	102.1	10.04	85.03	0
3.025	13	7	0	0	0	129.5	103	129.5	103	139.2	102.1	9.751	83.13	0
3.275	14	2	0	0	0	129	105.1	129	105.1	138.1	108.2	9.639	94	0
3.275	14	4	0	0	0	129	104.7	129	104.7	138.1	108.2	9.741	95.44	0
3.275	14	0	0	126	125	128.9	105.5	128.9	105.5	138.1	108.2	9.534	92.32	0
3.275	14	6	0	0	0	129	105.2	129	105.2	138.1	108.2	9.613	93.6	0
3.275	14	3	0	0	0	129	104.8	129	104.8	138.1	108.2	9.709	95	0
3.275	14	1	0	0	0	129	105.4	129	105.4	138.1	108.2	9.571	92.94	0
3.275	14	5	0	0	0	129	104.9	129	104.9	138.1	108.2	9.688	94.72	0
3.275	14	7	0	0	0	128.9	105.4	128.9	105.4	138.1	108.2	9.556	92.69	0
3.525	15	2	0	0	0	129.2	106.4	129.2	106.4	142.8	112.6	14.95	109	0
3.525	15	4	0	0	0	129.1	106.1	129.1	106.1	142.8	112.6	15.09	110.5	0
3.525	15	0	0	130.9	117.8	129.2	106.7	129.2	106.7	142.8	112.6	14.79	107.1	0
3.525	15	6	0	0	0	129.2	106.4	129.2	106.4	142.8	112.6	14.91	108.5	0
3.525	15	3	0	0	0	129.1	106.2	129.1	106.2	142.8	112.6	15.04	110	0
3.525	15	1	0	0	0	129.2	106.6	129.2	106.6	142.8	112.6	14.85	107.8	0
3.525	15	5	0	0	0	129.1	106.2	129.1	106.2	142.8	112.6	15.02	109.7	0
3.525	15	7	0	0	0	129.2	106.6	129.2	106.6	142.8	112.6	14.83	107.5	0
3.775	16	2	0	0	0	131.9	107.9	131.9	107.9	145.9	113.2	15.06	124	0
3.775	16	4	0	0	0	131.4	107.6	131.4	107.6	145.9	113.2	15.6	126.1	0
3.775	16	0	0	156.2	121.4	132.4	108.2	132.4	108.2	145.9	113.2	14.39	121.5	0
3.775	16	6	0	0	0	132	108	132	108	145.9	113.2	14.91	123.4	0
3.775	16	3	0	0	0	131.5	107.7	131.5	107.7	145.9	113.2	15.43	125.5	0
3.775	16	1	0	0	0	132.2	108.1	132.2	108.1	145.9	113.2	14.64	122.4	0
3.775	16	5	0	0	0	131.6	107.7	131.6	107.7	145.9	113.2	15.33	125.1	0
3.775	16	7	0	0	0	132.3	108.2	132.3	108.2	145.9	113.2	14.54	122.1	0
4.025	17	2	0	0	0	133.8	107.9	133.8	107.9	152.2	119.8	21.9	145.9	0
4.025	17	4	0	0	0	133.4	107.9	133.4	107.9	152.2	119.8	22.22	148.3	0
4.025	17	0	0	150.8	107.9	134.3	107.9	134.3	107.9	152.2	119.8	21.49	143	0
4.025	17	6	0	0	0	133.9	107.9	133.9	107.9	152.2	119.8	21.8	145.2	0
4.025	17	3	0	0	0	133.5	107.9	133.5	107.9	152.2	119.8	22.12	147.6	0
4.025	17	1	0	0	0	134.1	107.9	134.1	107.9	152.2	119.8	21.64	144.1	0
4.025	17	5	0	0	0	133.6	107.9	133.6	107.9	152.2	119.8	22.06	147.1	0
4.025	17	7	0	0	0	134.1	107.9	134.1	107.9	152.2	119.8	21.58	143.6	0
4.275	18	2	0	0	0	136.4	110.3	136.4	110.3	152.5	118.5	18.08	164	0
4.275	18	4	0	0	0	135.9	109.9	135.9	109.9	152.5	118.5	18.68	167	0
4.275	18	0	0	159.2	131.7	136.9	110.8	136.9	110.8	152.5	118.5	17.33	160.3	0
4.275	18	6	0	0	0	136.5	110.4	136.5	110.4	152.5	118.5	17.91	163.1	0
4.275	18	3	0	0	0	136	110	136	110	152.5	118.5	18.5	166.1	0
4.275	18	1	0	0	0	136.7	110.6	136.7	110.6	152.5	118.5	17.61	161.7	0
4.275	18	5	0	0	0	136.1	110.1	136.1	110.1	152.5	118.5	18.38	165.5	0
4.275	18	7	0	0	0	136.8	110.7	136.8	110.7	152.5	118.5	17.5	161.1	0
4.525	19	2	0	0	0	137	111.6	137	111.6	152	115.6	15.54	179.5	0
4.525	19	4	0	0	0	136.8	111.3	136.8	111.3	152	115.6	15.74	182.8	0
4.525	19	0	0	142.2	122.7	137.2	111.9	137.2	111.9	152	115.6	15.28	175.6	0
4.525	19	6	0	0	0	137	111.6	137	111.6	152	115.6	15.48	178.6	0
4.525	19	3	0	0	0	136.9	111.4	136.9	111.4	152	115.6	15.68	181.8	0
4.525	19	1	0	0	0	137.1	111.8	137.1	111.8	152	115.6	15.38	177.1	0
4.525	19	5	0	0	0	136.9	111.4	136.9	111.4	152	115.6	15.64	181.1	0
4.525	19	7	0	0	0	137.1	111.8	137.1	111.8	152	115.6	15.34	176.5	0
4.775	20	2	0	0	0	138.6	111.2	138.6	111.2	156.2	119.5	19.51	199	0
4.775	20	4	0	0	0	138.3	111.2	138.3	111.2	156.2	119.5	19.74	202.5	0
4.775	20	0	0	152.7	107.6	138.9	111.1	138.9	111.1	156.2	119.5	19.21	194.8	0
4.775	20	6	0	0	0	138.6	111.2	138.6	111.2	156.2	119.5	19.44	198	0
4.775	20	3	0	0	0	138.4	111.2	138.4	111.2	156.2	119.5	19.67	201.5	0
4.775	20	1	0	0	0	138.8	111.1	138.8	111.1	156.2	119.5	19.32	196.4	0
4.775	20	5	0	0	0	138.4	111.2	138.4	111.2	156.2	119.5	19.63	200.8	0
4.775	20	7	0	0	0	138.8	111.1	138.8	111.1	156.2	119.5	19.28	195.8	0
5.025	21	2	0	0	0	140.7	112.6	140.7	112.6	163.2	122.5	24.53	223.6	0
5.025	21	4	0	0	0	140.3	112.4	140.3	112.4	163.2	122.5	24.99	227.5	0
5.025	21	0	0	159.8	125.5	141.2	112.9	141.2	112.9	163.2	122.5	23.97	218.8	0
5.025	21	6	0	0	0	140.8	112.7	140.8	112.7	163.2	122.5	24.4	222.4	0
5.025	21	3	0	0	0	140.4	112.4	140.4	112.4	163.2	122.5	24.85	226.3	0
5.025	21	1	0	0	0	141	112.8	141	112.8	163.2	122.5	24.18	220.6	0
5.025	21	5	0	0	0	140.5	112.5	140.5	112.5	163.2	122.5	24.76	225.5	0
5.025	21	7	0	0	0	141.1	112.8	141.1	112.8	163.2	122.5	24.1	219.9	0
5.275	22	2	0	0	0	143	114.1	143	114.1	163.2	126.4	23.66	247.2	0
5.275	22	4	0	0	0	142.6	113.8	142.6	113.8	163.2	126.4	24.17	251.7	0
5.275	22	0	0	163.4	127.7	143.5	114.5	143.5	114.5	163.2	126.4	23.03	241.8	0
5.275	22	6	0	0	0	143.1	114.2	143.1	114.2	163.2	126.4	23.51	246	0
5.275	22	3	0	0	0	142.7	113.9	142.7	113.9	163.2	126.4	24.01	250.3	0
5.275	22	1	0	0	0	143.3	114.3	143.3	114.3	163.2	126.4	23.26	243.8	0
5.275	22	5	0	0	0	142.8	114	142.8	114	163.2	126.4	23.91	249.4	0
5.275	22	7	0	0	0	143.4	114.4	143.4	114.4	163.2	126.4	23.17	243	0
5.525	23	2	0	0	0	145.2	116.5	145.2	116.5	162	130	21.49	268.7	0
5.525	23	4	0	0	0	144.8	116.1	144.8	116.1	162	130	22.08	273.7	0
5.525	23	0	0	165.1	137.7	145.8	117	145.8	117	162	130	20.74	262.6	0
5.525	23	6	0	0	0	145.4	116.6	145.4	116.6	162	130	21.31	267.3	0
5.525	23	3	0	0	0	144.9	116.2	144.9	116.2	162	130	21.9	272.2	0
5.525	23	1	0	0	0	145.6	116.8	145.6	116.8	162	130	21.02	264.9	0
5.525	23	5	0	0	0	145	116.3	145	116.3	162	130	21.78	271.2	0
5.525	23	7	0	0	0	145.6	116.9	145.6	116.9	162	130	20.91	263.9	0
5.775	24	2	0	0	0	147.8	115.8	147.8	115.8	160.7	132.6	21.22	289.9	0
5.775	24	4	0	0	0	147.3	115.8	147.3	115.8	160.7	132.6	21.44	295.2	0
5.775	24	0	0	170.7	108.5	148.4	115.6	148.4	115.6	160.7	132.6	20.97	283.5	0
5.775	24	6	0	0	0	147.9	115.7	147.9	115.7	160.7	132.6	21.16	288.4	0
5.775	24	3	0	0	0	147.5	115.8	147.5	115.8	160.7	132.6	21.37	293.6	0
5.775	24	1	0	0	0	148.2	115.7	148.2	115.7	160.7	132.6	21.06	285.9	0
5.775	24	5	0	0	0	147.6	115.8	147.6	115.8	160.7	132.6	21.33	292.6	0
5.775	24	7	0	0	0	148.3	115.7	148.3	115.7	160.7	132.6	21.02	285	0
6.025	25	2	0	0	0	148.7	117.3	148.7	117.3	159.3	139.4	24.59	314.5	0
6.025	25	4	0	0	0	148.5	117	148.5	117	159.3	139.4	24.9	320.1	0
6.025	25	0	0	156.1	131.3	148.9	117.6	148.9	117.6	159.3	139.4	24.2	307.7	0
6.025	25	6	0	0	0	148.7	117.4	148.7	117.4	159.3	139.4	24.5	312.9	0
6.025	25	3	0	0	0	148.6	117.1	148.6	117.1	159.3	139.4	24.81	318.4	0
6.025	25	1	0	0	0	148.8	117.5	148.8	117.5	159.3	139.4	24.34	310.3	0
6.025	25	5	0	0	0	148.6	117.2	148.6	117.2	159.3	139.4	24.74	317.3	0
6.025	25	7	0	0	0	148.9	117.5	148.9	117.5	159.3	139.4	24.29	309.2	0
6.275	26	2	0	0	0	150.4	120.5	150.4	120.5	162.2	141.1	23.69	338.2	0
6.275	26	4	0	0	0	150.1	120	150.1	120	162.2	141.1	24.34	344.4	0
6.275	26	0	0	165.7	149.6	150.8	121.3	150.8	121.3	162.2	141.1	22.87	330.6	0
6.275	26	6	0	0	0	150.5	120.7	150.5	120.7	162.2	141.1	23.5	336.4	0
6.275	26	3	0	0	0	150.2	120.1	150.2	120.1	162.2	141.1	24.14	342.5	0
6.275	26	1	0	0	0	150.6	121	150.6	121	162.2	141.1	23.18	333.4	0
6.275	26	5	0	0	0	150.2	120.2	150.2	120.2	162.2	141.1	24.01	341.3	0
6.275	26	7	0	0	0	150.7	121.1	150.7	121.1	162.2	141.1	23.05	332.3	0
6.525	27	2	0	0	0	152.4	123.6	152.4	123.6	163.9	144.4	23.84	362	0
6.525	27	4	0	0	0	152	123	152	123	163.9	144.4	24.51	368.9	0
6.525	27	0	0	169.8	150.7	152.8	124.3	152.8	124.3	163.9	144.4	23	353.6	0
6.525	27	6	0	0	0	152.5	123.8	152.5	123.8	163.9	144.4	23.64	360.1	0
6.525	27	3	0	0	0	152.1	123.2	152.1	123.2	163.9	144.4	24.31	366.8	0
6.525	27	1	0	0	0	152.6	124	152.6	124	163.9	144.4	23.31	356.7	0
6.525	27	5	0	0	0	152.2	123.3	152.2	123.3	163.9	144.4	24.17	365.5	0
6.525	27	7	0	0	0	152.7	124.1	152.7	124.1	163.9	144.4	23.19	355.5	0
6.775	28	2	0	0	0	153.6	127	153.6	127	165.5	144.3	21.06	383.1	0
6.775	28	4	0	0	0	153.3	126.4	153.3	126.4	165.5	144.3	21.71	390.6	0
6.775	28	0	0	164	157.2	153.8	127.8	153.8	127.8	165.5	144.3	20.26	373.9	0
6.775	28	6	0	0	0	153.6	127.2	153.6	127.2	165.5	144.3	20.87	380.9	0
6.775	28	3	0	0	0	153.4	126.6	153.4	126.6	165.5	144.3	21.52	388.4	0
6.775	28	1	0	0	0	153.7	127.5	153.7	127.5	165.5	144.3	20.56	377.3	0
6.775	28	5	0	0	0	153.4	126.7	153.4	126.7	165.5	144.3	21.39	386.9	0
6.775	28	7	0	0	0	153.8	127.6	153.8	127.6	165.5	144.3	20.44	375.9	0
7.025	29	2	0	0	0	154.6	129.2	154.6	129.2	164.9	148.7	22.02	405.1	0
7.025	29	4	0	0	0	154.4	128.8	154.4	128.8	164.9	148.7	22.5	413.1	0
7.025	29	0	0	164.3	148.7	154.9	129.7	154.9	129.7	164.9	148.7	21.43	395.3	0
7.025	29	6	0	0	0	154.7	129.3	154.7	129.3	164.9	148.7	21.88	402.8	0
7.025	29	3	0	0	0	154.5	128.9	154.5	128.9	164.9	148.7	22.35	410.7	0
7.025	29	1	0	0	0	154.8	129.5	154.8	129.5	164.9	148.7	21.65	398.9	0
7.025	29	5	0	0	0	154.5	129	154.5	129	164.9	148.7	22.26	409.1	0
7.025	29	7	0	0	0	154.8	129.6	154.8	129.6	164.9	148.7	21.56	397.5	0
7.275	30	2	0	0	0	155.8	131.2	155.8	131.2	170.5	151.1	24.75	429.9	0
7.275	30	4	0	0	0	155.6	130.8	155.6	130.8	170.5	151.1	25.18	438.3	0
7.275	30	0	0	165.7	148.7	156	131.7	156	131.7	170.5	151.1	24.22	419.5	0
7.275	30	6	0	0	0	155.8	131.3	155.8	131.3	170.5	151.1	24.63	427.4	0
7.275	30	3	0	0	0	155.6	130.9	155.6	130.9	170.5	151.1	25.05	435.8	0
7.275	30	1	0	0	0	155.9	131.5	155.9	131.5	170.5	151.1	24.42	423.4	0
7.275	30	5	0	0	0	155.7	131	155.7	131	170.5	151.1	24.96	434.1	0
7.275	30	7	0	0	0	156	131.6	156	131.6	170.5	151.1	24.34	421.8	0
7.525	31	2	0	0	0	157.9	134.2	157.9	134.2	172.2	155.2	25.45	455.3	0
7.525	31	4	0	0	0	157.5	133.6	157.5	133.6	172.2	155.2	26.1	464.4	0
7.525	31	0	0	176.8	160.5	158.3	134.8	158.3	134.8	172.2	155.2	24.63	444.1	0
7.525	31	6	0	0	0	158	134.3	158	134.3	172.2	155.2	25.26	452.7	0
7.525	31	3	0	0	0	157.6	133.8	157.6	133.8	172.2	155.2	25.9	461.7	0
7.525	31	1	0	0	0	158.2	134.6	158.2	134.6	172.2	155.2	24.93	448.3	0
7.525	31	5	0	0	0	157.7	133.9	157.7	133.9	172.2	155.2	25.78	459.9	0
7.525	31	7	0	0	0	158.2	134.7	158.2	134.7	172.2	155.2	24.81	446.6	0
7.775	32	2	0	0	0	161.2	135.9	161.2	135.9	169.7	153.8	19.86	475.2	0
7.775	32	4	0	0	0	160.6	135.5	160.6	135.5	169.7	153.8	20.42	484.8	0
7.775	32	0	0	191.2	150.8	162	136.3	162	136.3	169.7	153.8	19.17	463.3	0
7.775	32	6	0	0	0	161.4	136	161.4	136	169.7	153.8	19.7	472.4	0
7.775	32	3	0	0	0	160.8	135.6	160.8	135.6	169.7	153.8	20.25	481.9	0
7.775	32	1	0	0	0	161.7	136.1	161.7	136.1	169.7	153.8	19.42	467.7	0
7.775	32	5	0	0	0	160.9	135.7	160.9	135.7	169.7	153.8	20.14	480	0
7.775	32	7	0	0	0	161.8	136.2	161.8	136.2	169.7	153.8	19.32	466	0
8.025	33	2	0	0	0	163.9	136.8	163.9	136.8	176.6	156.2	23.23	498.4	0
8.025	33	4	0	0	0	163.4	136.6	163.4	136.6	176.6	156.2	23.66	508.5	0
8.025	33	0	0	187.2	144.8	164.5	137	164.5	137	176.6	156.2	22.7	486	0
8.025	33	6	0	0	0	164	136.8	164	136.8	176.6	156.2	23.1	495.5	0
8.025	33	3	0	0	0	163.5	136.7	163.5	136.7	176.6	156.2	23.53	505.4	0
8.025	33	1	0	0	0	164.3	136.9	164.3	136.9	176.6	156.2	22.89	490.6	0
8.025	33	5	0	0	0	163.6	136.7	163.6	136.7	176.6	156.2	23.44	503.5	0
8.025	33	7	0	0	0	164.4	137	164.4	137	176.6	156.2	22.82	488.8	0
8.275	34	2	0	0	0	165.8	136.7	165.8	136.7	175.6	155.8	21.46	519.9	0
8.275	34	4	0	0	0	165.5	136.7	165.5	136.7	175.6	155.8	21.64	530.1	0
8.275	34	0	0	183.1	136.2	166.3	136.7	166.3	136.7	175.6	155.8	21.24	507.2	0
8.275	34	6	0	0	0	165.9	136.7	165.9	136.7	175.6	155.8	21.41	516.9	0
8.275	34	3	0	0	0	165.6	136.7	165.6	136.7	175.6	155.8	21.58	527	0
8.275	34	1	0	0	0	166.1	136.7	166.1	136.7	175.6	155.8	21.32	511.9	0
8.275	34	5	0	0	0	165.6	136.7	165.6	136.7	175.6	155.8	21.55	525	0
8.275	34	7	0	0	0	166.2	136.7	166.2	136.7	175.6	155.8	21.29	510.1	0
8.525	35	2	0	0	0	168.1	142.7	168.1	142.7	179.7	162.5	22.97	542.8	0
8.525	35	4	0	0	0	167.7	141.5	167.7	141.5	179.7	162.5	24.18	554.3	0
8.525	35	0	0	189.7	169.2	168.6	143.3	168.6	143.3	179.7	162.5	22.22	529.5	0
8.525	35	6	0	0	0	168.3	142.1	168.3	142.1	179.7	162.5	23.39	540.3	0
8.525	35	3	0	0	0	167.8	142	167.8	142	179.7	162.5	23.69	550.7	0
8.525	35	1	0	166.6	169.9	168.4	143.2	168.4	143.2	179.7	162.5	22.41	534.4	0
8.525	35	5	0	0	0	167.9	141.6	167.9	141.6	179.7	162.5	23.97	549	0
8.525	35	7	0	0	0	168.5	142.8	168.5	142.8	179.7	162.5	22.67	532.7	0
8.775	36	2	0	0	0	170.7	151.1	170.7	151.1	184.9	169.4	23.18	566	0
8.775	36	4	0	0	0	170.3	149.7	170.3	149.7	184.9	169.4	24.46	578.8	0
8.775	36	0	0	173	189.1	171.1	152.4	171.1	152.4	184.9	169.4	21.88	551.3	0
8.775	36	6	0	0	0	170.8	151.2	170.8	151.2	184.9	169.4	23.05	563.3	0
8.775	36	3	0	0	0	170.4	150.2	170.4	150.2	184.9	169.4	24.03	574.7	0
8.775	36	1	0	181.4	175.2	170.9	151.9	170.9	151.9	184.9	169.4	22.34	556.7	0
8.775	36	5	0	0	0	170.5	150.2	170.5	150.2	184.9	169.4	23.94	572.9	0
8.775	36	7	0	189.1	181.4	171	152	171	152	184.9	169.4	22.25	555	0
9.025	37	2	0	0	0	172.2	155	172.2	155	186.6	173.2	23.23	589.2	0
9.025	37	4	0	0	0	172.2	154.4	172.2	154.4	186.6	173.2	23.7	602.5	0
9.025	37	0	0	181.3	169.3	172.8	155.8	172.8	155.8	186.6	173.2	22.25	573.6	0
9.025	37	6	0	0	0	172.8	155.2	172.8	155.2	186.6	173.2	22.66	586	0
9.025	37	3	0	0	0	172.1	154.6	172.1	154.6	186.6	173.2	23.62	598.4	0
9.025	37	1	0	164.9	164.7	172.5	155.5	172.5	155.5	186.6	173.2	22.66	579.4	0
9.025	37	5	0	0	0	172.5	154.7	172.5	154.7	186.6	173.2	23.24	596.2	0
9.025	37	7	0	194	177	172.9	155.6	172.9	155.6	186.6	173.2	22.3	577.3	0
9.275	38	2	0	0	0	176.9	156.9	176.9	156.9	186.2	171.6	17.36	606.6	0
9.275	38	4	0	0	0	176.1	156.6	176.1	156.6	186.2	171.6	18.12	620.6	0
9.275	38	0	0	180.6	150.5	177.2	157.1	177.2	157.1	186.2	171.6	17.07	590.6	0
9.275	38	6	0	0	0	176.4	156.8	176.4	156.8	186.2	171.6	17.78	603.8	0
9.275	38	3	0	0	0	176.5	156.7	176.5	156.7	186.2	171.6	17.78	616.1	0
9.275	38	1	0	208.4	173.3	177.2	157.1	177.2	157.1	186.2	171.6	17.1	596.5	0
9.275	38	5	0	0	0	176.1	156.6	176.1	156.6	186.2	171.6	18.07	614.2	0
9.275	38	7	0	187.4	170	176.9	156.9	176.9	156.9	186.2	171.6	17.37	594.7	0
9.525	39	2	0	0	0	179.5	159.4	179.5	159.4	187.6	174.7	17.31	623.9	0
9.525	39	4	0	0	0	179	158.9	179	158.9	187.6	174.7	18.06	638.7	0
9.525	39	0	0	200.6	163.8	180	159.5	180	159.5	187.6	174.7	17	607.6	0
9.525	39	6	0	0	0	179.6	159	179.6	159	187.6	174.7	17.71	621.5	0
9.525	39	3	0	0	0	179.2	159.1	179.2	159.1	187.6	174.7	17.73	633.9	0
9.525	39	1	0	182.1	178.8	179.8	159.6	179.8	159.6	187.6	174.7	17.04	613.5	0
9.525	39	5	0	0	0	179.2	158.8	179.2	158.8	187.6	174.7	18	632.2	0
9.525	39	7	0	183.1	158.8	179.9	159.3	179.9	159.3	187.6	174.7	17.3	612	0
9.775	40	2	0	0	0	181.8	163.6	181.8	163.6	186.7	175.6	12.91	636.8	0
9.775	40	4	0	0	0	181.4	162.9	181.4	162.9	186.7	175.6	13.78	652.4	0
9.775	40	0	0	170.6	166.8	181.9	164.1	181.9	164.1	186.7	175.6	12.49	620.1	0
9.775	40	6	0	0	0	181.5	163.3	181.5	163.3	186.7	175.6	13.31	634.8	0
9.775	40	3	0	0	0	181.6	163.2	181.6	163.2	186.7	175.6	13.41	647.3	0
9.775	40	1	0	204.5	190.1	181.9	164	181.9	164	186.7	175.6	12.57	626.1	0
9.775	40	5	0	0	0	181.4	163	181.4	163	186.7	175.6	13.68	645.9	0
9.775	40	7	0	199.3	183.4	181.7	163.8	181.7	163.8	186.7	175.6	12.82	624.8	0
10.025	41	2	0	0	0	183.3	164.5	183.3	164.5	188.4	174.6	11.38	648.2	0
10.025	41	4	0	0	0	183.2	164.4	183.2	164.4	188.4	174.6	11.48	663.9	0
10.025	41	0	0	196.6	175	183.8	164.9	183.8	164.9	188.4	174.6	10.74	630.9	0
10.025	41	6	0	0	0	183.7	164.9	183.7	164.9	188.4	174.6	10.81	645.6	0
10.025	41	3	0	0	0	183.1	164.4	183.1	164.4	188.4	174.6	11.53	658.8	0
10.025	41	1	0	177.6	156.8	183.6	164.7	183.6	164.7	188.4	174.6	11.04	637.1	0
10.025	41	5	0	0	0	183.4	164.7	183.4	164.7	188.4	174.6	11.15	657.1	0
10.025	41	7	0	196.5	176.5	183.8	165	183.8	165	188.4	174.6	10.68	635.5	0
10.275	42	2	0	0	0	182.9	164.2	182.9	164.2	187.7	173.8	10.73	658.9	0
10.275	42	4	0	0	0	183	164.3	183	164.3	187.7	173.8	10.67	674.6	0
10.275	42	0	0	177.7	153.3	182.9	164.1	182.9	164.1	187.7	173.8	10.88	641.8	0
10.275	42	6	0	0	0	183.1	164.1	183.1	164.1	187.7	173.8	10.83	656.4	0
10.275	42	3	0	0	0	183	164.3	183	164.3	187.7	173.8	10.67	669.5	0
10.275	42	1	0	181.1	171.2	182.9	164.2	182.9	164.2	187.7	173.8	10.81	647.9	0
10.275	42	5	0	0	0	183.1	164.2	183.1	164.2	187.7	173.8	10.74	667.8	0
10.275	42	7	0	187.3	164.6	183	164	183	164	187.7	173.8	10.88	646.3	0
10.525	43	2	0	0	0	184.5	165.6	184.5	165.6	186.4	178.2	12.67	671.6	0
10.525	43	4	0	0	0	184.4	165.5	184.4	165.5	186.4	178.2	12.86	687.4	0
10.525	43	0	0	193.3	167	184.8	165.9	184.8	165.9	186.4	178.2	12.41	654.2	0
10.525	43	6	0	0	0	184.7	165.7	184.7	165.7	186.4	178.2	12.58	669	0
10.525	43	3	0	0	0	184.4	165.5	184.4	165.5	186.4	178.2	12.8	682.3	0
10.525	43	1	0	183.5	171.7	184.7	165.8	184.7	165.8	186.4	178.2	12.51	660.4	0
10.525	43	5	0	0	0	184.5	165.6	184.5	165.6	186.4	178.2	12.74	680.5	0
10.525	43	7	0	195.2	177.2	184.8	165.8	184.8	165.8	186.4	178.2	12.45	658.8	0
10.775	44	2	0	0	0	184.8	168.9	184.8	168.9	185.5	183.1	14.22	685.8	0
10.775	44	4	0	0	0	184.7	168.4	184.7	168.4	185.5	183.1	14.72	702.2	0
10.775	44	0	0	184.6	173.3	184.8	169.3	184.8	169.3	185.5	183.1	13.83	668	0
10.775	44	6	0	0	0	184.8	168.8	184.8	168.8	185.5	183.1	14.29	683.3	0
10.775	44	3	0	0	0	184.8	168.6	184.8	168.6	185.5	183.1	14.53	696.8	0
10.775	44	1	0	187.3	184.8	184.8	169.2	184.8	169.2	185.5	183.1	13.95	674.4	0
10.775	44	5	0	0	0	184.7	168.5	184.7	168.5	185.5	183.1	14.58	695.1	0
10.775	44	7	0	184.5	185.6	184.8	169.1	184.8	169.1	185.5	183.1	13.99	672.8	0
11.025	45	2	0	0	0	182.4	172.3	182.4	172.3	184.1	188.8	16.65	702.5	0
11.025	45	4	0	0	0	182.8	171.7	182.8	171.7	184.1	188.8	17.2	719.4	0
11.025	45	0	0	171.8	185.1	182.1	172.7	182.1	172.7	184.1	188.8	16.24	684.2	0
11.025	45	6	0	0	0	182.4	172.2	182.4	172.2	184.1	188.8	16.75	700.1	0
11.025	45	3	0	0	0	182.6	171.9	182.6	171.9	184.1	188.8	16.99	713.8	0
11.025	45	1	0	175.2	185.4	182.2	172.6	182.2	172.6	184.1	188.8	16.36	690.7	0
11.025	45	5	0	0	0	182.6	171.8	182.6	171.8	184.1	188.8	17.06	712.2	0
11.025	45	7	0	175.4	181.4	182.2	172.5	182.2	172.5	184.1	188.8	16.42	689.2	0
11.275	46	2	0	0	0	184.3	176.7	184.3	176.7	190.6	190.1	14.72	717.2	0
11.275	46	4	0	0	0	184.2	176	184.2	176	190.6	190.1	15.51	734.9	0
11.275	46	0	0	190	173.8	184.7	177.1	184.7	177.1	190.6	190.1	14.22	698.5	0
11.275	46	6	0	0	0	184.6	176.4	184.6	176.4	190.6	190.1	14.96	715	0
11.275	46	3	0	0	0	184.2	176.3	184.2	176.3	190.6	190.1	15.19	729	0
11.275	46	1	0	187.9	208.2	184.6	177.1	184.6	177.1	190.6	190.1	14.35	705.1	0
11.275	46	5	0	0	0	184.4	176	184.4	176	190.6	190.1	15.35	727.5	0
11.275	46	7	0	200.2	200.8	184.7	176.8	184.7	176.8	190.6	190.1	14.5	703.7	0
11.525	47	2	0	0	0	189	180.2	189	180.2	193.8	187.4	8.707	725.9	0
11.525	47	4	0	0	0	188.2	179.5	188.2	179.5	193.8	187.4	9.7	744.6	0
11.525	47	0	0	203.7	201.8	189.5	180.7	189.5	180.7	193.8	187.4	7.992	706.5	0
11.525	47	6	0	0	0	188.8	180	188.8	180	193.8	187.4	8.914	723.9	0
11.525	47	3	0	0	0	188.5	179.8	188.5	179.8	193.8	187.4	9.315	738.3	0
11.525	47	1	0	208.2	190.5	189.3	180.6	189.3	180.6	193.8	187.4	8.2	713.3	0
11.525	47	5	0	0	0	188.4	179.7	188.4	179.7	193.8	187.4	9.455	737	0
11.525	47	7	0	201.9	181.9	189.2	180.5	189.2	180.5	193.8	187.4	8.332	712.1	0
11.775	48	2	0	0	0	189.6	184	189.6	184	198.1	185.3	8.626	734.5	0
11.775	48	4	0	0	0	189.6	183.4	189.6	183.4	198.1	185.3	8.757	753.3	0
11.775	48	0	0	202.2	196.3	190	184.6	190	184.6	198.1	185.3	8.116	714.6	0
11.775	48	6	0	0	0	190	184.1	190	184.1	198.1	185.3	8.185	732.1	0
11.775	48	3	0	0	0	189.5	183.6	189.5	183.6	198.1	185.3	8.777	747.1	0
11.775	48	1	0	179.6	196.3	189.8	184.4	189.8	184.4	198.1	185.3	8.35	721.6	0
11.775	48	5	0	0	0	189.8	183.7	189.8	183.7	198.1	185.3	8.48	745.5	0
11.775	48	7	0	197.2	203.8	190.1	184.5	190.1	184.5	198.1	185.3	8.069	720.1	0
12.025	49	2	0	0	0	191.6	183.3	191.6	183.3	203.9	183.1	12.32	746.8	0
12.025	49	4	0	0	0	191.2	183.3	191.2	183.3	203.9	183.1	12.64	766	0
12.025	49	0	0	192.6	178.2	191.7	183.2	191.7	183.2	203.9	183.1	12.17	726.7	0
12.025	49	6	0	0	0	191.4	183.2	191.4	183.2	203.9	183.1	12.47	744.6	0
12.025	49	3	0	0	0	191.4	183.3	191.4	183.3	203.9	183.1	12.51	759.6	0
12.025	49	1	0	203.5	185	191.7	183.3	191.7	183.3	203.9	183.1	12.2	733.8	0
12.025	49	5	0	0	0	191.3	183.2	191.3	183.2	203.9	183.1	12.6	758.1	0
12.025	49	7	0	197.3	177.9	191.6	183.2	191.6	183.2	203.9	183.1	12.29	732.4	0
12.275	50	2	0	0	0	197.2	184.4	197.2	184.4	210.3	189.3	13.96	760.8	0
12.275	50	4	0	0	0	196.3	184.2	196.3	184.2	210.3	189.3	14.94	780.9	0
12.275	50	0	0	221.3	187.8	197.9	184.5	197.9	184.5	210.3	189.3	13.26	740	0
12.275	50	6	0	0	0	197	184.4	197	184.4	210.3	189.3	14.17	758.7	0
12.275	50	3	0	0	0	196.6	184.3	196.6	184.3	210.3	189.3	14.56	774.2	0
12.275	50	1	0	219	187.9	197.7	184.5	197.7	184.5	210.3	189.3	13.47	747.3	0
12.275	50	5	0	0	0	196.5	184.3	196.5	184.3	210.3	189.3	14.7	772.8	0
12.275	50	7	0	208.9	189.8	197.6	184.5	197.6	184.5	210.3	189.3	13.59	746	0
12.525	51	2	0	0	0	199.1	185	199.1	185	208.5	188.8	10.18	771	0
12.525	51	4	0	0	0	198.6	184.9	198.6	184.9	208.5	188.8	10.61	791.5	0
12.525	51	0	0	209	180.8	199.4	185	199.4	185	208.5	188.8	9.905	749.9	0
12.525	51	6	0	0	0	199	184.9	199	184.9	208.5	188.8	10.31	769.1	0
12.525	51	3	0	0	0	198.8	184.9	198.8	184.9	208.5	188.8	10.44	784.6	0
12.525	51	1	0	205.7	192	199.3	185	199.3	185	208.5	188.8	9.98	757.3	0
12.525	51	5	0	0	0	198.7	184.9	198.7	184.9	208.5	188.8	10.53	783.3	0
12.525	51	7	0	201.1	190.4	199.2	184.9	199.2	184.9	208.5	188.8	10.06	756.1	0
12.775	52	2	0	0	0	203.3	184.5	203.3	184.5	214.3	190.1	12.41	783.4	0
12.775	52	4	0	0	0	202.6	184.6	202.6	184.6	214.3	190.1	12.93	804.4	0
12.775	52	0	0	202.1	167.7	203.7	184.4	203.7	184.4	214.3	190.1	12.03	761.9	0
12.775	52	6	0	0	0	203.1	184.5	203.1	184.5	214.3	190.1	12.51	781.6	0
12.775	52	3	0	0	0	202.9	184.5	202.9	184.5	214.3	190.1	12.73	797.3	0
12.775	52	1	0	228.8	188.7	203.6	184.4	203.6	184.4	214.3	190.1	12.15	769.4	0
12.775	52	5	0	0	0	202.8	184.6	202.8	184.6	214.3	190.1	12.8	796.1	0
12.775	52	7	0	230.3	200.1	203.5	184.5	203.5	184.5	214.3	190.1	12.2	768.3	0
13.025	53	2	0	0	0	204.4	183.4	204.4	183.4	212.3	192.5	12.08	795.5	0
13.025	53	4	0	0	0	204	183.8	204	183.8	212.3	192.5	12.03	816.5	0
13.025	53	0	0	219.1	169	204.5	183.4	204.5	183.4	212.3	192.5	11.96	773.9	0
13.025	53	6	0	0	0	204.2	183.8	204.2	183.8	212.3	192.5	11.91	793.5	0
13.025	53	3	0	0	0	204.2	183.6	204.2	183.6	212.3	192.5	12.07	809.4	0
13.025	53	1	0	206.9	177.9	204.5	183.4	204.5	183.4	212.3	192.5	12.03	781.5	0
13.025	53	5	0	0	0	204.1	183.9	204.1	183.9	212.3	192.5	11.96	808.1	0
13.025	53	7	0	192.7	202.6	204.4	183.6	204.4	183.6	212.3	192.5	11.92	780.2	0
13.275	54	2	0	0	0	203.5	187	203.5	187	217.1	195.8	16.25	811.7	0
13.275	54	4	0	0	0	203.6	186.3	203.6	186.3	217.1	195.8	16.54	833	0
13.275	54	0	0	0	0	203.4	187.1	203.4	187.1	217.1	195.8	16.23	790.1	0
13.275	54	6	0	0	0	203.6	186.4	203.6	186.4	217.1	195.8	16.51	810	0
13.275	54	3	0	0	0	203.5	186.7	203.5	186.7	217.1	195.8	16.4	825.8	0
13.275	54	1	0	197	215.2	203.4	187.2	203.4	187.2	217.1	195.8	16.2	797.7	0
13.275	54	5	0	0	0	203.6	186.2	203.6	186.2	217.1	195.8	16.57	824.6	0
13.275	54	7	0	201.1	192.5	203.5	186.8	203.5	186.8	217.1	195.8	16.36	796.5	0
13.525	55	2	0	0	0	204.6	189.7	204.6	189.7	220.7	201	19.74	831.5	0
13.525	55	4	0	0	0	204.5	188.9	204.5	188.9	220.7	201	20.19	853.2	0
13.525	55	0	0	0	0	204.9	189.7	204.9	189.7	220.7	201	19.46	809.6	0
13.525	55	6	0	0	0	204.9	189	204.9	189	220.7	201	19.89	829.9	0
13.525	55	3	0	0	0	204.5	189.3	204.5	189.3	220.7	201	20.01	845.8	0
13.525	55	1	0	205.5	214.7	204.7	189.8	204.7	189.8	220.7	201	19.53	817.2	0
13.525	55	5	0	0	0	204.7	188.8	204.7	188.8	220.7	201	20.11	844.7	0
13.525	55	7	0	221	192.1	204.9	189.4	204.9	189.4	220.7	201	19.63	816.2	0
13.775	56	2	0	0	0	208.9	193.7	208.9	193.7	226.5	201.2	19.18	850.6	0
13.775	56	4	0	0	0	208.3	192.9	208.3	192.9	226.5	201.2	19.98	873.2	0
13.775	56	0	0	0	0	209.6	194.1	209.6	194.1	226.5	201.2	18.35	827.9	0
13.775	56	6	0	0	0	209.1	193.4	209.1	193.4	226.5	201.2	19.11	849	0
13.775	56	3	0	0	0	208.5	193.2	208.5	193.2	226.5	201.2	19.71	865.5	0
13.775	56	1	0	228.4	219.8	209.3	194	209.3	194	226.5	201.2	18.65	835.8	0
13.775	56	5	0	0	0	208.6	193	208.6	193	226.5	201.2	19.67	864.4	0
13.775	56	7	0	244	218.2	209.4	193.8	209.4	193.8	226.5	201.2	18.6	834.8	0
14.025	57	2	0	0	0	213.8	195.2	213.8	195.2	230	207.1	20.12	870.8	0
14.025	57	4	0	0	0	213.3	195.2	213.3	195.2	230	207.1	20.51	893.7	0
14.025	57	0	0	0	0	213.7	195.1	213.7	195.1	230	207.1	20.29	848.2	0
14.025	57	6	0	0	0	213.2	195.1	213.2	195.1	230	207.1	20.68	869.7	0
14.025	57	3	0	231.3	207.4	213.6	195.2	213.6	195.2	230	207.1	20.28	885.8	0
14.025	57	1	0	232.6	191.2	213.8	195.1	213.8	195.1	230	207.1	20.14	856	0
14.025	57	5	0	0	0	213.2	195.2	213.2	195.2	230	207.1	20.66	885.1	0
14.025	57	7	0	227	206.2	213.4	195.1	213.4	195.1	230	207.1	20.51	855.3	0
14.275	58	2	0	0	0	216.4	195.6	216.4	195.6	227.5	209.3	17.69	888.5	0
14.275	58	4	0	0	0	215.9	195.4	215.9	195.4	227.5	209.3	18.1	911.8	0
14.275	58	0	0	0	0	216.8	195.4	216.8	195.4	227.5	209.3	17.53	865.8	0
14.275	58	6	0	0	0	216.4	195.3	216.4	195.3	227.5	209.3	17.92	887.6	0
14.275	58	3	0	0	0	216.1	195.5	216.1	195.5	227.5	209.3	17.92	903.7	0
14.275	58	1	0	230.5	202.2	216.6	195.5	216.6	195.5	227.5	209.3	17.55	873.5	0
14.275	58	5	0	0	0	216.1	195.3	216.1	195.3	227.5	209.3	18.07	903.1	0
14.275	58	7	0	238.1	189.9	216.6	195.3	216.6	195.3	227.5	209.3	17.7	873	0
14.525	59	2	0	0	0	217.9	201.7	217.9	201.7	230.8	215.1	18.61	907.1	0
14.525	59	4	0	0	0	217.6	201	217.6	201	230.8	215.1	19.27	931.1	0
14.525	59	0	0	0	0	217.7	201.5	217.7	201.5	230.8	215.1	18.9	884.7	0
14.525	59	6	0	0	0	217.5	200.7	217.5	200.7	230.8	215.1	19.57	907.2	0
14.525	59	3	0	224.2	221.8	217.8	201.4	217.8	201.4	230.8	215.1	18.89	922.6	0
14.525	59	1	0	225	229.5	217.8	201.7	217.8	201.7	230.8	215.1	18.66	892.2	0
14.525	59	5	0	0	0	217.5	200.8	217.5	200.8	230.8	215.1	19.52	922.7	0
14.525	59	7	0	217.3	216.6	217.6	201.1	217.6	201.1	230.8	215.1	19.28	892.2	0
14.775	60	2	0	0	0	221.3	201.9	221.3	201.9	234.9	212.7	17.37	924.4	0
14.775	60	4	0	0	0	221	201.8	221	201.8	234.9	212.7	17.67	948.7	0
14.775	60	0	0	0	0	221.5	201.7	221.5	201.7	234.9	212.7	17.27	901.9	0
14.775	60	6	0	0	0	221.2	201.7	221.2	201.7	234.9	212.7	17.56	924.7	0
14.775	60	3	0	227.9	206.9	221.1	201.9	221.1	201.9	234.9	212.7	17.53	940.1	0
14.775	60	1	0	233.6	202.6	221.5	201.8	221.5	201.8	234.9	212.7	17.27	909.5	0
14.775	60	5	0	0	0	221	201.7	221	201.7	234.9	212.7	17.66	940.3	0
14.775	60	7	0	246.2	201.1	221.4	201.7	221.4	201.7	234.9	212.7	17.4	909.6	0
15.025	61	2	0	0	0	226.1	203.8	226.1	203.8	236.4	211.1	12.69	937.1	0
15.025	61	4	0	0	0	225.3	203.7	225.3	203.7	236.4	211.1	13.4	962.1	0
15.025	61	0	0	0	0	226.2	203.8	226.2	203.8	236.4	211.1	12.65	914.6	0
15.025	61	6	0	0	0	225.3	203.7	225.3	203.7	236.4	211.1	13.36	938.1	0
15.025	61	3	0	232.2	211.8	225.7	203.7	225.7	203.7	236.4	211.1	13.04	953.2	0
15.025	61	1	0	258	206.4	226.3	203.8	226.3	203.8	236.4	211.1	12.56	922	0
15.025	61	5	0	0	0	225.2	203.7	225.2	203.7	236.4	211.1	13.49	953.8	0
15.025	61	7	0	236.5	216	225.8	203.7	225.8	203.7	236.4	211.1	13	922.6	0
15.275	62	2	0	0	0	228.1	205.1	228.1	205.1	240.1	212.8	14.26	951.4	0
15.275	62	4	0	0	0	228	205	228	205	240.1	212.8	14.42	976.5	0
15.275	62	0	0	0	0	228.1	205.4	228.1	205.4	240.1	212.8	14.06	928.6	0
15.275	62	6	0	0	0	228	205.4	228	205.4	240.1	212.8	14.22	952.3	0
15.275	62	3	0	238.2	204.8	228	205	228	205	240.1	212.8	14.37	967.5	0
15.275	62	1	0	230.5	208.7	228.1	205.3	228.1	205.3	240.1	212.8	14.14	936.2	0
15.275	62	5	0	0	0	228	205.2	228	205.2	240.1	212.8	14.34	968.2	0
15.275	62	7	0	243.7	223	228.1	205.5	228.1	205.5	240.1	212.8	14.11	936.8	0
15.525	63	2	0	0	0	232.3	204.9	232.3	204.9	245.1	216.4	17.24	968.6	0
15.525	63	4	0	0	0	231.9	204.8	231.9	204.8	245.1	216.4	17.65	994.2	0
15.525	63	0	0	0	0	232.1	205.4	232.1	205.4	245.1	216.4	17.06	945.7	0
15.525	63	6	0	0	0	231.7	205.2	231.7	205.2	245.1	216.4	17.47	969.8	0
15.525	63	3	0	247.3	193.1	232.1	204.8	232.1	204.8	245.1	216.4	17.47	985	0
15.525	63	1	0	247.6	211.7	232.3	205.2	232.3	205.2	245.1	216.4	17.09	953.2	0
15.525	63	5	0	0	0	231.8	204.9	231.8	204.9	245.1	216.4	17.63	985.8	0
15.525	63	7	0	245.4	211.1	231.9	205.4	231.9	205.4	245.1	216.4	17.24	954	0
15.775	64	2	0	0	0	236.4	208.5	236.4	208.5	244.1	223.4	16.74	985.4	0
15.775	64	4	0	0	0	236.3	208.3	236.3	208.3	244.1	223.4	16.98	1011	0
15.775	64	0	0	0	0	236.2	208.5	236.2	208.5	244.1	223.4	16.85	962.5	0
15.775	64	6	0	0	0	236.2	208.3	236.2	208.3	244.1	223.4	17.09	986.9	0
15.775	64	3	0	259.6	222.6	236.4	208.4	236.4	208.4	244.1	223.4	16.84	1002	0
15.775	64	1	0	238.1	216.9	236.3	208.6	236.3	208.6	244.1	223.4	16.76	970	0
15.775	64	5	0	0	0	236.2	208.3	236.2	208.3	244.1	223.4	17.07	1003	0
15.775	64	7	0	261.2	224.6	236.2	208.4	236.2	208.4	244.1	223.4	16.99	971	0
16.025	65	2	0	0	0	239.9	212.7	239.9	212.7	242.8	226.2	13.79	999.2	0
16.025	65	4	0	0	0	239.7	212.2	239.7	212.2	242.8	226.2	14.33	1025	0
16.025	65	0	0	0	0	239.8	212.5	239.8	212.5	242.8	226.2	13.99	976.5	0
16.025	65	6	0	0	0	239.6	212	239.6	212	242.8	226.2	14.55	1001	0
16.025	65	3	0	255.4	225.7	239.8	212.5	239.8	212.5	242.8	226.2	14.03	1016	0
16.025	65	1	0	247.1	232.8	239.8	212.7	239.8	212.7	242.8	226.2	13.81	983.8	0
16.025	65	5	0	0	0	239.6	212	239.6	212	242.8	226.2	14.53	1017	0
16.025	65	7	0	256.3	221.6	239.6	212.2	239.6	212.2	242.8	226.2	14.3	985.3	0
16.275	66	2	0	0	0	237.2	213.7	237.2	213.7	239.9	225.6	12.27	1011	0
16.275	66	4	0	0	0	237	213.5	237	213.5	239.9	225.6	12.41	1038	0
16.275	66	0	0	0	0	237.9	213.9	237.9	213.9	239.9	225.6	11.92	988.5	0
16.275	66	6	0	0	0	237.8	213.7	237.8	213.7	239.9	225.6	12.05	1013	0
16.275	66	3	0	209	214.8	237	213.6	237	213.6	239.9	225.6	12.4	1028	0
16.275	66	1	0	241.9	216.5	237.6	213.8	237.6	213.8	239.9	225.6	12.07	995.9	0
16.275	66	5	0	0	0	237.4	213.6	237.4	213.6	239.9	225.6	12.24	1030	0
16.275	66	7	0	240.6	227.6	238	213.8	238	213.8	239.9	225.6	11.93	997.2	0
16.525	67	2	0	0	0	240.7	213.9	240.7	213.9	244.4	223	9.728	1021	0
16.525	67	4	0	0	0	240.4	213.8	240.4	213.8	244.4	223	9.98	1048	0
16.525	67	0	0	0	0	241	213.6	241	213.6	244.4	223	9.941	998.4	0
16.525	67	6	0	0	0	240.7	213.5	240.7	213.5	244.4	223	10.19	1024	0
16.525	67	3	0	245.5	218.4	240.5	213.9	240.5	213.9	244.4	223	9.82	1038	0
16.525	67	1	0	255.1	218.4	240.9	213.8	240.9	213.8	244.4	223	9.795	1006	0
16.525	67	5	0	0	0	240.4	213.6	240.4	213.6	244.4	223	10.12	1040	0
16.525	67	7	0	260.2	200.6	240.9	213.5	240.9	213.5	244.4	223	10.1	1007	0
16.775	68	2	0	0	0	242.3	218.7	242.3	218.7	249.5	226	10.21	1031	0
16.775	68	4	0	0	0	242	218.1	242	218.1	249.5	226	10.91	1059	0
16.775	68	0	0	0	0	242.1	219.2	242.1	219.2	249.5	226	10.04	1008	0
16.775	68	6	0	0	0	241.8	218.5	241.8	218.5	249.5	226	10.73	1034	0
16.775	68	3	0	247.6	221	242.2	218.3	242.2	218.3	249.5	226	10.58	1049	0
16.775	68	1	0	253.7	245.5	242.2	219.1	242.2	219.1	249.5	226	10.02	1016	0
16.775	68	5	0	0	0	241.8	218.2	241.8	218.2	249.5	226	10.93	1051	0
16.775	68	7	0	237.3	249.3	241.9	218.9	241.9	218.9	249.5	226	10.35	1018	0
17.025	69	2	0	0	0	245.1	220.4	245.1	220.4	246.9	232.5	12.17	1044	0
17.025	69	4	0	0	0	244.8	220.4	244.8	220.4	246.9	232.5	12.21	1071	0
17.025	69	0	0	0	0	244.6	220.4	244.6	220.4	246.9	232.5	12.27	1021	0
17.025	69	6	0	0	0	244.3	220.4	244.3	220.4	246.9	232.5	12.33	1047	0
17.025	69	3	0	255.3	226.1	245	220.4	245	220.4	246.9	232.5	12.18	1061	0
17.025	69	1	0	264.2	223.6	244.9	220.4	244.9	220.4	246.9	232.5	12.21	1028	0
17.025	69	5	0	251.1	226.2	244.5	220.4	244.5	220.4	246.9	232.5	12.28	1063	0
17.025	69	7	0	232.3	225.5	244.4	220.4	244.4	220.4	246.9	232.5	12.31	1030	0
17.275	70	2	0	0	0	243.2	222.9	243.2	222.9	244.7	232.5	9.722	1053	0
17.275	70	4	0	0	0	243.3	222.9	243.3	222.9	244.7	232.5	9.676	1081	0
17.275	70	0	0	0	0	243.3	222.7	243.3	222.7	244.7	232.5	9.937	1031	0
17.275	70	6	0	0	0	243.4	222.7	243.4	222.7	244.7	232.5	9.891	1057	0
17.275	70	3	0	234.5	229	243.2	222.9	243.2	222.9	244.7	232.5	9.666	1071	0
17.275	70	1	0	240	232.7	243.2	222.8	243.2	222.8	244.7	232.5	9.836	1038	0
17.275	70	5	0	244.3	234.3	243.3	222.8	243.3	222.8	244.7	232.5	9.775	1073	0
17.275	70	7	0	238.2	218.4	243.3	222.6	243.3	222.6	244.7	232.5	9.948	1040	0
17.525	71	2	0	0	0	244.2	228.3	244.2	228.3	249.8	237.1	10.35	1064	0
17.525	71	4	0	0	0	244.9	228.3	244.9	228.3	249.8	237.1	10.06	1091	0
17.525	71	0	0	0	0	244.4	228.8	244.4	228.8	249.8	237.1	9.849	1040	0
17.525	71	6	0	0	0	245	228.8	245	228.8	249.8	237.1	9.546	1066	0
17.525	71	3	0	245.1	226.7	244.5	228.2	244.5	228.2	249.8	237.1	10.28	1081	0
17.525	71	1	0	234.7	250.2	244.2	228.6	244.2	228.6	249.8	237.1	10.15	1048	0
17.525	71	5	0	262.6	248.3	245.1	228.5	245.1	228.5	249.8	237.1	9.758	1082	0
17.525	71	7	0	252.7	257.9	244.7	228.9	244.7	228.9	249.8	237.1	9.614	1050	0
17.775	72	2	0	0	0	245.6	230.1	245.6	230.1	254.4	234.6	9.863	1073	0
17.775	72	4	0	0	0	245.3	230	245.3	230	254.4	234.6	10.23	1101	0
17.775	72	0	0	0	0	245.6	230.3	245.6	230.3	254.4	234.6	9.838	1050	0
17.775	72	6	0	0	0	245.3	230.1	245.3	230.1	254.4	234.6	10.2	1076	0
17.775	72	3	0	253.9	242	245.5	230	245.5	230	254.4	234.6	10.05	1091	0
17.775	72	1	0	250.6	226.7	245.7	230.2	245.7	230.2	254.4	234.6	9.794	1058	0
17.775	72	5	0	233.9	219.9	245.2	230	245.2	230	254.4	234.6	10.27	1093	0
17.775	72	7	0	253.7	253.8	245.4	230.2	245.4	230.2	254.4	234.6	10.02	1060	0
18.025	73	2	0	0	0	245.9	234.9	245.9	234.9	259.1	236.1	13.31	1087	0
18.025	73	4	0	0	0	245.8	234.4	245.8	234.4	259.1	236.1	13.46	1114	0
18.025	73	0	0	0	0	246.4	234.7	246.4	234.7	259.1	236.1	12.85	1063	0
18.025	73	6	0	0	0	246.3	234.2	246.3	234.2	259.1	236.1	13.01	1089	0
18.025	73	3	0	241.3	242.9	245.8	234.7	245.8	234.7	259.1	236.1	13.45	1104	0
18.025	73	1	0	245.5	264.5	246.1	234.9	246.1	234.9	259.1	236.1	13.06	1071	0
18.025	73	5	0	242.4	242.6	246	234.2	246	234.2	259.1	236.1	13.26	1106	0
18.025	73	7	0	267.8	234	246.4	234.4	246.4	234.4	259.1	236.1	12.86	1072	0
18.275	74	2	0	0	0	248.3	236.2	248.3	236.2	259.8	242.1	12.96	1100	0
18.275	74	4	0	0	0	248.1	236.2	248.1	236.2	259.8	242.1	13.12	1128	0
18.275	74	0	0	0	0	248.8	236.5	248.8	236.5	259.8	242.1	12.4	1076	0
18.275	74	6	0	0	0	248.6	236.5	248.6	236.5	259.8	242.1	12.57	1102	0
18.275	74	3	0	239.6	228.4	248.1	236.1	248.1	236.1	259.8	242.1	13.13	1117	0
18.275	74	1	0	265	245.4	248.6	236.3	248.6	236.3	259.8	242.1	12.65	1083	0
18.275	74	5	0	256.4	248.4	248.3	236.3	248.3	236.3	259.8	242.1	12.87	1119	0
18.275	74	7	0	261.8	244.3	248.7	236.5	248.7	236.5	259.8	242.1	12.39	1085	0
18.525	75	2	0	0	0	250.5	238.8	250.5	238.8	261.1	248.1	14.03	1114	0
18.525	75	4	0	0	0	250.7	238.7	250.7	238.7	261.1	248.1	14.03	1142	0
18.525	75	0	0	0	0	250.6	238.8	250.6	238.8	261.1	248.1	14.01	1090	0
18.525	75	6	0	0	0	250.7	238.6	250.7	238.6	261.1	248.1	14.02	1116	0
18.525	75	3	0	257.3	245.4	250.6	238.8	250.6	238.8	261.1	248.1	14.03	1131	0
18.525	75	1	0	250.9	249.8	250.5	238.9	250.5	238.9	261.1	248.1	14.02	1097	0
18.525	75	5	0	258.6	241.6	250.7	238.6	250.7	238.6	261.1	248.1	14.02	1133	0
18.525	75	7	0	261.3	244.5	250.7	238.7	250.7	238.7	261.1	248.1	14.01	1099	0
18.775	76	2	0	0	0	254.1	241.1	254.1	241.1	264.8	246.2	11.82	1126	0
18.775	76	4	0	0	0	254.9	240.9	254.9	240.9	264.8	246.2	11.24	1153	0
18.775	76	0	0	0	0	253.8	240.9	253.8	240.9	264.8	246.2	12.25	1102	0
18.775	76	6	0	0	0	254.5	240.6	254.5	240.6	264.8	246.2	11.66	1128	0
18.775	76	3	0	270.8	245.9	254.6	241	254.6	241	264.8	246.2	11.46	1143	0
18.775	76	1	0	247.4	256.2	253.8	241	253.8	241	264.8	246.2	12.13	1110	0
18.775	76	5	0	281	246.9	254.8	240.7	254.8	240.7	264.8	246.2	11.36	1144	0
18.775	76	7	0	256.5	234.8	254.1	240.7	254.1	240.7	264.8	246.2	12.02	1111	0
19.025	77	2	0	0	0	254.9	243.1	254.9	243.1	263.6	252.1	12.45	1138	0
19.025	77	4	0	0	0	255	242.5	255	242.5	263.6	252.1	12.85	1166	0
19.025	77	0	0	0	0	254.7	243.4	254.7	243.4	263.6	252.1	12.46	1114	0
19.025	77	6	0	0	0	254.7	242.8	254.7	242.8	263.6	252.1	12.84	1140	0
19.025	77	3	0	263.8	237.6	255	242.8	255	242.8	263.6	252.1	12.65	1156	0
19.025	77	1	0	253.9	265.5	254.8	243.3	254.8	243.3	263.6	252.1	12.39	1122	0
19.025	77	5	0	253.4	240.3	254.9	242.6	254.9	242.6	263.6	252.1	12.91	1157	0
19.025	77	7	0	252	253.4	254.6	243.1	254.6	243.1	263.6	252.1	12.65	1123	0
19.275	78	2	0	0	0	257.7	245.6	257.7	245.6	266.6	252.7	11.45	1149	0
19.275	78	4	0	0	0	257.7	245.7	257.7	245.7	266.6	252.7	11.34	1177	0
19.275	78	0	0	0	0	257.3	245.8	257.3	245.8	266.6	252.7	11.63	1126	0
19.275	78	6	0	0	0	257.3	246	257.3	246	266.6	252.7	11.51	1152	0
19.275	78	3	0	276.2	253.7	257.7	245.6	257.7	245.6	266.6	252.7	11.37	1167	0
19.275	78	1	0	259.4	243.3	257.5	245.7	257.5	245.7	266.6	252.7	11.56	1133	0
19.275	78	5	0	260.1	252.5	257.5	245.9	257.5	245.9	266.6	252.7	11.41	1169	0
19.275	78	7	0	262.4	269.2	257.2	245.9	257.2	245.9	266.6	252.7	11.6	1135	0
19.525	79	2	0	0	0	260.8	247.1	260.8	247.1	267.6	252.8	8.834	1158	0
19.525	79	4	0	0	0	260.2	246.5	260.2	246.5	267.6	252.8	9.733	1187	0
19.525	79	0	0	0	0	260.9	246.8	260.9	246.8	267.6	252.8	8.987	1135	0
19.525	79	6	0	0	0	260.2	246.1	260.2	246.1	267.6	252.8	9.894	1162	0
19.525	79	3	0	258.4	251	260.5	246.8	260.5	246.8	267.6	252.8	9.261	1176	0
19.525	79	1	0	290.6	268	261	247	261	247	267.6	252.8	8.768	1142	0
19.525	79	5	0	261.6	240.2	260.1	246.2	260.1	246.2	267.6	252.8	9.952	1179	0
19.525	79	7	0	264.5	232.1	260.6	246.4	260.6	246.4	267.6	252.8	9.467	1145	0
19.775	80	2	0	0	0	263.7	249.6	263.7	249.6	272.9	258.4	12.69	1171	0
19.775	80	4	0	0	0	263.6	249.4	263.6	249.4	272.9	258.4	13	1200	0
19.775	80	0	0	0	0	263.1	249.8	263.1	249.8	272.9	258.4	13.07	1148	0
19.775	80	6	0	0	0	262.9	249.5	262.9	249.5	272.9	258.4	13.37	1175	0
19.775	80	3	0	289.4	251.7	263.7	249.5	263.7	249.5	272.9	258.4	12.79	1189	0
19.775	80	1	0	266.8	264.1	263.4	249.8	263.4	249.8	272.9	258.4	12.83	1155	0
19.775	80	5	0	262.3	253.9	263.2	249.4	263.2	249.4	272.9	258.4	13.23	1192	0
19.775	80	7	0	261.9	262.9	262.9	249.7	262.9	249.7	272.9	258.4	13.28	1158	0
20.025	81	2	0	0	0	264.5	251.6	264.5	251.6	277	260.6	15.37	1186	0
20.025	81	4	0	0	0	264.7	251.6	264.7	251.6	277	260.6	15.21	1215	0
20.025	81	0	0	0	0	264.6	251	264.6	251	277	260.6	15.69	1164	0
20.025	81	6	0	0	0	264.7	251.1	264.7	251.1	277	260.6	15.53	1191	0
20.025	81	3	0	272.6	266	264.6	251.7	264.6	251.7	277	260.6	15.24	1204	0
20.025	81	1	0	258.5	254.9	264.5	251.3	264.5	251.3	277	260.6	15.56	1171	0
20.025	81	5	0	265.5	259	264.7	251.4	264.7	251.4	277	260.6	15.35	1207	0
20.025	81	7	0	279.1	239.8	264.6	251	264.6	251	277	260.6	15.67	1173	0
20.275	82	2	0	0	0	266.9	252.9	266.9	252.9	274.4	265.9	14.94	1201	0
20.275	82	4	0	0	0	266.6	252.9	266.6	252.9	274.4	265.9	15.11	1230	0
20.275	82	0	0	0	0	266.6	253.5	266.6	253.5	274.4	265.9	14.55	1178	0
20.275	82	6	0	0	0	266.3	253.5	266.3	253.5	274.4	265.9	14.73	1205	0
20.275	82	3	0	271.5	239.8	266.8	252.8	266.8	252.8	274.4	265.9	15.09	1219	0
20.275	82	1	0	284.5	263.4	266.8	253.2	266.8	253.2	274.4	265.9	14.72	1185	0
20.275	82	5	0	270.6	262.8	266.4	253.2	266.4	253.2	274.4	265.9	14.94	1222	0
20.275	82	7	0	258.2	273.1	266.4	253.6	266.4	253.6	274.4	265.9	14.58	1188	0
20.525	83	2	0	0	0	268.9	259.6	268.9	259.6	275.4	270.2	12.39	1214	0
20.525	83	4	0	0	0	269.2	259.6	269.2	259.6	275.4	270.2	12.31	1242	0
20.525	83	0	0	0	0	269	259.2	269	259.2	275.4	270.2	12.76	1191	0
20.525	83	6	0	0	0	269.3	259.1	269.3	259.1	275.4	270.2	12.69	1218	0
20.525	83	3	0	272.8	285.5	269.1	259.7	269.1	259.7	275.4	270.2	12.29	1232	0
20.525	83	1	0	269.9	276.7	268.9	259.4	268.9	259.4	275.4	270.2	12.59	1198	0
20.525	83	5	0	283.6	273.1	269.3	259.3	269.3	259.3	275.4	270.2	12.49	1235	0
20.525	83	7	0	278.5	267.1	269.1	259.1	269.1	259.1	275.4	270.2	12.78	1201	0
20.775	84	2	0	0	0	271.4	263.5	271.4	263.5	277.2	275.1	12.94	1227	0
20.775	84	4	0	0	0	271.8	264.3	271.8	264.3	277.2	275.1	12.08	1254	0
20.775	84	0	0	0	0	271.7	263.2	271.7	263.2	277.2	275.1	13.11	1204	0
20.775	84	6	0	0	0	272	264	272	264	277.2	275.1	12.24	1230	0
20.775	84	3	0	282.6	273.5	271.6	263.9	271.6	263.9	277.2	275.1	12.49	1244	0
20.775	84	1	0	262.9	263.8	271.5	263.2	271.5	263.2	277.2	275.1	13.16	1211	0
20.775	84	5	0	276.7	299	271.9	264.3	271.9	264.3	277.2	275.1	12.03	1247	0
20.775	84	7	0	299	264	271.9	263.6	271.9	263.6	277.2	275.1	12.7	1214	0
21.025	85	2	0	0	0	273.4	269.1	273.4	269.1	277	273.9	6.01	1233	0
21.025	85	4	0	0	0	273	269	273	269	277	273.9	6.333	1261	0
21.025	85	0	0	0	0	272.9	268.8	272.9	268.8	277	273.9	6.513	1211	0
21.025	85	6	0	0	0	272.5	268.8	272.5	268.8	277	273.9	6.851	1237	0
21.025	85	3	0	282.5	284.1	273.3	269.1	273.3	269.1	277	273.9	6.093	1250	0
21.025	85	1	0	291.2	287.4	273.2	269	273.2	269	277	273.9	6.208	1217	0
21.025	85	5	0	271.5	280.9	272.7	268.9	272.7	268.9	277	273.9	6.642	1253	0
21.025	85	7	0	253.6	279.3	272.6	268.8	272.6	268.8	277	273.9	6.762	1220	0
21.275	86	2	0	0	0	272.1	270.2	272.1	270.2	276	272.2	4.425	1237	0
21.275	86	4	0	0	0	271.6	269.9	271.6	269.9	276	272.2	4.976	1266	0
21.275	86	0	0	0	0	271.8	270.2	271.8	270.2	276	272.2	4.708	1215	0
21.275	86	6	0	0	0	271.3	269.8	271.3	269.8	276	272.2	5.262	1243	0
21.275	86	3	0	274	278.6	271.9	270.1	271.9	270.1	276	272.2	4.657	1255	0
21.275	86	1	0	277.2	274.7	272	270.2	272	270.2	276	272.2	4.48	1222	0
21.275	86	5	0	258.9	260.2	271.4	269.8	271.4	269.8	276	272.2	5.205	1258	0
21.275	86	7	0	259.8	280.4	271.5	270	271.5	270	276	272.2	5.03	1225	0
21.525	87	2	0	0	0	274.2	270.4	274.2	270.4	274.3	276.3	5.838	1243	0
21.525	87	4	0	0	0	274	271.2	274	271.2	274.3	276.3	5.104	1271	0
21.525	87	0	0	0	0	273.9	270.9	273.9	270.9	274.3	276.3	5.419	1221	0
21.525	87	6	0	0	0	273.6	271.6	273.6	271.6	274.3	276.3	4.701	1247	0
21.525	87	3	0	275.6	262.4	274.1	270.7	274.1	270.7	274.3	276.3	5.535	1260	0
21.525	87	1	0	295.4	258.9	274.1	270.5	274.1	270.5	274.3	276.3	5.741	1228	0
21.525	87	5	0	285.4	292.8	273.8	271.5	273.8	271.5	274.3	276.3	4.789	1263	0
21.525	87	7	0	258.5	284.9	273.7	271.3	273.7	271.3	274.3	276.3	4.995	1230	0
21.775	88	2	0	0	0	270.2	274.8	270.2	274.8	273.5	282.9	8.705	1252	0
21.775	88	4	0	0	0	269.8	275.1	269.8	275.1	273.5	282.9	8.585	1279	0
21.775	88	0	0	0	0	270.2	274.5	270.2	274.5	273.5	282.9	8.997	1230	0
21.775	88	6	0	0	0	269.8	274.8	269.8	274.8	273.5	282.9	8.865	1256	0
21.775	88	3	0	257.7	295.3	270	275	270	275	273.5	282.9	8.596	1269	0
21.775	88	1	0	0	0	270.3	274.6	270.3	274.6	273.5	282.9	8.873	1236	0
21.775	88	5	0	255.1	284.6	269.8	275	269.8	275	273.5	282.9	8.708	1272	0
21.775	88	7	0	251.6	286	270	274.6	270	274.6	273.5	282.9	8.972	1239	0
22.025	89	2	0	0	0	269.6	274.9	269.6	274.9	270.5	280.6	5.689	1257	0
22.025	89	4	0	0	0	269.7	275.8	269.7	275.8	270.5	280.6	4.816	1284	0
22.025	89	0	0	0	0	269.4	275.4	269.4	275.4	270.5	280.6	5.26	1235	0
22.025	89	6	0	0	0	269.5	276.3	269.5	276.3	270.5	280.6	4.385	1260	0
22.025	89	3	0	271.3	265.4	269.7	275.3	269.7	275.3	270.5	280.6	5.32	1274	0
22.025	89	1	0	266.5	261.1	269.5	275	269.5	275	270.5	280.6	5.609	1242	0
22.025	89	5	0	272.3	298.4	269.6	276.2	269.6	276.2	270.5	280.6	4.462	1276	0
22.025	89	7	0	260.1	290.9	269.4	275.9	269.4	275.9	270.5	280.6	4.756	1244	0
22.275	90	2	0	0	0	267.3	275.4	267.3	275.4	269.5	278	3.437	1261	0
22.275	90	4	0	0	0	267.4	275.8	267.4	275.8	269.5	278	3.051	1287	0
22.275	90	0	0	0	0	267.4	275.5	267.4	275.5	269.5	278	3.24	1238	0
22.275	90	6	0	0	0	267.5	275.9	267.5	275.9	269.5	278	2.852	1263	0
22.275	90	3	0	258.7	266.5	267.3	275.5	267.3	275.5	269.5	278	3.274	1278	0
22.275	90	1	0	259.8	275.2	267.3	275.4	267.3	275.4	269.5	278	3.4	1245	0
22.275	90	5	0	264.8	290.5	267.5	275.9	267.5	275.9	269.5	278	2.893	1279	0
22.275	90	7	0	263.2	269.7	267.5	275.8	267.5	275.8	269.5	278	3.014	1247	0
22.525	91	2	0	0	0	267.9	277.6	267.9	277.6	273.5	283.7	8.282	1269	0
22.525	91	4	0	0	0	267.9	277.3	267.9	277.3	273.5	283.7	8.426	1296	0
22.525	91	0	0	0	0	267.7	277.2	267.7	277.2	273.5	283.7	8.627	1247	0
22.525	91	6	0	0	0	267.8	277	267.8	277	273.5	283.7	8.768	1272	0
22.525	91	3	0	271.5	298	267.9	277.5	267.9	277.5	273.5	283.7	8.301	1286	0
22.525	91	1	0	0	0	267.8	277.5	267.8	277.5	273.5	283.7	8.432	1254	0
22.525	91	5	0	270.1	265.8	267.9	277.1	267.9	277.1	273.5	283.7	8.618	1288	0
22.525	91	7	0	265.9	286.6	267.8	277.1	267.8	277.1	273.5	283.7	8.751	1256	0
22.775	92	2	0	0	0	269.8	278.4	269.8	278.4	276.3	289.2	12.65	1282	0
22.775	92	4	0	0	0	269.8	278.3	269.8	278.3	276.3	289.2	12.71	1308	0
22.775	92	0	0	0	0	269.7	278.1	269.7	278.1	276.3	289.2	12.92	1260	0
22.775	92	6	0	0	0	269.8	278	269.8	278	276.3	289.2	12.98	1285	0
22.775	92	3	0	279.1	289.2	269.8	278.4	269.8	278.4	276.3	289.2	12.63	1299	0
22.775	92	1	0	0	0	269.7	278.3	269.7	278.3	276.3	289.2	12.77	1267	0
22.775	92	5	0	271.7	274.9	269.8	278.1	269.8	278.1	276.3	289.2	12.85	1301	0
22.775	92	7	0	281.3	279.4	269.7	278	269.7	278	276.3	289.2	12.99	1269	0
23.025	93	2	0	0	0	271.8	279.6	271.8	279.6	283.3	294.2	18.53	1300	0
23.025	93	4	0	0	0	272.1	279.6	272.1	279.6	283.3	294.2	18.4	1327	0
23.025	93	0	0	0	0	271.5	279.3	271.5	279.3	283.3	294.2	19.03	1279	0
23.025	93	6	0	0	0	271.8	279.2	271.8	279.2	283.3	294.2	18.89	1304	0
23.025	93	3	0	283.2	292.2	272	279.7	272	279.7	283.3	294.2	18.39	1317	0
23.025	93	1	0	0	0	271.6	279.4	271.6	279.4	283.3	294.2	18.8	1285	0
23.025	93	5	0	281.1	278.9	272	279.4	272	279.4	283.3	294.2	18.62	1319	0
23.025	93	7	0	0	0	271.6	279.2	271.6	279.2	283.3	294.2	19.04	1288	0
23.275	94	2	0	0	0	274.3	283	274.3	283	282.9	296.7	16.19	1316	0
23.275	94	4	0	0	0	274.4	283.6	274.4	283.6	282.9	296.7	15.67	1343	0
23.275	94	0	0	0	0	273.7	282.6	273.7	282.6	282.9	296.7	16.89	1296	0
23.275	94	6	0	0	0	273.8	283.2	273.8	283.2	282.9	296.7	16.35	1320	0
23.275	94	3	0	295	297.3	274.4	283.4	274.4	283.4	282.9	296.7	15.83	1333	0
23.275	94	1	0	0	0	274	282.7	274	282.7	282.9	296.7	16.62	1302	0
23.275	94	5	0	275.1	306.5	274.1	283.5	274.1	283.5	282.9	296.7	15.93	1335	0
23.275	94	7	0	0	0	273.6	282.8	273.6	282.8	282.9	296.7	16.73	1305	0
23.525	95	2	0	0	0	274.3	286.5	274.3	286.5	283.9	296	13.48	1330	0
23.525	95	4	0	0	0	274.5	286.7	274.5	286.7	283.9	296	13.17	1356	0
23.525	95	0	0	0	0	274.3	285.8	274.3	285.8	283.9	296	13.96	1310	0
23.525	95	6	0	0	0	274.5	286.1	274.5	286.1	283.9	296	13.63	1334	0
23.525	95	3	0	272	309.1	274.4	286.7	274.4	286.7	283.9	296	13.26	1346	0
23.525	95	1	0	0	0	274.3	286.1	274.3	286.1	283.9	296	13.77	1316	0
23.525	95	5	0	280.5	295.2	274.5	286.5	274.5	286.5	283.9	296	13.35	1349	0
23.525	95	7	0	0	0	274.4	285.8	274.4	285.8	283.9	296	13.87	1318	0
23.775	96	2	0	0	0	276.7	289.9	276.7	289.9	288.7	299	15.12	1345	0
23.775	96	4	0	0	0	277	290.6	277	290.6	288.7	299	14.41	1370	0
23.775	96	0	0	0	0	276.4	289.5	276.4	289.5	288.7	299	15.59	1325	0
23.775	96	6	0	0	0	276.7	290.3	276.7	290.3	288.7	299	14.85	1349	0
23.775	96	3	0	287.8	300.3	276.9	290.3	276.9	290.3	288.7	299	14.69	1361	0
23.775	96	1	0	0	0	276.5	289.6	276.5	289.6	288.7	299	15.47	1331	0
23.775	96	5	0	289.2	318.8	276.9	290.6	276.9	290.6	288.7	299	14.52	1363	0
23.775	96	7	0	0	0	276.5	289.8	276.5	289.8	288.7	299	15.29	1334	0
24.025	97	2	0	0	0	279.5	291.8	279.5	291.8	292.9	300	15.67	1361	0
24.025	97	4	0	0	0	279.5	292	279.5	292	292.9	300	15.55	1386	0
24.025	97	0	0	0	0	278.8	291.5	278.8	291.5	292.9	300	16.45	1342	0
24.025	97	6	0	0	0	278.8	291.7	278.8	291.7	292.9	300	16.3	1365	0
24.025	97	3	0	304.5	301.1	279.6	291.9	279.6	291.9	292.9	300	15.49	1376	0
24.025	97	1	0	0	0	279.2	291.6	279.2	291.6	292.9	300	16.08	1347	0
24.025	97	5	0	278.1	299.4	279.2	291.9	279.2	291.9	292.9	300	15.9	1379	0
24.025	97	7	0	0	0	278.7	291.5	278.7	291.5	292.9	300	16.5	1350	0
24.275	98	2	0	0	0	283.5	296.5	283.5	296.5	292.2	302.5	10.59	1371	0
24.275	98	4	0	0	0	283.9	297.1	283.9	297.1	292.2	302.5	9.882	1396	0
24.275	98	0	0	0	0	282.7	295.8	282.7	295.8	292.2	302.5	11.62	1353	0
24.275	98	6	0	0	0	283.2	296.4	283.2	296.4	292.2	302.5	10.87	1376	0
24.275	98	3	0	307.2	322	283.8	296.9	283.8	296.9	292.2	302.5	10.08	1386	0
24.275	98	1	0	0	0	283	296.1	283	296.1	292.2	302.5	11.22	1359	0
24.275	98	5	0	301.7	318.8	283.6	296.8	283.6	296.8	292.2	302.5	10.26	1389	0
24.275	98	7	0	0	0	282.9	296	282.9	296	292.2	302.5	11.4	1362	0
24.525	99	2	0	0	0	284.7	295.5	284.7	295.5	292	303.5	10.81	1382	0
24.525	99	4	0	0	0	285.1	295.5	285.1	295.5	292	303.5	10.59	1406	0
24.525	99	0	0	0	0	284.5	295.7	284.5	295.7	292	303.5	10.85	1364	0
24.525	99	6	0	0	0	284.9	295.6	284.9	295.6	292	303.5	10.62	1387	0
24.525	99	3	0	288.7	289.2	284.9	295.5	284.9	295.5	292	303.5	10.69	1397	0
24.525	99	1	0	0	0	284.6	295.6	284.6	295.6	292	303.5	10.86	1369	0
24.525	99	5	0	296	293.3	285	295.6	285	295.6	292	303.5	10.57	1400	0
24.525	99	7	0	0	0	284.7	295.7	284.7	295.7	292	303.5	10.74	1372	0
24.775	100	2	0	0	0	284.4	296.3	284.4	296.3	291.8	302.5	9.634	1392	0
24.775	100	4	0	0	0	284.5	296.2	284.5	296.2	291.8	302.5	9.565	1416	0
24.775	100	0	0	0	0	284.5	296.1	284.5	296.1	291.8	302.5	9.638	1374	0
24.775	100	6	0	0	0	284.6	296.1	284.6	296.1	291.8	302.5	9.568	1396	0
24.775	100	3	0	279.3	302	284.4	296.3	284.4	296.3	291.8	302.5	9.599	1407	0
24.775	100	1	0	0	0	284.5	296.2	284.5	296.2	291.8	302.5	9.647	1379	0
24.775	100	5	0	287	296.1	284.6	296.2	284.6	296.2	291.8	302.5	9.556	1409	0
24.775	100	7	0	0	0	284.6	296.1	284.6	296.1	291.8	302.5	9.604	1382	0
25.025	101	2	0	0	0	285.1	294.4	285.1	294.4	290.1	309.3	15.75	1407	0
25.025	101	4	0	0	0	285.2	294.1	285.2	294.1	290.1	309.3	15.99	1432	0
25.025	101	0	0	0	0	285	294.6	285	294.6	290.1	309.3	15.58	1389	0
25.025	101	6	0	0	0	285.1	294.3	285.1	294.3	290.1	309.3	15.83	1412	0
25.025	101	3	0	287.8	287	285.1	294.2	285.1	294.2	290.1	309.3	15.89	1422	0
25.025	101	1	0	0	0	285	294.6	285	294.6	290.1	309.3	15.62	1395	0
25.025	101	5	0	288.4	283.2	285.2	294.2	285.2	294.2	290.1	309.3	15.95	1425	0
25.025	101	7	0	0	0	285.1	294.5	285.1	294.5	290.1	309.3	15.68	1398	0
25.275	102	2	0	0	0	286.9	297.9	286.9	297.9	292.5	311	14.28	1422	0
25.275	102	4	0	0	0	286.6	298.2	286.6	298.2	292.5	311	14.03	1446	0
25.275	102	0	0	0	0	286.3	297.3	286.3	297.3	292.5	311	15	1404	0
25.275	102	6	0	0	0	286	297.8	286	297.8	292.5	311	14.74	1427	0
25.275	102	3	0	308.8	316.5	286.8	298.1	286.8	298.1	292.5	311	14.05	1436	0
25.275	102	1	0	0	0	286.6	297.5	286.6	297.5	292.5	311	14.68	1409	0
25.275	102	5	0	276.8	314	286.3	298.1	286.3	298.1	292.5	311	14.34	1440	0
25.275	102	7	0	0	0	286	297.5	286	297.5	292.5	311	14.98	1413	0
25.525	103	2	0	0	0	288.6	299.6	288.6	299.6	299.1	314	17.8	1440	0
25.525	103	4	0	307.1	302.3	288.9	300.2	288.9	300.2	299.1	314	17.12	1463	0
25.525	103	0	0	0	0	288.2	299.6	288.2	299.6	299.1	314	18.04	1422	0
25.525	103	6	0	0	0	288.6	300.2	288.6	300.2	299.1	314	17.32	1444	0
25.525	103	3	0	289.1	296.6	288.8	299.9	288.8	299.9	299.1	314	17.42	1454	0
25.525	103	1	0	0	0	288.3	299.5	288.3	299.5	299.1	314	18.03	1427	0
25.525	103	5	0	289.9	322.8	288.8	300.3	288.8	300.3	299.1	314	17.11	1457	0
25.525	103	7	0	0	0	288.3	299.9	288.3	299.9	299.1	314	17.71	1430	0
25.775	104	2	0	0	0	293.5	303.5	293.5	303.5	301.2	315.2	14.04	1454	0
25.775	104	4	0	313.2	325.1	294	304.5	294	304.5	301.2	315.2	12.97	1476	0
25.775	104	0	0	0	0	292.6	303.2	292.6	303.2	301.2	315.2	14.77	1437	0
25.775	104	6	0	0	0	293.1	304.2	293.1	304.2	301.2	315.2	13.63	1458	0
25.775	104	3	0	313.7	299.2	293.8	304	293.8	304	301.2	315.2	13.39	1467	0
25.775	104	1	0	0	0	292.9	303.2	292.9	303.2	301.2	315.2	14.57	1442	0
25.775	104	5	0	299	327	293.6	304.5	293.6	304.5	301.2	315.2	13.13	1470	0
25.775	104	7	0	0	0	292.7	303.7	292.7	303.7	301.2	315.2	14.3	1445	0
26.025	105	2	0	0	0	295.6	309	295.6	309	299.1	321.2	12.7	1466	0
26.025	105	4	0	301.3	318.5	295.9	309.9	295.9	309.9	299.1	321.2	11.71	1488	0
26.025	105	0	0	0	0	295.2	308.4	295.2	308.4	299.1	321.2	13.37	1451	0
26.025	105	6	0	0	0	295.5	309.4	295.5	309.4	299.1	321.2	12.31	1470	0
26.025	105	3	0	305.3	323.4	295.8	309.5	295.8	309.5	299.1	321.2	12.1	1479	0
26.025	105	1	0	0	0	295.3	308.5	295.3	308.5	299.1	321.2	13.19	1455	0
26.025	105	5	0	302.3	339.6	295.7	309.8	295.7	309.8	299.1	321.2	11.86	1482	0
26.025	105	7	0	0	0	295.2	308.8	295.2	308.8	299.1	321.2	12.93	1458	0
26.275	106	2	0	0	0	296.3	311.4	296.3	311.4	302.7	323.3	13.49	1480	0
26.275	106	4	0	294.2	317.7	296.7	311.8	296.7	311.8	302.7	323.3	12.97	1500	0
26.275	106	0	0	0	0	296.4	311.1	296.4	311.1	302.7	323.3	13.77	1464	0
26.275	106	6	0	0	0	296.8	311.5	296.8	311.5	302.7	323.3	13.21	1483	0
26.275	106	3	0	292.7	319.1	296.5	311.7	296.5	311.7	302.7	323.3	13.19	1493	0
26.275	106	1	0	0	0	296.3	311.2	296.3	311.2	302.7	323.3	13.72	1469	0
26.275	106	5	0	314.2	320.4	296.8	311.7	296.8	311.7	302.7	323.3	13.01	1495	0
26.275	106	7	0	0	0	296.6	311.2	296.6	311.2	302.7	323.3	13.53	1471	0
26.525	107	2	0	0	0	298.5	314.4	298.5	314.4	304.7	325.3	12.52	1492	0
26.525	107	4	0	306.3	333.2	298.6	314.6	298.6	314.6	304.7	325.3	12.31	1513	0
26.525	107	0	0	0	0	298.1	313.7	298.1	313.7	304.7	325.3	13.35	1478	0
26.525	107	6	0	0	0	298.1	314	298.1	314	304.7	325.3	13.1	1496	0
26.525	107	3	0	312	327.2	298.6	314.6	298.6	314.6	304.7	325.3	12.29	1505	0
26.525	107	1	0	0	0	298.3	314.1	298.3	314.1	304.7	325.3	12.97	1482	0
26.525	107	5	0	293.6	308.1	298.4	314.3	298.4	314.3	304.7	325.3	12.67	1507	0
26.525	107	7	0	0	0	298	313.8	298	313.8	304.7	325.3	13.36	1484	0
26.775	108	2	0	0	0	300.1	317.4	300.1	317.4	305.1	327.4	11.22	1504	0
26.775	108	4	0	300.6	331.8	300.1	318.1	300.1	318.1	305.1	327.4	10.58	1523	0
26.775	108	0	0	0	0	299.6	317.1	299.6	317.1	305.1	327.4	11.71	1489	0
26.775	108	6	0	0	0	299.7	317.8	299.7	317.8	305.1	327.4	11.03	1507	0
26.775	108	3	0	314.1	318.3	300.1	317.8	300.1	317.8	305.1	327.4	10.82	1516	0
26.775	108	1	0	0	0	299.8	317.1	299.8	317.1	305.1	327.4	11.56	1493	0
26.775	108	5	0	299.8	337	299.9	318.1	299.9	318.1	305.1	327.4	10.71	1518	0
26.775	108	7	0	0	0	299.6	317.4	299.6	317.4	305.1	327.4	11.44	1496	0
27.025	109	2	0	0	0	302.6	321	302.6	321	308.3	327.1	8.338	1512	0
27.025	109	4	0	329.1	327.9	303.1	321.3	303.1	321.3	308.3	327.1	7.837	1531	0
27.025	109	0	0	0	0	302.1	320.3	302.1	320.3	308.3	327.1	9.171	1499	0
27.025	109	6	0	0	0	302.6	320.6	302.6	320.6	308.3	327.1	8.618	1516	0
27.025	109	3	0	301.9	341.8	302.9	321.3	302.9	321.3	308.3	327.1	7.963	1524	0
27.025	109	1	0	0	0	302.3	320.7	302.3	320.7	308.3	327.1	8.832	1502	0
27.025	109	5	0	302.8	324.5	302.9	321	302.9	321	308.3	327.1	8.142	1526	0
27.025	109	7	0	0	0	302.3	320.4	302.3	320.4	308.3	327.1	9.02	1505	0
27.275	110	2	0	0	0	306.6	322.2	306.6	322.2	314.1	327	8.922	1521	0
27.275	110	4	0	314.8	337.5	307.1	322.7	307.1	322.7	314.1	327	8.212	1539	0
27.275	110	0	0	0	0	305.9	322.1	305.9	322.1	314.1	327	9.482	1508	0
27.275	110	6	0	0	0	306.5	322.6	306.5	322.6	314.1	327	8.724	1525	0
27.275	110	3	0	322.4	313.2	306.9	322.4	306.9	322.4	314.1	327	8.481	1532	0
27.275	110	1	0	0	0	306.2	322	306.2	322	314.1	327	9.315	1512	0
27.275	110	5	0	321.7	331.4	306.9	322.7	306.9	322.7	314.1	327	8.353	1535	0
27.275	110	7	0	0	0	306.1	322.3	306.1	322.3	314.1	327	9.183	1514	0
27.525	111	2	0	0	0	308.4	324.6	308.4	324.6	319.3	333.4	13.97	1535	0
27.525	111	4	0	321.2	320	309.1	324.9	309.1	324.9	319.3	333.4	13.3	1553	0
27.525	111	0	0	0	0	308.3	324.3	308.3	324.3	319.3	333.4	14.24	1522	0
27.525	111	6	0	0	0	309	324.6	309	324.6	319.3	333.4	13.54	1538	0
27.525	111	3	0	302.3	338.3	308.8	324.8	308.8	324.8	319.3	333.4	13.59	1546	0
27.525	111	1	0	0	0	308.3	324.4	308.3	324.4	319.3	333.4	14.21	1526	0
27.525	111	5	0	324.6	338.7	309.1	324.8	309.1	324.8	319.3	333.4	13.31	1548	0
27.525	111	7	0	0	0	308.7	324.4	308.7	324.4	319.3	333.4	13.92	1528	0
27.775	112	2	0	0	0	309.2	327.7	309.2	327.7	318.5	339.7	15.12	1550	0
27.775	112	4	0	305.5	343.1	309.2	328.3	309.2	328.3	318.5	339.7	14.69	1567	0
27.775	112	0	0	0	0	309.1	327.3	309.1	327.3	318.5	339.7	15.54	1538	0
27.775	112	6	0	0	0	309	328	309	328	318.5	339.7	15.07	1553	0
27.775	112	3	0	318.3	331.5	309.3	328.1	309.3	328.1	318.5	339.7	14.84	1561	0
27.775	112	1	0	0	0	309.2	327.4	309.2	327.4	318.5	339.7	15.4	1541	0
27.775	112	5	0	307.8	340.9	309.1	328.2	309.1	328.2	318.5	339.7	14.81	1563	0
27.775	112	7	0	0	0	309	327.6	309	327.6	318.5	339.7	15.37	1543	0
28.025	113	2	0	0	0	310.2	332.7	310.2	332.7	317.8	345.1	14.5	1564	0
28.025	113	4	0	320.9	336.2	310.5	333.5	310.5	333.5	317.8	345.1	13.7	1581	0
28.025	113	0	0	0	0	310.1	332.1	310.1	332.1	317.8	345.1	15.07	1553	0
28.025	113	6	0	0	0	310.4	333	310.4	333	317.8	345.1	14.21	1567	0
28.025	113	3	0	306.2	352	310.4	333.2	310.4	333.2	317.8	345.1	14.01	1575	0
28.025	113	1	0	0	0	310.1	332.3	310.1	332.3	317.8	345.1	14.91	1556	0
28.025	113	5	0	315.1	361.3	310.5	333.3	310.5	333.3	317.8	345.1	13.83	1577	0
28.025	113	7	0	0	0	310.2	332.5	310.2	332.5	317.8	345.1	14.72	1558	0
28.275	114	2	0	0	0	313.1	335.9	313.1	335.9	320.9	344.5	11.61	1576	0
28.275	114	4	0	325.1	350.6	313.6	336.2	313.6	336.2	320.9	344.5	11.04	1592	0
28.275	114	0	0	0	0	312.7	335.3	312.7	335.3	320.9	344.5	12.32	1565	0
28.275	114	6	0	0	0	313.2	335.7	313.2	335.7	320.9	344.5	11.71	1579	0
28.275	114	3	0	320.1	347.2	313.4	336.1	313.4	336.1	320.9	344.5	11.22	1586	0
28.275	114	1	0	0	0	312.9	335.5	312.9	335.5	320.9	344.5	12.06	1568	0
28.275	114	5	0	322.7	337.8	313.5	336	313.5	336	320.9	344.5	11.28	1588	0
28.275	114	7	0	0	0	312.9	335.4	312.9	335.4	320.9	344.5	12.12	1570	0
28.525	115	2	0	0	0	317.7	338.2	317.7	338.2	324.2	342.4	7.694	1584	0
28.525	115	4	0	334.5	322.8	318.5	338.5	318.5	338.5	324.2	342.4	6.933	1599	0
28.525	115	0	0	0	0	317.1	337.9	317.1	337.9	324.2	342.4	8.392	1574	0
28.525	115	6	0	0	0	317.9	338.2	317.9	338.2	324.2	342.4	7.568	1587	0
28.525	115	3	0	329.4	357.9	318.2	338.4	318.2	338.4	324.2	342.4	7.206	1593	0
28.525	115	1	0	0	0	317.3	338	317.3	338	324.2	342.4	8.165	1576	0
28.525	115	5	0	335.9	360.2	318.3	338.4	318.3	338.4	324.2	342.4	7.127	1595	0
28.525	115	7	0	0	0	317.4	338	317.4	338	324.2	342.4	8.08	1578	0
28.775	116	2	0	0	0	319.2	338.9	319.2	338.9	322.6	340.1	3.59	1587	0
28.775	116	4	0	333.3	330.4	319.5	338.6	319.5	338.6	322.6	340.1	3.465	1603	0
28.775	116	0	0	0	0	318.9	338.5	318.9	338.5	322.6	340.1	4.011	1578	0
28.775	116	6	0	0	0	319.2	338.2	319.2	338.2	322.6	340.1	3.886	1591	0
28.775	116	3	0	319.7	357.5	319.4	338.8	319.4	338.8	322.6	340.1	3.459	1596	0
28.775	116	1	0	0	0	319	338.8	319	338.8	322.6	340.1	3.819	1580	0
28.775	116	5	0	317.7	331	319.4	338.4	319.4	338.4	322.6	340.1	3.655	1599	0
28.775	116	7	0	0	0	319	338.3	319	338.3	322.6	340.1	4.012	1582	0
29.025	117	2	0	0	0	321.9	339	321.9	339	328.5	346.4	9.867	1597	0
29.025	117	4	0	335.3	352.5	322.6	338.9	322.6	338.9	328.5	346.4	9.499	1612	0
29.025	117	0	0	0	0	321.6	338.7	321.6	338.7	328.5	346.4	10.26	1588	0
29.025	117	6	0	0	0	322.3	338.6	322.3	338.6	328.5	346.4	9.871	1601	0
29.025	117	3	0	0	0	322.3	339	322.3	339	328.5	346.4	9.616	1606	0
29.025	117	1	0	0	0	321.7	338.9	321.7	338.9	328.5	346.4	10.13	1590	0
29.025	117	5	0	338.2	326.1	322.6	338.7	322.6	338.7	328.5	346.4	9.631	1608	0
29.025	117	7	0	0	0	322	338.6	322	338.6	328.5	346.4	10.12	1592	0
29.275	118	2	0	0	0	321.9	339.1	321.9	339.1	331.9	349.6	14.55	1612	0
29.275	118	4	0	320.2	341.6	322	339.1	322	339.1	331.9	349.6	14.5	1627	0
29.275	118	0	0	0	0	321.9	339	321.9	339	331.9	349.6	14.6	1603	0
29.275	118	6	0	0	0	322	339.1	322	339.1	331.9	349.6	14.55	1615	0
29.275	118	3	0	0	0	321.9	339.1	321.9	339.1	331.9	349.6	14.52	1621	0
29.275	118	1	0	0	0	321.9	339	321.9	339	331.9	349.6	14.59	1605	0
29.275	118	5	0	0	0	322	339.1	322	339.1	331.9	349.6	14.52	1623	0
29.275	118	7	0	0	0	321.9	339	321.9	339	331.9	349.6	14.58	1607	0
29.525	119	2	0	0	0	321.9	339.8	321.9	339.8	332.5	349.7	14.44	1626	0
29.525	119	4	0	321.8	347.1	321.9	340	321.9	340	332.5	349.7	14.34	1641	0
29.525	119	0	0	0	0	321.9	339.7	321.9	339.7	332.5	349.7	14.55	1617	0
29.525	119	6	0	0	0	321.9	339.8	321.9	339.8	332.5	349.7	14.44	1630	0
29.525	119	3	0	0	0	321.9	339.9	321.9	339.9	332.5	349.7	14.37	1635	0
29.525	119	1	0	0	0	321.9	339.7	321.9	339.7	332.5	349.7	14.51	1619	0
29.525	119	5	0	0	0	321.9	339.9	321.9	339.9	332.5	349.7	14.37	1637	0
29.525	119	7	0	0	0	321.9	339.7	321.9	339.7	332.5	349.7	14.51	1622	0
29.775	120	2	0	0	0	323.6	342.3	323.6	342.3	338.3	347.8	15.71	1642	0
29.775	120	4	0	339.3	365.5	323.9	342.8	323.9	342.8	338.3	347.8	15.23	1656	0
29.775	120	0	0	0	0	323.3	341.8	323.3	341.8	338.3	347.8	16.18	1633	0
29.775	120	6	0	0	0	323.6	342.3	323.6	342.3	338.3	347.8	15.68	1645	0
29.775	120	3	0	0	0	323.8	342.6	323.8	342.6	338.3	347.8	15.4	1650	0
29.775	120	1	0	0	0	323.4	342	323.4	342	338.3	347.8	16.02	1635	0
29.775	120	5	0	0	0	323.8	342.6	323.8	342.6	338.3	347.8	15.38	1653	0
29.775	120	7	0	0	0	323.4	342	323.4	342	338.3	347.8	16	1638	0
30.025	121	2	0	0	0	324.8	341.3	324.8	341.3	336	347.7	12.92	1655	0
30.025	121	4	0	336.6	332.1	325.1	341.2	325.1	341.2	336	347.7	12.76	1669	0
30.025	121	0	0	0	0	324.6	341.5	324.6	341.5	336	347.7	13.09	1646	0
30.025	121	6	0	0	0	324.8	341.3	324.8	341.3	336	347.7	12.91	1658	0
30.025	121	3	0	0	0	325	341.2	325	341.2	336	347.7	12.82	1663	0
30.025	121	1	0	0	0	324.6	341.4	324.6	341.4	336	347.7	13.03	1648	0
30.025	121	5	0	0	0	325	341.2	325	341.2	336	347.7	12.81	1665	0
30.025	121	7	0	0	0	324.7	341.4	324.7	341.4	336	347.7	13.02	1651	0
30.275	122	2	0	0	0	326	342.6	326	342.6	337.6	353.9	16.23	1671	0
30.275	122	4	0	337.2	354.5	326.3	342.8	326.3	342.8	337.6	353.9	15.88	1685	0
30.275	122	0	0	0	0	325.8	342.3	325.8	342.3	337.6	353.9	16.56	1663	0
30.275	122	6	0	0	0	326	342.6	326	342.6	337.6	353.9	16.2	1674	0
30.275	122	3	0	0	0	326.2	342.7	326.2	342.7	337.6	353.9	16	1679	0
30.275	122	1	0	0	0	325.8	342.4	325.8	342.4	337.6	353.9	16.45	1665	0
30.275	122	5	0	0	0	326.2	342.7	326.2	342.7	337.6	353.9	15.98	1681	0
30.275	122	7	0	0	0	325.9	342.4	325.9	342.4	337.6	353.9	16.43	1667	0
30.525	123	2	0	0	0	328.1	342.4	328.1	342.4	344.4	354.8	20.57	1692	0
30.525	123	4	0	347.8	340.4	328.5	342.3	328.5	342.3	344.4	354.8	20.24	1705	0
30.525	123	0	0	0	0	327.7	342.4	327.7	342.4	344.4	354.8	20.89	1684	0
30.525	123	6	0	0	0	328.1	342.4	328.1	342.4	344.4	354.8	20.54	1695	0
30.525	123	3	0	0	0	328.4	342.3	328.4	342.3	344.4	354.8	20.35	1700	0
30.525	123	1	0	0	0	327.8	342.4	327.8	342.4	344.4	354.8	20.78	1686	0
30.525	123	5	0	0	0	328.4	342.3	328.4	342.3	344.4	354.8	20.34	1702	0
30.525	123	7	0	0	0	327.8	342.4	327.8	342.4	344.4	354.8	20.76	1688	0
30.775	124	2	0	0	0	329.1	344.6	329.1	344.6	342.1	358.3	18.92	1710	0
30.775	124	4	0	338.3	365.9	329.3	345	329.3	345	342.1	358.3	18.45	1723	0
30.775	124	0	0	0	0	328.8	344.2	328.8	344.2	342.1	358.3	19.38	1703	0
30.775	124	6	0	0	0	329.1	344.6	329.1	344.6	342.1	358.3	18.89	1714	0
30.775	124	3	0	0	0	329.2	344.9	329.2	344.9	342.1	358.3	18.61	1718	0
30.775	124	1	0	0	0	328.9	344.3	328.9	344.3	342.1	358.3	19.23	1705	0
30.775	124	5	0	0	0	329.2	344.9	329.2	344.9	342.1	358.3	18.59	1720	0
30.775	124	7	0	0	0	328.9	344.3	328.9	344.3	342.1	358.3	19.21	1707	0
31.025	125	2	0	0	0	331	346.8	331	346.8	342.4	357.7	15.76	1726	0
31.025	125	4	0	349.2	367.9	331.4	347.3	331.4	347.3	342.4	357.7	15.14	1739	0
31.025	125	0	0	0	0	330.6	346.4	330.6	346.4	342.4	357.7	16.35	1720	0
31.025	125	6	0	0	0	331	346.8	331	346.8	342.4	357.7	15.71	1729	0
31.025	125	3	0	0	0	331.2	347.1	331.2	347.1	342.4	357.7	15.35	1733	0
31.025	125	1	0	0	0	330.7	346.5	330.7	346.5	342.4	357.7	16.15	1721	0
31.025	125	5	0	0	0	331.3	347.1	331.3	347.1	342.4	357.7	15.32	1736	0
31.025	125	7	0	0	0	330.7	346.5	330.7	346.5	342.4	357.7	16.12	1723	0
31.275	126	2	0	0	0	332.3	348.1	332.3	348.1	349.2	361.8	21.73	1748	0
31.275	126	4	0	344.9	360.4	332.6	348.4	332.6	348.4	349.2	361.8	21.31	1760	0
31.275	126	0	0	0	0	332	347.8	332	347.8	349.2	361.8	22.14	1742	0
31.275	126	6	0	0	0	332.3	348.1	332.3	348.1	349.2	361.8	21.7	1751	0
31.275	126	3	0	0	0	332.5	348.3	332.5	348.3	349.2	361.8	21.46	1755	0
31.275	126	1	0	0	0	332.1	347.9	332.1	347.9	349.2	361.8	22	1743	0
31.275	126	5	0	0	0	332.5	348.3	332.5	348.3	349.2	361.8	21.44	1757	0
31.275	126	7	0	0	0	332.1	347.9	332.1	347.9	349.2	361.8	21.98	1745	0
31.525	127	2	0	0	0	332.6	349.4	332.6	349.4	348.8	365.8	23.02	1771	0
31.525	127	4	0	335.6	361.6	332.7	349.7	332.7	349.7	348.8	365.8	22.76	1783	0
31.525	127	0	0	0	0	332.5	349.1	332.5	349.1	348.8	365.8	23.28	1765	0
31.525	127	6	0	0	0	332.6	349.4	332.6	349.4	348.8	365.8	23	1774	0
31.525	127	3	0	0	0	332.7	349.6	332.7	349.6	348.8	365.8	22.85	1778	0
31.525	127	1	0	0	0	332.6	349.2	332.6	349.2	348.8	365.8	23.19	1766	0
31.525	127	5	0	0	0	332.7	349.6	332.7	349.6	348.8	365.8	22.84	1780	0
31.525	127	7	0	0	0	332.6	349.2	332.6	349.2	348.8	365.8	23.18	1768	0
31.775	128	2	0	0	0	334.6	350.1	334.6	350.1	352	364.6	22.68	1794	0
31.775	128	4	0	353	356.2	335	350.2	335	350.2	352	364.6	22.29	1805	0
31.775	128	0	0	0	0	334.2	349.9	334.2	349.9	352	364.6	23.07	1788	0
31.775	128	6	0	0	0	334.6	350.1	334.6	350.1	352	364.6	22.65	1797	0
31.775	128	3	0	0	0	334.8	350.2	334.8	350.2	352	364.6	22.43	1800	0
31.775	128	1	0	0	0	334.3	350	334.3	350	352	364.6	22.94	1789	0
31.775	128	5	0	0	0	334.8	350.2	334.8	350.2	352	364.6	22.41	1802	0
31.775	128	7	0	0	0	334.3	350	334.3	350	352	364.6	22.92	1791	0
32.025	129	2	0	0	0	337	350.9	337	350.9	356.1	362.8	22.46	1816	0
32.025	129	4	0	360.4	358.9	337.5	351.1	337.5	351.1	356.1	362.8	21.93	1827	0
32.025	129	0	0	0	0	336.5	350.7	336.5	350.7	356.1	362.8	22.98	1811	0
32.025	129	6	0	0	0	337.1	350.9	337.1	350.9	356.1	362.8	22.42	1819	0
32.025	129	3	0	0	0	337.4	351	337.4	351	356.1	362.8	22.11	1822	0
32.025	129	1	0	0	0	336.7	350.8	336.7	350.8	356.1	362.8	22.81	1812	0
32.025	129	5	0	0	0	337.4	351	337.4	351	356.1	362.8	22.09	1824	0
32.025	129	7	0	0	0	336.7	350.8	336.7	350.8	356.1	362.8	22.78	1814	0
32.275	130	2	0	0	0	338.1	352.4	338.1	352.4	353.2	361.8	17.82	1834	0
32.275	130	4	0	348.3	367	338.4	352.8	338.4	352.8	353.2	361.8	17.43	1844	0
32.275	130	0	0	0	0	337.9	352.1	337.9	352.1	353.2	361.8	18.2	1829	0
32.275	130	6	0	0	0	338.1	352.5	338.1	352.5	353.2	361.8	17.79	1837	0
32.275	130	3	0	0	0	338.3	352.6	338.3	352.6	353.2	361.8	17.57	1840	0
32.275	130	1	0	0	0	337.9	352.2	337.9	352.2	353.2	361.8	18.07	1830	0
32.275	130	5	0	0	0	338.3	352.7	338.3	352.7	353.2	361.8	17.55	1842	0
32.275	130	7	0	0	0	338	352.2	338	352.2	353.2	361.8	18.05	1832	0
32.525	131	2	0	0	0	338.3	353.9	338.3	353.9	350.4	359.8	13.51	1847	0
32.525	131	4	0	340.1	367.3	338.4	354.2	338.4	354.2	350.4	359.8	13.32	1858	0
32.525	131	0	0	0	0	338.3	353.6	338.3	353.6	350.4	359.8	13.7	1843	0
32.525	131	6	0	0	0	338.3	353.9	338.3	353.9	350.4	359.8	13.5	1851	0
32.525	131	3	0	0	0	338.4	354.1	338.4	354.1	350.4	359.8	13.39	1853	0
32.525	131	1	0	0	0	338.3	353.7	338.3	353.7	350.4	359.8	13.63	1844	0
32.525	131	5	0	0	0	338.4	354.1	338.4	354.1	350.4	359.8	13.38	1855	0
32.525	131	7	0	0	0	338.3	353.7	338.3	353.7	350.4	359.8	13.62	1846	0
32.775	132	2	0	0	0	338.3	353.4	338.3	353.4	350.5	359	13.38	1861	0
32.775	132	4	0	337.8	349.2	338.3	353.4	338.3	353.4	350.5	359	13.41	1871	0
32.775	132	0	0	0	0	338.3	353.5	338.3	353.5	350.5	359	13.36	1856	0
32.775	132	6	0	0	0	338.3	353.4	338.3	353.4	350.5	359	13.38	1864	0
32.775	132	3	0	0	0	338.3	353.4	338.3	353.4	350.5	359	13.4	1867	0
32.775	132	1	0	0	0	338.3	353.5	338.3	353.5	350.5	359	13.36	1857	0
32.775	132	5	0	0	0	338.3	353.4	338.3	353.4	350.5	359	13.4	1869	0
32.775	132	7	0	0	0	338.3	353.5	338.3	353.5	350.5	359	13.37	1859	0
33.025	133	2	0	0	0	339.5	354.8	339.5	354.8	355.8	360.9	17.46	1878	0
33.025	133	4	0	350.8	367.9	339.7	355.1	339.7	355.1	355.8	360.9	17.14	1888	0
33.025	133	0	0	0	0	339.2	354.5	339.2	354.5	355.8	360.9	17.76	1874	0
33.025	133	6	0	0	0	339.5	354.8	339.5	354.8	355.8	360.9	17.43	1881	0
33.025	133	3	0	0	0	339.6	355	339.6	355	355.8	360.9	17.25	1884	0
33.025	133	1	0	0	0	339.3	354.6	339.3	354.6	355.8	360.9	17.66	1875	0
33.025	133	5	0	0	0	339.6	355	339.6	355	355.8	360.9	17.24	1886	0
33.025	133	7	0	0	0	339.3	354.6	339.3	354.6	355.8	360.9	17.64	1877	0
33.275	134	2	0	0	0	341.3	354.8	341.3	354.8	362.3	365.7	23.68	1902	0
33.275	134	4	0	358.4	354.7	341.6	354.8	341.6	354.8	362.3	365.7	23.33	1912	0
33.275	134	0	0	0	0	340.9	354.8	340.9	354.8	362.3	365.7	24.01	1898	0
33.275	134	6	0	0	0	341.3	354.8	341.3	354.8	362.3	365.7	23.65	1905	0
33.275	134	3	0	0	0	341.5	354.8	341.5	354.8	362.3	365.7	23.45	1907	0
33.275	134	1	0	0	0	341	354.8	341	354.8	362.3	365.7	23.9	1899	0
33.275	134	5	0	0	0	341.5	354.8	341.5	354.8	362.3	365.7	23.44	1909	0
33.275	134	7	0	0	0	341	354.8	341	354.8	362.3	365.7	23.88	1901	0
33.525	135	2	0	0	0	343.8	357	343.8	357	368.2	363.7	25.31	1927	0
33.525	135	4	0	367.4	377.9	344.3	357.4	344.3	357.4	368.2	363.7	24.69	1936	0
33.525	135	0	0	0	0	343.2	356.6	343.2	356.6	368.2	363.7	25.91	1924	0
33.525	135	6	0	0	0	343.8	357	343.8	357	368.2	363.7	25.27	1930	0
33.525	135	3	0	0	0	344.1	357.3	344.1	357.3	368.2	363.7	24.91	1932	0
33.525	135	1	0	0	0	343.4	356.7	343.4	356.7	368.2	363.7	25.71	1924	0
33.525	135	5	0	0	0	344.1	357.3	344.1	357.3	368.2	363.7	24.88	1934	0
33.525	135	7	0	0	0	343.4	356.7	343.4	356.7	368.2	363.7	25.68	1926	0
33.775	136	2	0	0	0	346.5	358.7	346.5	358.7	374.2	365.1	28.39	1956	0
33.775	136	4	0	372.6	374.4	347.1	359	347.1	359	374.2	365.1	27.73	1964	0
33.775	136	0	0	0	0	345.9	358.3	345.9	358.3	374.2	365.1	29.02	1953	0
33.775	136	6	0	0	0	346.5	358.7	346.5	358.7	374.2	365.1	28.34	1959	0
33.775	136	3	0	0	0	346.9	358.9	346.9	358.9	374.2	365.1	27.96	1960	0
33.775	136	1	0	0	0	346.1	358.4	346.1	358.4	374.2	365.1	28.81	1953	0
33.775	136	5	0	0	0	346.9	358.9	346.9	358.9	374.2	365.1	27.93	1962	0
33.775	136	7	0	0	0	346.2	358.4	346.2	358.4	374.2	365.1	28.78	1955	0
34.025	137	2	0	0	0	349.2	361	349.2	361	375.2	369.6	27.32	1983	0
34.025	137	4	0	375.2	383.7	349.8	361.5	349.8	361.5	375.2	369.6	26.6	1991	0
34.025	137	0	0	0	0	348.7	360.5	348.7	360.5	375.2	369.6	28.02	1981	0
34.025	137	6	0	0	0	349.3	361.1	349.3	361.1	375.2	369.6	27.27	1986	0
34.025	137	3	0	0	0	349.6	361.4	349.6	361.4	375.2	369.6	26.85	1987	0
34.025	137	1	0	0	0	348.9	360.7	348.9	360.7	375.2	369.6	27.79	1981	0
34.025	137	5	0	0	0	349.7	361.4	349.7	361.4	375.2	369.6	26.82	1989	0
34.025	137	7	0	0	0	348.9	360.7	348.9	360.7	375.2	369.6	27.75	1983	0
34.275	138	2	0	0	0	351.8	361.2	351.8	361.2	381.6	376.2	33.35	2016	0
34.275	138	4	0	376.2	362.5	352.4	361.3	352.4	361.3	381.6	376.2	32.82	2023	0
34.275	138	0	0	0	0	351.3	361.1	351.3	361.1	381.6	376.2	33.87	2015	0
34.275	138	6	0	0	0	351.9	361.2	351.9	361.2	381.6	376.2	33.31	2019	0
34.275	138	3	0	0	0	352.2	361.2	352.2	361.2	381.6	376.2	33	2020	0
34.275	138	1	0	0	0	351.5	361.1	351.5	361.1	381.6	376.2	33.69	2015	0
34.275	138	5	0	0	0	352.2	361.2	352.2	361.2	381.6	376.2	32.98	2022	0
34.275	138	7	0	0	0	351.5	361.2	351.5	361.2	381.6	376.2	33.67	2016	0
34.525	139	2	0	0	0	353.9	363.2	353.9	363.2	381.7	380.4	32.7	2049	0
34.525	139	4	0	373.7	382.2	354.4	363.6	354.4	363.6	381.7	380.4	32.09	2055	0
34.525	139	0	0	0	0	353.5	362.8	353.5	362.8	381.7	380.4	33.28	2048	0
34.525	139	6	0	0	0	353.9	363.2	353.9	363.2	381.7	380.4	32.66	2052	0
34.525	139	3	0	0	0	354.2	363.4	354.2	363.4	381.7	380.4	32.31	2052	0
34.525	139	1	0	0	0	353.6	362.9	353.6	362.9	381.7	380.4	33.09	2048	0
34.525	139	5	0	0	0	354.2	363.5	354.2	363.5	381.7	380.4	32.28	2054	0
34.525	139	7	0	0	0	353.6	363	353.6	363	381.7	380.4	33.06	2049	0
34.775	140	2	0	0	0	357.8	366.2	357.8	366.2	385.9	383.7	33.13	2082	0
34.775	140	4	0	394.7	395.2	358.6	366.9	358.6	366.9	385.9	383.7	32.1	2088	0
34.775	140	0	0	0	0	357	365.6	357	365.6	385.9	383.7	34.11	2082	0
34.775	140	6	0	0	0	357.9	366.3	357.9	366.3	385.9	383.7	33.05	2085	0
34.775	140	3	0	0	0	358.3	366.7	358.3	366.7	385.9	383.7	32.46	2085	0
34.775	140	1	0	0	0	357.3	365.8	357.3	365.8	385.9	383.7	33.78	2081	0
34.775	140	5	0	0	0	358.4	366.7	358.4	366.7	385.9	383.7	32.41	2087	0
34.775	140	7	0	0	0	357.3	365.9	357.3	365.9	385.9	383.7	33.73	2083	0
35.025	141	2	0	0	0	360	369.9	360	369.9	387.4	389	33.45	2116	0
35.025	141	4	0	380.5	404.6	360.5	370.7	360.5	370.7	387.4	389	32.59	2120	0
35.025	141	0	0	0	0	359.5	369.1	359.5	369.1	387.4	389	34.28	2117	0
35.025	141	6	0	0	0	360	370	360	370	387.4	389	33.39	2118	0
35.025	141	3	0	0	0	360.3	370.4	360.3	370.4	387.4	389	32.89	2118	0
35.025	141	1	0	0	0	359.7	369.4	359.7	369.4	387.4	389	34	2115	0
35.025	141	5	0	0	0	360.3	370.4	360.3	370.4	387.4	389	32.85	2120	0
35.025	141	7	0	0	0	359.7	369.4	359.7	369.4	387.4	389	33.96	2117	0
35.275	142	2	0	0	0	362.7	370.6	362.7	370.6	389.6	390	33.16	2149	0
35.275	142	4	0	388.7	377.4	363.3	370.8	363.3	370.8	389.6	390	32.56	2153	0
35.275	142	0	0	0	0	362.2	370.4	362.2	370.4	389.6	390	33.74	2150	0
35.275	142	6	0	0	0	362.8	370.6	362.8	370.6	389.6	390	33.12	2151	0
35.275	142	3	0	0	0	363.1	370.8	363.1	370.8	389.6	390	32.77	2151	0
35.275	142	1	0	0	0	362.3	370.5	362.3	370.5	389.6	390	33.55	2149	0
35.275	142	5	0	0	0	363.1	370.8	363.1	370.8	389.6	390	32.75	2152	0
35.275	142	7	0	0	0	362.4	370.5	362.4	370.5	389.6	390	33.52	2151	0
35.525	143	2	0	0	0	367.3	372.2	367.3	372.2	389	390.5	28.4	2177	0
35.525	143	4	0	410.4	387.2	368.2	372.5	368.2	372.5	389	390.5	27.46	2180	0
35.525	143	0	0	0	0	366.3	371.9	366.3	371.9	389	390.5	29.31	2180	0
35.525	143	6	0	0	0	367.3	372.2	367.3	372.2	389	390.5	28.33	2180	0
35.525	143	3	0	0	0	367.9	372.4	367.9	372.4	389	390.5	27.79	2178	0
35.525	143	1	0	0	0	366.7	372	366.7	372	389	390.5	29	2178	0
35.525	143	5	0	0	0	367.9	372.4	367.9	372.4	389	390.5	27.75	2180	0
35.525	143	7	0	0	0	366.7	372	366.7	372	389	390.5	28.96	2180	0
35.775	144	2	0	0	0	368.7	374.7	368.7	374.7	386.5	393.3	25.73	2203	0
35.775	144	4	0	381.7	398.9	369	375.3	369	375.3	386.5	393.3	25.1	2205	0
35.775	144	0	0	0	0	368.3	374.2	368.3	374.2	386.5	393.3	26.34	2206	0
35.775	144	6	0	0	0	368.7	374.8	368.7	374.8	386.5	393.3	25.68	2205	0
35.775	144	3	0	0	0	368.9	375.1	368.9	375.1	386.5	393.3	25.32	2204	0
35.775	144	1	0	0	0	368.4	374.4	368.4	374.4	386.5	393.3	26.13	2204	0
35.775	144	5	0	0	0	368.9	375.1	368.9	375.1	386.5	393.3	25.29	2205	0
35.775	144	7	0	0	0	368.4	374.4	368.4	374.4	386.5	393.3	26.1	2206	0
36.025	145	2	0	0	0	369.5	376.3	369.5	376.3	383.8	393.5	22.37	2225	0
36.025	145	4	0	377.8	390.9	369.7	376.7	369.7	376.7	383.8	393.5	21.97	2227	0
36.025	145	0	0	0	0	369.3	376	369.3	376	383.8	393.5	22.76	2229	0
36.025	145	6	0	0	0	369.6	376.3	369.6	376.3	383.8	393.5	22.34	2228	0
36.025	145	3	0	0	0	369.7	376.5	369.7	376.5	383.8	393.5	22.11	2226	0
36.025	145	1	0	0	0	369.4	376.1	369.4	376.1	383.8	393.5	22.63	2227	0
36.025	145	5	0	0	0	369.7	376.5	369.7	376.5	383.8	393.5	22.09	2227	0
36.025	145	7	0	0	0	369.4	376.1	369.4	376.1	383.8	393.5	22.61	2228	0
36.275	146	2	0	0	0	372.8	376.5	372.8	376.5	390	391.7	22.92	2248	0
36.275	146	4	0	403.7	378.6	373.4	376.6	373.4	376.6	390	391.7	22.38	2250	0
36.275	146	0	0	0	0	372.2	376.5	372.2	376.5	390	391.7	23.45	2252	0
36.275	146	6	0	0	0	372.8	376.5	372.8	376.5	390	391.7	22.88	2251	0
36.275	146	3	0	0	0	373.2	376.6	373.2	376.6	390	391.7	22.57	2248	0
36.275	146	1	0	0	0	372.4	376.5	372.4	376.5	390	391.7	23.27	2250	0
36.275	146	5	0	0	0	373.2	376.6	373.2	376.6	390	391.7	22.54	2250	0
36.275	146	7	0	0	0	372.4	376.5	372.4	376.5	390	391.7	23.24	2252	0
36.525	147	2	0	0	0	374.3	377	374.3	377	388.1	393.1	21.24	2269	0
36.525	147	4	0	388.9	381.1	374.7	377.1	374.7	377.1	388.1	393.1	20.94	2271	0
36.525	147	0	0	0	0	374	376.9	374	376.9	388.1	393.1	21.54	2274	0
36.525	147	6	0	0	0	374.4	377	374.4	377	388.1	393.1	21.22	2272	0
36.525	147	3	0	0	0	374.6	377	374.6	377	388.1	393.1	21.04	2269	0
36.525	147	1	0	0	0	374.1	376.9	374.1	376.9	388.1	393.1	21.44	2271	0
36.525	147	5	0	0	0	374.6	377	374.6	377	388.1	393.1	21.03	2271	0
36.525	147	7	0	0	0	374.1	376.9	374.1	376.9	388.1	393.1	21.42	2273	0
36.775	148	2	0	0	0	376.6	380.2	376.6	380.2	388.3	399.9	22.92	2292	0
36.775	148	4	0	397.5	410.9	377	380.8	377	380.8	388.3	399.9	22.12	2293	0
36.775	148	0	0	0	0	376.1	379.6	376.1	379.6	388.3	399.9	23.68	2297	0
36.775	148	6	0	0	0	376.6	380.2	376.6	380.2	388.3	399.9	22.86	2295	0
36.775	148	3	0	0	0	376.9	380.6	376.9	380.6	388.3	399.9	22.4	2292	0
36.775	148	1	0	0	0	376.3	379.8	376.3	379.8	388.3	399.9	23.42	2295	0
36.775	148	5	0	0	0	376.9	380.6	376.9	380.6	388.3	399.9	22.36	2293	0
36.775	148	7	0	0	0	376.3	379.8	376.3	379.8	388.3	399.9	23.38	2296	0
37.025	149	2	0	0	0	377.9	381.4	377.9	381.4	390.1	400	22.26	2315	0
37.025	149	4	0	390.7	392.4	378.2	381.7	378.2	381.7	390.1	400	21.84	2314	0
37.025	149	0	0	0	0	377.6	381.1	377.6	381.1	390.1	400	22.66	2320	0
37.025	149	6	0	0	0	377.9	381.4	377.9	381.4	390.1	400	22.23	2317	0
37.025	149	3	0	0	0	378.1	381.6	378.1	381.6	390.1	400	21.99	2314	0
37.025	149	1	0	0	0	377.7	381.2	377.7	381.2	390.1	400	22.52	2317	0
37.025	149	5	0	0	0	378.1	381.6	378.1	381.6	390.1	400	21.97	2315	0
37.025	149	7	0	0	0	377.7	381.2	377.7	381.2	390.1	400	22.5	2319	0
37.275	150	2	0	0	0	377.2	382.3	377.2	382.3	387.4	393.5	15.22	2330	0
37.275	150	4	0	369.8	390.6	377	382.5	377	382.5	387.4	393.5	15.15	2330	0
37.275	150	0	0	0	0	377.3	382.1	377.3	382.1	387.4	393.5	15.29	2335	0
37.275	150	6	0	0	0	377.1	382.3	377.1	382.3	387.4	393.5	15.22	2332	0
37.275	150	3	0	0	0	377.1	382.4	377.1	382.4	387.4	393.5	15.18	2329	0
37.275	150	1	0	0	0	377.2	382.1	377.2	382.1	387.4	393.5	15.26	2333	0
37.275	150	5	0	0	0	377.1	382.4	377.1	382.4	387.4	393.5	15.17	2331	0
37.275	150	7	0	0	0	377.2	382.1	377.2	382.1	387.4	393.5	15.26	2334	0
37.525	151	2	0	0	0	377.1	385.3	377.1	385.3	385.6	396.2	13.88	2344	0
37.525	151	4	0	376.4	414	377.1	385.9	377.1	385.9	385.6	396.2	13.42	2343	0
37.525	151	0	0	0	0	377.1	384.7	377.1	384.7	385.6	396.2	14.34	2350	0
37.525	151	6	0	0	0	377.1	385.3	377.1	385.3	385.6	396.2	13.85	2346	0
37.525	151	3	0	0	0	377.1	385.7	377.1	385.7	385.6	396.2	13.58	2343	0
37.525	151	1	0	0	0	377.1	384.9	377.1	384.9	385.6	396.2	14.18	2347	0
37.525	151	5	0	0	0	377.1	385.7	377.1	385.7	385.6	396.2	13.56	2344	0
37.525	151	7	0	0	0	377.1	384.9	377.1	384.9	385.6	396.2	14.16	2348	0
37.775	152	2	0	0	0	379.7	387.6	379.7	387.6	392	398.8	16.65	2360	0
37.775	152	4	0	404.2	410	380.2	388.2	380.2	388.2	392	398.8	15.92	2359	0
37.775	152	0	0	0	0	379.2	387.1	379.2	387.1	392	398.8	17.35	2367	0
37.775	152	6	0	0	0	379.7	387.7	379.7	387.7	392	398.8	16.6	2363	0
37.775	152	3	0	0	0	380	388	380	388	392	398.8	16.18	2359	0
37.775	152	1	0	0	0	379.3	387.3	379.3	387.3	392	398.8	17.11	2364	0
37.775	152	5	0	0	0	380	388	380	388	392	398.8	16.14	2360	0
37.775	152	7	0	0	0	379.4	387.3	379.4	387.3	392	398.8	17.08	2365	0
38.025	153	2	0	0	0	381.8	388.7	381.8	388.7	395.6	400	17.84	2378	0
38.025	153	4	0	402	398.5	382.3	388.9	382.3	388.9	395.6	400	17.32	2376	0
38.025	153	0	0	0	0	381.3	388.4	381.3	388.4	395.6	400	18.35	2385	0
38.025	153	6	0	0	0	381.8	388.7	381.8	388.7	395.6	400	17.8	2380	0
38.025	153	3	0	0	0	382.1	388.9	382.1	388.9	395.6	400	17.5	2376	0
38.025	153	1	0	0	0	381.5	388.5	381.5	388.5	395.6	400	18.18	2382	0
38.025	153	5	0	0	0	382.1	388.9	382.1	388.9	395.6	400	17.48	2378	0
38.025	153	7	0	0	0	381.5	388.5	381.5	388.5	395.6	400	18.15	2384	0
38.275	154	2	0	0	0	383.3	390.3	383.3	390.3	400	397.8	18.29	2396	0
38.275	154	4	0	398	405.5	383.7	390.6	383.7	390.6	400	397.8	17.83	2394	0
38.275	154	0	0	0	0	383	390	383	390	400	397.8	18.73	2404	0
38.275	154	6	0	0	0	383.4	390.3	383.4	390.3	400	397.8	18.25	2399	0
38.275	154	3	0	0	0	383.6	390.5	383.6	390.5	400	397.8	17.99	2394	0
38.275	154	1	0	0	0	383.1	390.1	383.1	390.1	400	397.8	18.58	2401	0
38.275	154	5	0	0	0	383.6	390.5	383.6	390.5	400	397.8	17.97	2396	0
38.275	154	7	0	0	0	383.1	390.1	383.1	390.1	400	397.8	18.56	2402	0
38.525	155	2	0	0	0	384.9	392.8	384.9	392.8	399.7	400	16.48	2413	0
38.525	155	4	0	399.6	416.3	385.2	393.3	385.2	393.3	399.7	400	15.95	2410	0
38.525	155	0	0	0	0	384.6	392.3	384.6	392.3	399.7	400	16.99	2421	0
38.525	155	6	0	0	0	384.9	392.8	384.9	392.8	399.7	400	16.44	2415	0
38.525	155	3	0	0	0	385.1	393.1	385.1	393.1	399.7	400	16.13	2410	0
38.525	155	1	0	0	0	384.7	392.4	384.7	392.4	399.7	400	16.82	2418	0
38.525	155	5	0	0	0	385.1	393.1	385.1	393.1	399.7	400	16.11	2412	0
38.525	155	7	0	0	0	384.7	392.5	384.7	392.5	399.7	400	16.79	2419	0
38.775	156	2	0	0	0	384.7	393.5	384.7	393.5	395.5	396.1	11.08	2424	0
38.775	156	4	0	382.7	400.6	384.7	393.7	384.7	393.7	395.5	396.1	11.05	2421	0
38.775	156	0	0	0	0	384.7	393.3	384.7	393.3	395.5	396.1	11.12	2432	0
38.775	156	6	0	0	0	384.7	393.5	384.7	393.5	395.5	396.1	11.08	2426	0
38.775	156	3	0	0	0	384.7	393.7	384.7	393.7	395.5	396.1	11.06	2421	0
38.775	156	1	0	0	0	384.7	393.4	384.7	393.4	395.5	396.1	11.11	2429	0
38.775	156	5	0	0	0	384.7	393.7	384.7	393.7	395.5	396.1	11.06	2423	0
38.775	156	7	0	0	0	384.7	393.4	384.7	393.4	395.5	396.1	11.11	2430	0
39.025	157	2	0	0	0	385.1	395.8	385.1	395.8	391.6	396.5	6.597	2431	0
39.025	157	4	0	388.7	417.3	385.2	396.3	385.2	396.3	391.6	396.5	6.489	2428	0
39.025	157	0	0	0	0	385	395.3	385	395.3	391.6	396.5	6.731	2439	0
39.025	157	6	0	0	0	385.1	395.8	385.1	395.8	391.6	396.5	6.588	2433	0
39.025	157	3	0	0	0	385.1	396.1	385.1	396.1	391.6	396.5	6.523	2428	0
39.025	157	1	0	0	0	385	395.5	385	395.5	391.6	396.5	6.682	2435	0
39.025	157	5	0	0	0	385.1	396.1	385.1	396.1	391.6	396.5	6.518	2429	0
39.025	157	7	0	0	0	385	395.5	385	395.5	391.6	396.5	6.675	2437	0
39.275	158	2	0	0	0	385.5	394.8	385.5	394.8	388.9	396.1	3.641	2434	0
39.275	158	4	0	389.8	384.7	385.6	394.6	385.6	394.6	388.9	396.1	3.619	2431	0
39.275	158	0	0	0	0	385.4	394.9	385.4	394.9	388.9	396.1	3.671	2443	0
39.275	158	6	0	0	0	385.5	394.7	385.5	394.7	388.9	396.1	3.639	2436	0
39.275	158	3	0	0	0	385.6	394.7	385.6	394.7	388.9	396.1	3.625	2432	0
39.275	158	1	0	0	0	385.5	394.9	385.5	394.9	388.9	396.1	3.66	2439	0
39.275	158	5	0	0	0	385.6	394.6	385.6	394.6	388.9	396.1	3.624	2433	0
39.275	158	7	0	0	0	385.5	394.9	385.5	394.9	388.9	396.1	3.658	2440	0
39.525	159	2	0	0	0	385.5	393.9	385.5	393.9	391.8	392.6	6.426	2441	0
39.525	159	4	0	385.2	385.6	385.5	393.7	385.5	393.7	391.8	392.6	6.387	2438	0
39.525	159	0	0	0	0	385.5	394.1	385.5	394.1	391.8	392.6	6.468	2449	0
39.525	159	6	0	0	0	385.5	393.9	385.5	393.9	391.8	392.6	6.423	2443	0
39.525	159	3	0	0	0	385.5	393.8	385.5	393.8	391.8	392.6	6.4	2438	0
39.525	159	1	0	0	0	385.5	394	385.5	394	391.8	392.6	6.453	2445	0
39.525	159	5	0	0	0	385.5	393.8	385.5	393.8	391.8	392.6	6.398	2439	0
39.525	159	7	0	0	0	385.5	394	385.5	394	391.8	392.6	6.451	2447	0
39.775	160	2	0	0	0	385.2	394.3	385.2	394.3	389.4	393.5	4.243	2445	0
39.775	160	4	0	382.7	398.4	385.2	394.4	385.2	394.4	389.4	393.5	4.306	2442	0
39.775	160	0	0	0	0	385.3	394.2	385.3	394.2	389.4	393.5	4.183	2453	0
39.775	160	6	0	0	0	385.2	394.3	385.2	394.3	389.4	393.5	4.247	2447	0
39.775	160	3	0	0	0	385.2	394.3	385.2	394.3	389.4	393.5	4.284	2442	0
39.775	160	1	0	0	0	385.3	394.3	385.3	394.3	389.4	393.5	4.203	2450	0
39.775	160	5	0	0	0	385.2	394.3	385.2	394.3	389.4	393.5	4.287	2444	0
39.775	160	7	0	0	0	385.3	394.3	385.3	394.3	389.4	393.5	4.206	2451	0
