# _procNoiseCov=10 _measNoiseCov=10 iter_max=10 alpha=0.3
#Simulation_time,tracking_step,NodeID,TargetID,MeasurementX,MeasurementY,EstimateX,EstimateY,GroundTruthX,GroundTruthY,Error,ErrorAcc,ResultsDelay
#t_sim	t_step	NID	TID	Zx	Zy	X_x	X_y	Xx	Xy	GTx	GTy	Err	ErrAcc	Delay
0.025	1	2	0	0	0	121.4	99.72	121.4	99.72	120	100	1.4	1.4	0
0.025	1	4	0	0	0	121.1	99.77	121.1	99.77	120	100	1.16	1.16	0
0.025	1	0	0	133.8	97.19	121.7	99.66	121.7	99.66	120	100	1.699	1.699	0
0.025	1	6	0	0	0	121.4	99.71	121.4	99.71	120	100	1.469	1.469	0
0.025	1	3	0	0	0	121.2	99.75	121.2	99.75	120	100	1.232	1.232	0
0.025	1	1	0	0	0	121.6	99.68	121.6	99.68	120	100	1.587	1.587	0
0.025	1	5	0	0	0	121.3	99.74	121.3	99.74	120	100	1.279	1.279	0
0.025	1	7	0	0	0	121.6	99.67	121.6	99.67	120	100	1.631	1.631	0
0.275	2	2	0	0	0	122.2	100.3	122.2	100.3	118.2	102	4.364	5.764	0
0.275	2	4	0	0	0	122	100.2	122	100.2	118.2	102	4.258	5.417	0
0.275	2	0	0	129.3	105.6	122.4	100.4	122.4	100.4	118.2	102	4.504	6.203	0
0.275	2	6	0	0	0	122.2	100.3	122.2	100.3	118.2	102	4.396	5.865	0
0.275	2	3	0	0	0	122.1	100.2	122.1	100.2	118.2	102	4.289	5.521	0
0.275	2	1	0	0	0	122.3	100.4	122.3	100.4	118.2	102	4.451	6.037	0
0.275	2	5	0	0	0	122.1	100.3	122.1	100.3	118.2	102	4.31	5.589	0
0.275	2	7	0	0	0	122.3	100.4	122.3	100.4	118.2	102	4.472	6.103	0
0.525	3	2	0	0	0	123.6	101.1	123.6	101.1	121.2	100	2.63	8.394	0
0.525	3	4	0	0	0	123.4	101	123.4	101	121.2	100	2.334	7.751	0
0.525	3	0	0	136.5	108.4	123.9	101.3	123.9	101.3	121.2	100	3.001	9.204	0
0.525	3	6	0	0	0	123.7	101.2	123.7	101.2	121.2	100	2.717	8.582	0
0.525	3	3	0	0	0	123.4	101	123.4	101	121.2	100	2.423	7.944	0
0.525	3	1	0	0	0	123.8	101.2	123.8	101.2	121.2	100	2.862	8.899	0
0.525	3	5	0	0	0	123.5	101	123.5	101	121.2	100	2.481	8.07	0
0.525	3	7	0	0	0	123.9	101.3	123.9	101.3	121.2	100	2.917	9.02	0
0.775	4	2	0	0	0	122.6	100.2	122.6	100.2	119.6	98.49	3.485	11.88	0
0.775	4	4	0	0	0	122.8	100.4	122.8	100.4	119.6	98.49	3.691	11.44	0
0.775	4	0	0	113.2	91.91	122.4	100	122.4	100	119.6	98.49	3.23	12.43	0
0.775	4	6	0	0	0	122.6	100.2	122.6	100.2	119.6	98.49	3.426	12.01	0
0.775	4	3	0	0	0	122.7	100.3	122.7	100.3	119.6	98.49	3.629	11.57	0
0.775	4	1	0	0	0	122.5	100.1	122.5	100.1	119.6	98.49	3.325	12.22	0
0.775	4	5	0	0	0	122.7	100.3	122.7	100.3	119.6	98.49	3.589	11.66	0
0.775	4	7	0	0	0	122.5	100.1	122.5	100.1	119.6	98.49	3.288	12.31	0
1.025	5	2	0	0	0	122.7	100.1	122.7	100.1	119	97.21	4.727	16.61	0
1.025	5	4	0	0	0	122.7	100.1	122.7	100.1	119	97.21	4.74	16.18	0
1.025	5	0	0	123.8	99.38	122.7	100.1	122.7	100.1	119	97.21	4.712	17.15	0
1.025	5	6	0	0	0	122.7	100.1	122.7	100.1	119	97.21	4.723	16.73	0
1.025	5	3	0	0	0	122.7	100.1	122.7	100.1	119	97.21	4.736	16.31	0
1.025	5	1	0	0	0	122.7	100.1	122.7	100.1	119	97.21	4.717	16.94	0
1.025	5	5	0	0	0	122.7	100.1	122.7	100.1	119	97.21	4.733	16.39	0
1.025	5	7	0	0	0	122.7	100.1	122.7	100.1	119	97.21	4.715	17.02	0
1.275	6	2	0	0	0	122.4	102.4	122.4	102.4	119.3	102.3	3.122	19.73	0
1.275	6	4	0	0	0	122.4	102	122.4	102	119.3	102.3	3.193	19.37	0
1.275	6	0	0	119.3	123	122.3	102.9	122.3	102.9	119.3	102.3	3.101	20.25	0
1.275	6	6	0	0	0	122.4	102.5	122.4	102.5	119.3	102.3	3.11	19.84	0
1.275	6	3	0	0	0	122.4	102.1	122.4	102.1	119.3	102.3	3.166	19.48	0
1.275	6	1	0	0	0	122.3	102.7	122.3	102.7	119.3	102.3	3.1	20.04	0
1.275	6	5	0	0	0	122.4	102.2	122.4	102.2	119.3	102.3	3.151	19.54	0
1.275	6	7	0	0	0	122.3	102.8	122.3	102.8	119.3	102.3	3.099	20.12	0
1.525	7	2	0	0	0	121.6	102.3	121.6	102.3	124.8	100.1	3.95	23.68	0
1.525	7	4	0	0	0	121.7	102.3	121.7	102.3	124.8	100.1	3.827	23.2	0
1.525	7	0	0	114.3	100.7	121.4	102.3	121.4	102.3	124.8	100.1	4.105	24.35	0
1.525	7	6	0	0	0	121.5	102.3	121.5	102.3	124.8	100.1	3.986	23.83	0
1.525	7	3	0	0	0	121.7	102.3	121.7	102.3	124.8	100.1	3.864	23.34	0
1.525	7	1	0	0	0	121.4	102.3	121.4	102.3	124.8	100.1	4.046	24.09	0
1.525	7	5	0	0	0	121.6	102.3	121.6	102.3	124.8	100.1	3.888	23.43	0
1.525	7	7	0	0	0	121.4	102.3	121.4	102.3	124.8	100.1	4.07	24.19	0
1.775	8	2	0	0	0	121.5	101.8	121.5	101.8	128.5	97.52	8.187	31.86	0
1.775	8	4	0	0	0	121.5	101.9	121.5	101.9	128.5	97.52	8.214	31.41	0
1.775	8	0	0	121.4	97.71	121.5	101.7	121.5	101.7	128.5	97.52	8.154	32.5	0
1.775	8	6	0	0	0	121.5	101.8	121.5	101.8	128.5	97.52	8.179	32.01	0
1.775	8	3	0	0	0	121.5	101.9	121.5	101.9	128.5	97.52	8.206	31.54	0
1.775	8	1	0	0	0	121.5	101.7	121.5	101.7	128.5	97.52	8.166	32.25	0
1.775	8	5	0	0	0	121.5	101.8	121.5	101.8	128.5	97.52	8.2	31.63	0
1.775	8	7	0	0	0	121.5	101.7	121.5	101.7	128.5	97.52	8.161	32.35	0
2.025	9	2	0	0	0	122	100.8	122	100.8	130.9	100.6	8.878	40.74	0
2.025	9	4	0	0	0	122	101	122	101	130.9	100.6	8.969	40.38	0
2.025	9	0	0	126.6	91.73	122.1	100.6	122.1	100.6	130.9	100.6	8.77	41.27	0
2.025	9	6	0	0	0	122.1	100.7	122.1	100.7	130.9	100.6	8.852	40.86	0
2.025	9	3	0	0	0	122	100.9	122	100.9	130.9	100.6	8.941	40.49	0
2.025	9	1	0	0	0	122.1	100.7	122.1	100.7	130.9	100.6	8.81	41.06	0
2.025	9	5	0	0	0	122	100.9	122	100.9	130.9	100.6	8.923	40.56	0
2.025	9	7	0	0	0	122.1	100.6	122.1	100.6	130.9	100.6	8.794	41.15	0
2.275	10	2	0	0	0	121.6	101.3	121.6	101.3	128.2	103.6	7.025	47.77	0
2.275	10	4	0	0	0	121.6	101.2	121.6	101.2	128.2	103.6	6.979	47.36	0
2.275	10	0	0	117.2	105.9	121.5	101.4	121.5	101.4	128.2	103.6	7.085	48.36	0
2.275	10	6	0	0	0	121.5	101.3	121.5	101.3	128.2	103.6	7.039	47.9	0
2.275	10	3	0	0	0	121.6	101.2	121.6	101.2	128.2	103.6	6.993	47.48	0
2.275	10	1	0	0	0	121.5	101.3	121.5	101.3	128.2	103.6	7.062	48.13	0
2.275	10	5	0	0	0	121.6	101.3	121.6	101.3	128.2	103.6	7.002	47.56	0
2.275	10	7	0	0	0	121.5	101.4	121.5	101.4	128.2	103.6	7.071	48.22	0
2.525	11	2	0	0	0	123.5	100.9	123.5	100.9	132.5	103.1	9.311	57.08	0
2.525	11	4	0	0	0	123.2	101	123.2	101	132.5	103.1	9.613	56.98	0
2.525	11	0	0	140.9	97.58	123.9	100.9	123.9	100.9	132.5	103.1	8.936	57.3	0
2.525	11	6	0	0	0	123.6	100.9	123.6	100.9	132.5	103.1	9.223	57.12	0
2.525	11	3	0	0	0	123.3	101	123.3	101	132.5	103.1	9.522	57	0
2.525	11	1	0	0	0	123.7	100.9	123.7	100.9	132.5	103.1	9.076	57.2	0
2.525	11	5	0	0	0	123.3	101	123.3	101	132.5	103.1	9.462	57.02	0
2.525	11	7	0	0	0	123.8	100.9	123.8	100.9	132.5	103.1	9.021	57.24	0
2.775	12	2	0	0	0	124.6	100.1	124.6	100.1	133.5	101.6	9.022	66.1	0
2.775	12	4	0	0	0	124.4	100.2	124.4	100.2	133.5	101.6	9.211	66.19	0
2.775	12	0	0	134.3	92.37	124.9	99.88	124.9	99.88	133.5	101.6	8.792	66.09	0
2.775	12	6	0	0	0	124.7	100	124.7	100	133.5	101.6	8.968	66.09	0
2.775	12	3	0	0	0	124.4	100.2	124.4	100.2	133.5	101.6	9.154	66.15	0
2.775	12	1	0	0	0	124.8	99.95	124.8	99.95	133.5	101.6	8.878	66.08	0
2.775	12	5	0	0	0	124.5	100.1	124.5	100.1	133.5	101.6	9.117	66.14	0
2.775	12	7	0	0	0	124.8	99.92	124.8	99.92	133.5	101.6	8.844	66.08	0
3.025	13	2	0	0	0	125.5	99.16	125.5	99.16	138.5	98.68	12.98	79.08	0
3.025	13	4	0	0	0	125.4	99.33	125.4	99.33	138.5	98.68	13.17	79.35	0
3.025	13	0	0	133.9	91.14	125.8	98.95	125.8	98.95	138.5	98.68	12.75	78.84	0
3.025	13	6	0	0	0	125.6	99.11	125.6	99.11	138.5	98.68	12.93	79.01	0
3.025	13	3	0	0	0	125.4	99.28	125.4	99.28	138.5	98.68	13.11	79.26	0
3.025	13	1	0	0	0	125.7	99.03	125.7	99.03	138.5	98.68	12.84	78.92	0
3.025	13	5	0	0	0	125.5	99.25	125.5	99.25	138.5	98.68	13.07	79.21	0
3.025	13	7	0	0	0	125.7	99	125.7	99	138.5	98.68	12.8	78.88	0
3.275	14	2	0	0	0	127.5	99.02	127.5	99.02	138.1	100.4	10.64	89.72	0
3.275	14	4	0	0	0	127.2	99.06	127.2	99.06	138.1	100.4	10.98	90.33	0
3.275	14	0	0	145.1	97.87	127.9	98.97	127.9	98.97	138.1	100.4	10.21	89.05	0
3.275	14	6	0	0	0	127.6	99.01	127.6	99.01	138.1	100.4	10.54	89.55	0
3.275	14	3	0	0	0	127.3	99.05	127.3	99.05	138.1	100.4	10.88	90.14	0
3.275	14	1	0	0	0	127.8	98.99	127.8	98.99	138.1	100.4	10.37	89.29	0
3.275	14	5	0	0	0	127.3	99.04	127.3	99.04	138.1	100.4	10.81	90.02	0
3.275	14	7	0	0	0	127.8	98.98	127.8	98.98	138.1	100.4	10.31	89.19	0
3.525	15	2	0	0	0	128.1	99.69	128.1	99.69	135.6	106.9	10.45	100.2	0
3.525	15	4	0	0	0	127.9	99.58	127.9	99.58	135.6	106.9	10.62	101	0
3.525	15	0	0	132.8	105.8	128.2	99.83	128.2	99.83	135.6	106.9	10.24	99.29	0
3.525	15	6	0	0	0	128.1	99.72	128.1	99.72	135.6	106.9	10.4	99.95	0
3.525	15	3	0	0	0	128	99.61	128	99.61	135.6	106.9	10.57	100.7	0
3.525	15	1	0	0	0	128.2	99.78	128.2	99.78	135.6	106.9	10.32	99.61	0
3.525	15	5	0	0	0	128	99.63	128	99.63	135.6	106.9	10.54	100.6	0
3.525	15	7	0	0	0	128.2	99.8	128.2	99.8	135.6	106.9	10.29	99.48	0
3.775	16	2	0	0	0	128.1	101.2	128.1	101.2	141.3	109.5	15.58	115.7	0
3.775	16	4	0	0	0	128.1	100.9	128.1	100.9	141.3	109.5	15.73	116.7	0
3.775	16	0	0	128.2	114.7	128.1	101.5	128.1	101.5	141.3	109.5	15.39	114.7	0
3.775	16	6	0	0	0	128.1	101.3	128.1	101.3	141.3	109.5	15.53	115.5	0
3.775	16	3	0	0	0	128.1	101	128.1	101	141.3	109.5	15.68	116.4	0
3.775	16	1	0	0	0	128.1	101.4	128.1	101.4	141.3	109.5	15.46	115.1	0
3.775	16	5	0	0	0	128.1	101.1	128.1	101.1	141.3	109.5	15.65	116.2	0
3.775	16	7	0	0	0	128.1	101.4	128.1	101.4	141.3	109.5	15.43	114.9	0
4.025	17	2	0	0	0	129.9	102.4	129.9	102.4	140.5	113	14.97	130.7	0
4.025	17	4	0	0	0	129.6	102.2	129.6	102.2	140.5	113	15.35	132	0
4.025	17	0	0	145.7	113.5	130.2	102.7	130.2	102.7	140.5	113	14.5	129.2	0
4.025	17	6	0	0	0	129.9	102.5	129.9	102.5	140.5	113	14.86	130.3	0
4.025	17	3	0	0	0	129.6	102.3	129.6	102.3	140.5	113	15.24	131.6	0
4.025	17	1	0	0	0	130.1	102.6	130.1	102.6	140.5	113	14.68	129.7	0
4.025	17	5	0	0	0	129.7	102.3	129.7	102.3	140.5	113	15.16	131.4	0
4.025	17	7	0	0	0	130.1	102.7	130.1	102.7	140.5	113	14.6	129.5	0
4.275	18	2	0	0	0	131.6	104.1	131.6	104.1	141.6	115.8	15.34	146.1	0
4.275	18	4	0	0	0	131.3	103.8	131.3	103.8	141.6	115.8	15.78	147.8	0
4.275	18	0	0	147.4	118.6	132	104.4	132	104.4	141.6	115.8	14.8	144	0
4.275	18	6	0	0	0	131.7	104.2	131.7	104.2	141.6	115.8	15.22	145.6	0
4.275	18	3	0	0	0	131.4	103.9	131.4	103.9	141.6	115.8	15.65	147.3	0
4.275	18	1	0	0	0	131.9	104.3	131.9	104.3	141.6	115.8	15	144.7	0
4.275	18	5	0	0	0	131.5	103.9	131.5	103.9	141.6	115.8	15.56	146.9	0
4.275	18	7	0	0	0	131.9	104.4	131.9	104.4	141.6	115.8	14.92	144.4	0
4.525	19	2	0	0	0	131	104.4	131	104.4	141.7	114.5	14.67	160.7	0
4.525	19	4	0	0	0	131.1	104.3	131.1	104.3	141.7	114.5	14.67	162.5	0
4.525	19	0	0	125.1	107.4	130.9	104.5	130.9	104.5	141.7	114.5	14.67	158.6	0
4.525	19	6	0	0	0	131	104.5	131	104.5	141.7	114.5	14.67	160.2	0
4.525	19	3	0	0	0	131.1	104.4	131.1	104.4	141.7	114.5	14.67	162	0
4.525	19	1	0	0	0	130.9	104.5	130.9	104.5	141.7	114.5	14.67	159.4	0
4.525	19	5	0	0	0	131.1	104.4	131.1	104.4	141.7	114.5	14.67	161.6	0
4.525	19	7	0	0	0	130.9	104.5	130.9	104.5	141.7	114.5	14.67	159.1	0
4.775	20	2	0	0	0	131.8	106.1	131.8	106.1	139.5	115.6	12.26	173	0
4.775	20	4	0	0	0	131.6	105.8	131.6	105.8	139.5	115.6	12.57	175.1	0
4.775	20	0	0	138.5	121.1	131.9	106.5	131.9	106.5	139.5	115.6	11.88	170.5	0
4.775	20	6	0	0	0	131.8	106.2	131.8	106.2	139.5	115.6	12.17	172.4	0
4.775	20	3	0	0	0	131.7	105.9	131.7	105.9	139.5	115.6	12.47	174.4	0
4.775	20	1	0	0	0	131.8	106.3	131.8	106.3	139.5	115.6	12.02	171.4	0
4.775	20	5	0	0	0	131.7	106	131.7	106	139.5	115.6	12.41	174	0
4.775	20	7	0	0	0	131.9	106.4	131.9	106.4	139.5	115.6	11.97	171.1	0
5.025	21	2	0	0	0	133.9	107.1	133.9	107.1	144.9	119.1	16.27	189.3	0
5.025	21	4	0	0	0	133.6	106.9	133.6	106.9	144.9	119.1	16.68	191.7	0
5.025	21	0	0	153.7	116.2	134.4	107.4	134.4	107.4	144.9	119.1	15.76	186.3	0
5.025	21	6	0	0	0	134.1	107.2	134.1	107.2	144.9	119.1	16.15	188.6	0
5.025	21	3	0	0	0	133.7	107	133.7	107	144.9	119.1	16.55	191	0
5.025	21	1	0	0	0	134.2	107.3	134.2	107.3	144.9	119.1	15.95	187.4	0
5.025	21	5	0	0	0	133.8	107	133.8	107	144.9	119.1	16.47	190.5	0
5.025	21	7	0	0	0	134.3	107.3	134.3	107.3	144.9	119.1	15.88	187	0
5.275	22	2	0	0	0	137	109.2	137	109.2	150.4	122.4	18.74	208	0
5.275	22	4	0	0	0	136.4	108.9	136.4	108.9	150.4	122.4	19.41	211.1	0
5.275	22	0	0	164.2	128.2	137.7	109.7	137.7	109.7	150.4	122.4	17.92	204.2	0
5.275	22	6	0	0	0	137.2	109.4	137.2	109.4	150.4	122.4	18.55	207.1	0
5.275	22	3	0	0	0	136.6	109	136.6	109	150.4	122.4	19.21	210.2	0
5.275	22	1	0	0	0	137.4	109.5	137.4	109.5	150.4	122.4	18.23	205.6	0
5.275	22	5	0	0	0	136.7	109.1	136.7	109.1	150.4	122.4	19.08	209.6	0
5.275	22	7	0	0	0	137.5	109.6	137.5	109.6	150.4	122.4	18.11	205.1	0
5.525	23	2	0	0	0	139.4	111.6	139.4	111.6	157.1	123.4	21.28	229.3	0
5.525	23	4	0	0	0	138.9	111.2	138.9	111.2	157.1	123.4	21.9	233	0
5.525	23	0	0	160.5	132.7	140	112.2	140	112.2	157.1	123.4	20.51	224.7	0
5.525	23	6	0	0	0	139.5	111.7	139.5	111.7	157.1	123.4	21.1	228.2	0
5.525	23	3	0	0	0	139.1	111.3	139.1	111.3	157.1	123.4	21.71	231.9	0
5.525	23	1	0	0	0	139.7	112	139.7	112	157.1	123.4	20.8	226.4	0
5.525	23	5	0	0	0	139.2	111.4	139.2	111.4	157.1	123.4	21.59	231.2	0
5.525	23	7	0	0	0	139.8	112	139.8	112	157.1	123.4	20.69	225.7	0
5.775	24	2	0	0	0	142.2	113.8	142.2	113.8	158	129.1	21.96	251.3	0
5.775	24	4	0	0	0	141.7	113.4	141.7	113.4	158	129.1	22.62	255.7	0
5.775	24	0	0	167.3	133.4	142.9	114.3	142.9	114.3	158	129.1	21.14	245.9	0
5.775	24	6	0	0	0	142.4	114	142.4	114	158	129.1	21.77	250	0
5.775	24	3	0	0	0	141.8	113.5	141.8	113.5	158	129.1	22.42	254.3	0
5.775	24	1	0	0	0	142.6	114.2	142.6	114.2	158	129.1	21.45	247.9	0
5.775	24	5	0	0	0	142	113.6	142	113.6	158	129.1	22.29	253.5	0
5.775	24	7	0	0	0	142.7	114.2	142.7	114.2	158	129.1	21.32	247.1	0
6.025	25	2	0	0	0	145.5	116.3	145.5	116.3	164.5	131.7	24.47	275.7	0
6.025	25	4	0	0	0	144.9	115.9	144.9	115.9	164.5	131.7	25.22	280.9	0
6.025	25	0	0	174.4	138.4	146.2	116.9	146.2	116.9	164.5	131.7	23.53	269.4	0
6.025	25	6	0	0	0	145.6	116.5	145.6	116.5	164.5	131.7	24.25	274.2	0
6.025	25	3	0	0	0	145	116	145	116	164.5	131.7	25	279.3	0
6.025	25	1	0	0	0	145.9	116.7	145.9	116.7	164.5	131.7	23.88	271.7	0
6.025	25	5	0	0	0	145.2	116.1	145.2	116.1	164.5	131.7	24.85	278.3	0
6.025	25	7	0	0	0	146	116.8	146	116.8	164.5	131.7	23.74	270.8	0
6.275	26	2	0	0	0	149	118.4	149	118.4	166	133	22.31	298	0
6.275	26	4	0	0	0	148.4	118	148.4	118	166	133	23.07	304	0
6.275	26	0	0	180.8	137.3	149.9	118.9	149.9	118.9	166	133	21.36	290.7	0
6.275	26	6	0	0	0	149.2	118.6	149.2	118.6	166	133	22.09	296.3	0
6.275	26	3	0	0	0	148.6	118.2	148.6	118.2	166	133	22.84	302.2	0
6.275	26	1	0	0	0	149.6	118.8	149.6	118.8	166	133	21.71	293.5	0
6.275	26	5	0	0	0	148.7	118.2	148.7	118.2	166	133	22.69	301	0
6.275	26	7	0	0	0	149.7	118.8	149.7	118.8	166	133	21.57	292.4	0
6.525	27	2	0	0	0	152.7	120.6	152.7	120.6	169.7	131.4	20.12	318.1	0
6.525	27	4	0	0	0	152	120.2	152	120.2	169.7	131.4	20.9	324.9	0
6.525	27	0	0	184.8	139.8	153.5	121.1	153.5	121.1	169.7	131.4	19.14	309.9	0
6.525	27	6	0	0	0	152.9	120.7	152.9	120.7	169.7	131.4	19.89	316.2	0
6.525	27	3	0	0	0	152.2	120.3	152.2	120.3	169.7	131.4	20.67	322.8	0
6.525	27	1	0	0	0	153.2	120.9	153.2	120.9	169.7	131.4	19.51	313	0
6.525	27	5	0	0	0	152.3	120.4	152.3	120.4	169.7	131.4	20.51	321.5	0
6.525	27	7	0	0	0	153.3	121	153.3	121	169.7	131.4	19.36	311.7	0
6.775	28	2	0	0	0	153.5	121.6	153.5	121.6	167.5	130.7	16.65	334.8	0
6.775	28	4	0	0	0	153.3	121.4	153.3	121.4	167.5	130.7	16.93	341.8	0
6.775	28	0	0	160.7	130.2	153.8	121.9	153.8	121.9	167.5	130.7	16.3	326.2	0
6.775	28	6	0	0	0	153.6	121.7	153.6	121.7	167.5	130.7	16.57	332.8	0
6.775	28	3	0	0	0	153.4	121.5	153.4	121.5	167.5	130.7	16.84	339.7	0
6.775	28	1	0	0	0	153.7	121.8	153.7	121.8	167.5	130.7	16.43	329.4	0
6.775	28	5	0	0	0	153.4	121.5	153.4	121.5	167.5	130.7	16.79	338.3	0
6.775	28	7	0	0	0	153.7	121.8	153.7	121.8	167.5	130.7	16.38	328.1	0
7.025	29	2	0	0	0	156.2	121.2	156.2	121.2	173.5	129.6	19.22	354	0
7.025	29	4	0	0	0	155.7	121.2	155.7	121.2	173.5	129.6	19.62	361.4	0
7.025	29	0	0	180.2	117.2	156.8	121.1	156.8	121.1	173.5	129.6	18.72	344.9	0
7.025	29	6	0	0	0	156.3	121.2	156.3	121.2	173.5	129.6	19.1	351.9	0
7.025	29	3	0	0	0	155.9	121.2	155.9	121.2	173.5	129.6	19.5	359.2	0
7.025	29	1	0	0	0	156.6	121.1	156.6	121.1	173.5	129.6	18.9	348.3	0
7.025	29	5	0	0	0	156	121.2	156	121.2	173.5	129.6	19.42	357.7	0
7.025	29	7	0	0	0	156.7	121.1	156.7	121.1	173.5	129.6	18.83	347	0
7.275	30	2	0	0	0	158	122.2	158	122.2	173.4	134.6	19.8	373.8	0
7.275	30	4	0	0	0	157.7	122.1	157.7	122.1	173.4	134.6	20.18	381.6	0
7.275	30	0	0	173.8	131.7	158.4	122.5	158.4	122.5	173.4	134.6	19.33	364.2	0
7.275	30	6	0	0	0	158.1	122.3	158.1	122.3	173.4	134.6	19.69	371.6	0
7.275	30	3	0	0	0	157.8	122.1	157.8	122.1	173.4	134.6	20.06	379.2	0
7.275	30	1	0	0	0	158.3	122.4	158.3	122.4	173.4	134.6	19.5	367.8	0
7.275	30	5	0	0	0	157.8	122.2	157.8	122.2	173.4	134.6	19.99	377.7	0
7.275	30	7	0	0	0	158.3	122.4	158.3	122.4	173.4	134.6	19.43	366.4	0
7.525	31	2	0	0	0	159.3	123.5	159.3	123.5	173.1	134.9	17.94	391.8	0
7.525	31	4	0	0	0	159	123.3	159	123.3	173.1	134.9	18.27	399.9	0
7.525	31	0	0	170.5	134.6	159.6	123.8	159.6	123.8	173.1	134.9	17.52	381.8	0
7.525	31	6	0	0	0	159.3	123.5	159.3	123.5	173.1	134.9	17.84	389.4	0
7.525	31	3	0	0	0	159.1	123.3	159.1	123.3	173.1	134.9	18.17	397.4	0
7.525	31	1	0	0	0	159.5	123.7	159.5	123.7	173.1	134.9	17.68	385.5	0
7.525	31	5	0	0	0	159.1	123.4	159.1	123.4	173.1	134.9	18.11	395.8	0
7.525	31	7	0	0	0	159.5	123.7	159.5	123.7	173.1	134.9	17.62	384	0
7.775	32	2	0	0	0	161.1	124.7	161.1	124.7	170.1	136.2	14.56	406.3	0
7.775	32	4	0	0	0	160.8	124.5	160.8	124.5	170.1	136.2	14.95	414.8	0
7.775	32	0	0	177.2	136	161.5	125	161.5	125	170.1	136.2	14.07	395.8	0
7.775	32	6	0	0	0	161.2	124.8	161.2	124.8	170.1	136.2	14.44	403.9	0
7.775	32	3	0	0	0	160.9	124.6	160.9	124.6	170.1	136.2	14.83	412.2	0
7.775	32	1	0	0	0	161.3	124.9	161.3	124.9	170.1	136.2	14.26	399.7	0
7.775	32	5	0	0	0	160.9	124.6	160.9	124.6	170.1	136.2	14.75	410.6	0
7.775	32	7	0	0	0	161.4	125	161.4	125	170.1	136.2	14.18	398.2	0
8.025	33	2	0	0	0	162	126.5	162	126.5	172.6	137.6	15.28	421.6	0
8.025	33	4	0	0	0	161.8	126.2	161.8	126.2	172.6	137.6	15.65	430.4	0
8.025	33	0	0	170.2	142.5	162.3	126.9	162.3	126.9	172.6	137.6	14.83	410.7	0
8.025	33	6	0	0	0	162.1	126.6	162.1	126.6	172.6	137.6	15.18	419	0
8.025	33	3	0	0	0	161.9	126.3	161.9	126.3	172.6	137.6	15.54	427.8	0
8.025	33	1	0	0	0	162.2	126.8	162.2	126.8	172.6	137.6	15	414.7	0
8.025	33	5	0	0	0	161.9	126.4	161.9	126.4	172.6	137.6	15.47	426	0
8.025	33	7	0	0	0	162.2	126.8	162.2	126.8	172.6	137.6	14.93	413.1	0
8.275	34	2	0	0	0	162.5	126.8	162.5	126.8	174.3	142.9	19.95	441.5	0
8.275	34	4	0	0	0	162.4	126.7	162.4	126.7	174.3	142.9	20.06	450.5	0
8.275	34	0	0	166.8	128.6	162.6	126.9	162.6	126.9	174.3	142.9	19.81	430.5	0
8.275	34	6	0	0	0	162.5	126.8	162.5	126.8	174.3	142.9	19.91	438.9	0
8.275	34	3	0	0	0	162.4	126.7	162.4	126.7	174.3	142.9	20.02	447.8	0
8.275	34	1	0	0	0	162.6	126.8	162.6	126.8	174.3	142.9	19.86	434.6	0
8.275	34	5	0	0	0	162.5	126.7	162.5	126.7	174.3	142.9	20	446	0
8.275	34	7	0	0	0	162.6	126.8	162.6	126.8	174.3	142.9	19.84	433	0
8.525	35	2	0	0	0	165.2	127.8	165.2	127.8	177.7	141.5	18.47	460	0
8.525	35	4	0	0	0	164.8	127.6	164.8	127.6	177.7	141.5	18.93	469.4	0
8.525	35	0	0	189.7	137.4	165.8	128.1	165.8	128.1	177.7	141.5	17.9	448.4	0
8.525	35	6	0	0	0	165.4	127.9	165.4	127.9	177.7	141.5	18.34	457.3	0
8.525	35	3	0	0	0	164.9	127.7	164.9	127.7	177.7	141.5	18.79	466.6	0
8.525	35	1	0	0	0	165.6	128	165.6	128	177.7	141.5	18.11	452.7	0
8.525	35	5	0	0	0	165	127.7	165	127.7	177.7	141.5	18.7	464.7	0
8.525	35	7	0	0	0	165.7	128	165.7	128	177.7	141.5	18.03	451	0
8.775	36	2	0	0	0	166.2	129.3	166.2	129.3	184.5	142.4	22.53	482.5	0
8.775	36	4	0	0	0	166	129	166	129	184.5	142.4	22.84	492.3	0
8.775	36	0	0	174.2	142.3	166.4	129.6	166.4	129.6	184.5	142.4	22.13	470.5	0
8.775	36	6	0	0	0	166.2	129.4	166.2	129.4	184.5	142.4	22.43	479.7	0
8.775	36	3	0	0	0	166	129.1	166	129.1	184.5	142.4	22.75	489.3	0
8.775	36	1	0	0	0	166.3	129.5	166.3	129.5	184.5	142.4	22.28	475	0
8.775	36	5	0	0	0	166.1	129.2	166.1	129.2	184.5	142.4	22.68	487.4	0
8.775	36	7	0	0	0	166.4	129.6	166.4	129.6	184.5	142.4	22.22	473.2	0
9.025	37	2	0	0	0	169.6	132.7	169.6	132.7	190.5	148.2	26.04	508.6	0
9.025	37	4	0	0	0	168.9	132	168.9	132	190.5	148.2	27.04	519.3	0
9.025	37	0	0	182.9	146.7	169.9	133	169.9	133	190.5	148.2	25.6	496.1	0
9.025	37	6	0	0	0	169.2	132.4	169.2	132.4	190.5	148.2	26.56	506.3	0
9.025	37	3	0	0	0	169.2	132.3	169.2	132.3	190.5	148.2	26.6	515.9	0
9.025	37	1	0	187	149.4	169.9	133	169.9	133	190.5	148.2	25.67	500.7	0
9.025	37	5	0	0	0	168.9	132.1	168.9	132.1	190.5	148.2	26.95	514.4	0
9.025	37	7	0	0	0	169.6	132.8	169.6	132.8	190.5	148.2	26	499.2	0
9.275	38	2	0	0	0	172.3	139	172.3	139	196.6	154.8	29.08	537.7	0
9.275	38	4	0	0	0	171.7	137.7	171.7	137.7	196.6	154.8	30.3	549.6	0
9.275	38	0	0	188.4	174.4	172.6	139.8	172.6	139.8	196.6	154.8	28.35	524.5	0
9.275	38	6	0	0	0	172.1	138.5	172.1	138.5	196.6	154.8	29.49	535.8	0
9.275	38	3	0	0	0	171.9	138.2	171.9	138.2	196.6	154.8	29.8	545.7	0
9.275	38	1	0	181.8	161.5	172.5	139.6	172.5	139.6	196.6	154.8	28.54	529.2	0
9.275	38	5	0	0	0	171.8	137.9	171.8	137.9	196.6	154.8	30.08	544.5	0
9.275	38	7	0	0	0	172.4	139.3	172.4	139.3	196.6	154.8	28.79	528	0
9.525	39	2	0	0	0	175	142.3	175	142.3	198.9	159.8	29.58	567.2	0
9.525	39	4	0	0	0	174.6	141.4	174.6	141.4	198.9	159.8	30.43	580	0
9.525	39	0	0	174.2	152.2	175.4	142.5	175.4	142.5	198.9	159.8	29.13	553.6	0
9.525	39	6	0	0	0	175	141.7	175	141.7	198.9	159.8	29.94	565.7	0
9.525	39	3	0	0	0	174.8	141.8	174.8	141.8	198.9	159.8	30.07	575.8	0
9.525	39	1	0	191	164.7	175.3	142.5	175.3	142.5	198.9	159.8	29.23	558.4	0
9.525	39	5	0	0	0	174.7	141.4	174.7	141.4	198.9	159.8	30.32	574.8	0
9.525	39	7	0	196.1	141.2	175.3	142.2	175.3	142.2	198.9	159.8	29.46	557.5	0
9.775	40	2	0	0	0	178.1	145.7	178.1	145.7	196.9	158	22.46	589.7	0
9.775	40	4	0	0	0	177.5	144.9	177.5	144.9	196.9	158	23.38	603.4	0
9.775	40	0	0	197.7	167.8	178.6	146.2	178.6	146.2	196.9	158	21.81	575.4	0
9.775	40	6	0	0	0	178	145.5	178	145.5	196.9	158	22.68	588.4	0
9.775	40	3	0	0	0	177.8	145.2	177.8	145.2	196.9	158	23.02	598.8	0
9.775	40	1	0	186.6	156.7	178.4	146	178.4	146	196.9	158	21.99	580.4	0
9.775	40	5	0	0	0	177.7	145.1	177.7	145.1	196.9	158	23.17	597.9	0
9.775	40	7	0	0	0	178.4	145.9	178.4	145.9	196.9	158	22.13	579.6	0
10.025	41	2	0	0	0	180.5	151.4	180.5	151.4	195.7	164.3	19.95	609.6	0
10.025	41	4	0	0	0	180.2	150.4	180.2	150.4	195.7	164.3	20.88	624.3	0
10.025	41	0	0	196.5	180.9	181.1	152.2	181.1	152.2	195.7	164.3	19.02	594.4	0
10.025	41	6	0	0	0	180.9	151.2	180.9	151.2	195.7	164.3	19.87	608.3	0
10.025	41	3	0	0	0	180.3	150.8	180.3	150.8	195.7	164.3	20.56	619.4	0
10.025	41	1	0	179.2	172	180.9	152	180.9	152	195.7	164.3	19.35	599.8	0
10.025	41	5	0	0	0	180.5	150.6	180.5	150.6	195.7	164.3	20.51	618.5	0
10.025	41	7	0	194.7	157.2	181.1	151.8	181.1	151.8	195.7	164.3	19.29	598.9	0
10.275	42	2	0	0	0	181.7	153.9	181.7	153.9	202.3	162.9	22.42	632.1	0
10.275	42	4	0	0	0	181.6	153.5	181.6	153.5	202.3	162.9	22.66	647	0
10.275	42	0	0	189	156.4	182.1	154.4	182.1	154.4	202.3	162.9	21.91	616.3	0
10.275	42	6	0	0	0	182	154	182	154	202.3	162.9	22.12	630.4	0
10.275	42	3	0	0	0	181.6	153.6	181.6	153.6	202.3	162.9	22.62	642	0
10.275	42	1	0	180	163.3	181.9	154.2	181.9	154.2	202.3	162.9	22.13	621.9	0
10.275	42	5	0	0	0	181.8	153.7	181.8	153.7	202.3	162.9	22.42	640.9	0
10.275	42	7	0	190.1	175.8	182.1	154.3	182.1	154.3	202.3	162.9	21.94	620.8	0
10.525	43	2	0	0	0	188.2	157.8	188.2	157.8	203.4	164.6	16.7	648.8	0
10.525	43	4	0	0	0	187.2	157.2	187.2	157.2	203.4	164.6	17.79	664.8	0
10.525	43	0	0	210.7	178.8	189.1	158.4	189.1	158.4	203.4	164.6	15.6	631.9	0
10.525	43	6	0	0	0	188.2	157.9	188.2	157.9	203.4	164.6	16.6	647	0
10.525	43	3	0	0	0	187.5	157.4	187.5	157.4	203.4	164.6	17.42	659.4	0
10.525	43	1	0	209.7	165	188.7	158.2	188.7	158.2	203.4	164.6	15.99	637.9	0
10.525	43	5	0	0	0	187.6	157.5	187.6	157.5	203.4	164.6	17.35	658.2	0
10.525	43	7	0	212.7	169.9	188.8	158.3	188.8	158.3	203.4	164.6	15.92	636.7	0
10.775	44	2	0	0	0	193.7	159.8	193.7	159.8	209	167.7	17.21	666	0
10.775	44	4	0	0	0	192.9	159.5	192.9	159.5	209	167.7	18.11	682.9	0
10.775	44	0	0	217.4	182.9	194.7	160.3	194.7	160.3	209	167.7	16.12	648	0
10.775	44	6	0	0	0	194	160	194	160	209	167.7	16.94	663.9	0
10.775	44	3	0	0	0	193.2	159.6	193.2	159.6	209	167.7	17.83	677.3	0
10.775	44	1	0	207.8	156.1	194.4	160.1	194.4	160.1	209	167.7	16.53	654.4	0
10.775	44	5	0	0	0	193.3	159.7	193.3	159.7	209	167.7	17.65	675.9	0
10.775	44	7	0	218.3	157.8	194.5	160.2	194.5	160.2	209	167.7	16.35	653.1	0
11.025	45	2	0	0	0	197	160.6	197	160.6	212.8	167.3	17.14	683.1	0
11.025	45	4	0	0	0	196.4	160.4	196.4	160.4	212.8	167.3	17.77	700.6	0
11.025	45	0	0	223.5	171.8	197.6	160.7	197.6	160.7	212.8	167.3	16.54	664.6	0
11.025	45	6	0	0	0	197.1	160.5	197.1	160.5	212.8	167.3	17.12	681	0
11.025	45	3	0	0	0	196.6	160.5	196.6	160.5	212.8	167.3	17.55	694.8	0
11.025	45	1	0	199.8	160.4	197.4	160.7	197.4	160.7	212.8	167.3	16.75	671.2	0
11.025	45	5	0	0	0	196.7	160.4	196.7	160.4	212.8	167.3	17.53	693.4	0
11.025	45	7	0	196.2	151.7	197.4	160.6	197.4	160.6	212.8	167.3	16.73	669.8	0
11.275	46	2	0	0	0	202.1	165.3	202.1	165.3	216.1	173.6	16.17	699.3	0
11.275	46	4	0	0	0	201	164.4	201	164.4	216.1	173.6	17.59	718.2	0
11.275	46	0	0	214.8	175.8	202.4	165.7	202.4	165.7	216.1	173.6	15.73	680.3	0
11.275	46	6	0	0	0	201.4	164.8	201.4	164.8	216.1	173.6	17.08	698.1	0
11.275	46	3	0	0	0	201.5	164.8	201.5	164.8	216.1	173.6	16.94	711.7	0
11.275	46	1	0	234.9	195.1	202.4	165.6	202.4	165.6	216.1	173.6	15.74	686.9	0
11.275	46	5	0	0	0	201.1	164.4	201.1	164.4	216.1	173.6	17.56	711	0
11.275	46	7	0	203.3	170.9	202	165.3	202	165.3	216.1	173.6	16.33	686.1	0
11.525	47	2	0	0	0	204.2	166.8	204.2	166.8	215.8	179.9	17.43	716.7	0
11.525	47	4	0	0	0	203.8	166.6	203.8	166.6	215.8	179.9	17.93	736.1	0
11.525	47	0	0	217.9	157.1	204.7	167	204.7	167	215.8	179.9	17	697.3	0
11.525	47	6	0	0	0	204.3	166.8	204.3	166.8	215.8	179.9	17.46	715.6	0
11.525	47	3	0	0	0	204	166.7	204	166.7	215.8	179.9	17.75	729.5	0
11.525	47	1	0	208.7	181.4	204.5	167	204.5	167	215.8	179.9	17.14	704	0
11.525	47	5	0	0	0	204	166.6	204	166.6	215.8	179.9	17.77	728.7	0
11.525	47	7	0	211.9	188.2	204.5	166.9	204.5	166.9	215.8	179.9	17.16	703.3	0
11.775	48	2	0	0	0	208.3	168.1	208.3	168.1	221.8	178.2	16.84	733.6	0
11.775	48	4	0	0	0	207.8	167.8	207.8	167.8	221.8	178.2	17.44	753.6	0
11.775	48	0	0	231.4	161.9	209.2	168	209.2	168	221.8	178.2	16.2	713.5	0
11.775	48	6	0	0	0	208.8	167.7	208.8	167.7	221.8	178.2	16.75	732.3	0
11.775	48	3	0	0	0	207.9	167.9	207.9	167.9	221.8	178.2	17.24	746.7	0
11.775	48	1	0	211.3	184.6	208.8	168.1	208.8	168.1	221.8	178.2	16.42	720.5	0
11.775	48	5	0	0	0	208.2	167.7	208.2	167.7	221.8	178.2	17.18	745.9	0
11.775	48	7	0	229.4	170.6	209.1	167.8	209.1	167.8	221.8	178.2	16.37	719.7	0
12.025	49	2	0	0	0	212	171.8	212	171.8	220.8	183.3	14.48	748	0
12.025	49	4	0	0	0	211.5	171	211.5	171	220.8	183.3	15.39	769	0
12.025	49	0	0	225.3	173.4	212.6	172	212.6	172	220.8	183.3	13.94	727.5	0
12.025	49	6	0	0	0	212.2	171.3	212.2	171.3	220.8	183.3	14.79	747.1	0
12.025	49	3	0	0	0	211.6	171.4	211.6	171.4	220.8	183.3	15.02	761.8	0
12.025	49	1	0	220.3	200.6	212.4	172	212.4	172	220.8	183.3	14.07	734.5	0
12.025	49	5	0	0	0	211.8	171	211.8	171	220.8	183.3	15.23	761.1	0
12.025	49	7	0	230.7	181.2	212.5	171.7	212.5	171.7	220.8	183.3	14.27	733.9	0
12.275	50	2	0	0	0	213.9	175.1	213.9	175.1	221.9	189.4	16.4	764.4	0
12.275	50	4	0	0	0	213.7	174.5	213.7	174.5	221.9	189.4	17.06	786	0
12.275	50	0	0	213	179.1	214.3	175.5	214.3	175.5	221.9	189.4	15.91	743.4	0
12.275	50	6	0	0	0	214.1	174.9	214.1	174.9	221.9	189.4	16.53	763.6	0
12.275	50	3	0	0	0	213.8	174.7	213.8	174.7	221.9	189.4	16.81	778.6	0
12.275	50	1	0	221.7	195.2	214.1	175.4	214.1	175.4	221.9	189.4	16.05	750.6	0
12.275	50	5	0	0	0	213.9	174.6	213.9	174.6	221.9	189.4	16.9	778	0
12.275	50	7	0	233.2	190.2	214.3	175.2	214.3	175.2	221.9	189.4	16.14	750.1	0
12.525	51	2	0	0	0	215.3	177.4	215.3	177.4	228.8	191.8	19.75	784.2	0
12.525	51	4	0	0	0	215.3	177.1	215.3	177.1	228.8	191.8	19.96	806	0
12.525	51	0	0	0	0	215.8	177.9	215.8	177.9	228.8	191.8	19.03	762.4	0
12.525	51	6	0	0	0	215.9	177.6	215.9	177.6	228.8	191.8	19.22	782.9	0
12.525	51	3	0	0	0	215.2	177.2	215.2	177.2	228.8	191.8	19.97	798.5	0
12.525	51	1	0	213	187.4	215.5	177.7	215.5	177.7	228.8	191.8	19.36	770	0
12.525	51	5	0	0	0	215.6	177.3	215.6	177.3	228.8	191.8	19.62	797.7	0
12.525	51	7	0	241.7	200.3	215.9	177.8	215.9	177.8	228.8	191.8	19.01	769.1	0
12.775	52	2	0	0	0	220.6	181.1	220.6	181.1	233.2	191.8	16.57	800.8	0
12.775	52	4	0	0	0	220	180.9	220	180.9	233.2	191.8	17.11	823.1	0
12.775	52	0	0	0	0	220.3	181	220.3	181	233.2	191.8	16.81	779.2	0
12.775	52	6	0	0	0	219.8	180.8	219.8	180.8	233.2	191.8	17.37	800.2	0
12.775	52	3	0	237.2	198.5	220.3	181	220.3	181	233.2	191.8	16.8	815.3	0
12.775	52	1	0	243.8	187	220.5	181.1	220.5	181.1	233.2	191.8	16.61	786.6	0
12.775	52	5	0	0	0	219.8	180.9	219.8	180.9	233.2	191.8	17.33	815	0
12.775	52	7	0	229.4	197.5	220	180.9	220	180.9	233.2	191.8	17.13	786.2	0
13.025	53	2	0	0	0	221.4	181.3	221.4	181.3	234.6	194.9	18.92	819.7	0
13.025	53	4	0	0	0	221	181.1	221	181.1	234.6	194.9	19.34	842.4	0
13.025	53	0	0	0	0	221.8	181.5	221.8	181.5	234.6	194.9	18.56	797.8	0
13.025	53	6	0	0	0	221.4	181.3	221.4	181.3	234.6	194.9	18.97	819.2	0
13.025	53	3	0	214	176.1	221.2	181.2	221.2	181.2	234.6	194.9	19.18	834.5	0
13.025	53	1	0	235.8	188.1	221.7	181.4	221.7	181.4	234.6	194.9	18.68	805.2	0
13.025	53	5	0	0	0	221.1	181.2	221.1	181.2	234.6	194.9	19.22	834.2	0
13.025	53	7	0	230.3	184.7	221.6	181.4	221.6	181.4	234.6	194.9	18.71	804.9	0
13.275	54	2	0	0	0	224.6	181.9	224.6	181.9	237.2	199.7	21.8	841.5	0
13.275	54	4	0	0	0	224.5	181.8	224.5	181.8	237.2	199.7	21.94	864.4	0
13.275	54	0	0	0	0	224	182.2	224	182.2	237.2	199.7	21.9	819.7	0
13.275	54	6	0	0	0	224	182.1	224	182.1	237.2	199.7	22.05	841.3	0
13.275	54	3	0	249.2	178	224.6	181.8	224.6	181.8	237.2	199.7	21.85	856.4	0
13.275	54	1	0	225.7	186.6	224.3	182.1	224.3	182.1	237.2	199.7	21.83	827.1	0
13.275	54	5	0	0	0	224.2	181.9	224.2	181.9	237.2	199.7	22.02	856.2	0
13.275	54	7	0	227.5	190.9	223.9	182.2	223.9	182.2	237.2	199.7	21.99	826.9	0
13.525	55	2	0	0	0	225.3	187.9	225.3	187.9	238.4	200.4	18.01	859.5	0
13.525	55	4	0	0	0	225.2	187.4	225.2	187.4	238.4	200.4	18.48	882.9	0
13.525	55	0	0	0	0	225.9	188.1	225.9	188.1	238.4	200.4	17.46	837.1	0
13.525	55	6	0	0	0	225.8	187.6	225.8	187.6	238.4	200.4	17.93	859.2	0
13.525	55	3	0	216.8	203.8	225.2	187.6	225.2	187.6	238.4	200.4	18.32	874.7	0
13.525	55	1	0	231.3	208.9	225.7	188.1	225.7	188.1	238.4	200.4	17.66	844.7	0
13.525	55	5	0	0	0	225.5	187.4	225.5	187.4	238.4	200.4	18.29	874.5	0
13.525	55	7	0	249.2	218.6	226	187.9	226	187.9	238.4	200.4	17.61	844.5	0
13.775	56	2	0	0	0	228.7	191	228.7	191	242.6	203	18.37	877.8	0
13.775	56	4	0	0	0	228.8	190.3	228.8	190.3	242.6	203	18.82	901.7	0
13.775	56	0	0	0	0	228.4	190.7	228.4	190.7	242.6	203	18.82	856	0
13.775	56	6	0	0	0	228.4	190	228.4	190	242.6	203	19.28	878.5	0
13.775	56	3	0	252	197.2	228.8	190.7	228.8	190.7	242.6	203	18.52	893.2	0
13.775	56	1	0	227.6	217.2	228.6	191	228.6	191	242.6	203	18.53	863.3	0
13.775	56	5	0	0	0	228.6	190.1	228.6	190.1	242.6	203	19.12	893.6	0
13.775	56	7	0	239	184	228.3	190.3	228.3	190.3	242.6	203	19.12	863.7	0
14.025	57	2	0	0	0	231.6	194.3	231.6	194.3	243.6	200.5	13.52	891.4	0
14.025	57	4	0	0	0	231.2	193.8	231.2	193.8	243.6	200.5	14.11	915.8	0
14.025	57	0	0	0	0	231.3	194	231.3	194	243.6	200.5	13.96	869.9	0
14.025	57	6	0	0	0	230.9	193.5	230.9	193.5	243.6	200.5	14.57	893	0
14.025	57	3	0	242.7	207.2	231.5	194.1	231.5	194.1	243.6	200.5	13.74	907	0
14.025	57	1	0	248	212	231.5	194.2	231.5	194.2	243.6	200.5	13.65	876.9	0
14.025	57	5	0	0	0	231	193.6	231	193.6	243.6	200.5	14.43	908.1	0
14.025	57	7	0	230	198.3	231	193.7	231	193.7	243.6	200.5	14.33	878	0
14.275	58	2	0	0	0	236.2	195.8	236.2	195.8	247.3	201.9	12.71	904.1	0
14.275	58	4	0	0	0	235.4	195.7	235.4	195.7	247.3	201.9	13.42	929.2	0
14.275	58	0	0	0	0	236.4	195.7	236.4	195.7	247.3	201.9	12.55	882.5	0
14.275	58	6	0	0	0	235.7	195.6	235.7	195.6	247.3	201.9	13.26	906.3	0
14.275	58	3	0	239.5	206.1	235.7	195.8	235.7	195.8	247.3	201.9	13.09	920	0
14.275	58	1	0	265.8	197	236.4	195.7	236.4	195.7	247.3	201.9	12.53	889.4	0
14.275	58	5	0	0	0	235.4	195.7	235.4	195.7	247.3	201.9	13.45	921.5	0
14.275	58	7	0	257	204.6	236.1	195.6	236.1	195.6	247.3	201.9	12.88	890.9	0
14.525	59	2	0	0	0	240.3	200.7	240.3	200.7	251.4	206.7	12.6	916.7	0
14.525	59	4	0	0	0	239.7	200.2	239.7	200.2	251.4	206.7	13.31	942.5	0
14.525	59	0	0	0	0	239.8	200.6	239.8	200.6	251.4	206.7	13.04	895.5	0
14.525	59	6	0	0	0	239.3	200.1	239.3	200.1	251.4	206.7	13.77	920.1	0
14.525	59	3	0	259	215.2	240.1	200.5	240.1	200.5	251.4	206.7	12.88	932.9	0
14.525	59	1	0	259.2	221.4	240.1	200.7	240.1	200.7	251.4	206.7	12.71	902.1	0
14.525	59	5	0	0	0	239.4	200.1	239.4	200.1	251.4	206.7	13.66	935.2	0
14.525	59	7	0	240.7	217.8	239.5	200.3	239.5	200.3	251.4	206.7	13.47	904.3	0
14.775	60	2	0	0	0	241.5	200.5	241.5	200.5	254.5	203.7	13.31	930	0
14.775	60	4	0	0	0	241.2	200.3	241.2	200.3	254.5	203.7	13.67	956.2	0
14.775	60	0	0	0	0	241.7	200.5	241.7	200.5	254.5	203.7	13.18	908.7	0
14.775	60	6	0	0	0	241.3	200.3	241.3	200.3	254.5	203.7	13.53	933.6	0
14.775	60	3	0	241.1	196.8	241.4	200.4	241.4	200.4	254.5	203.7	13.51	946.4	0
14.775	60	1	0	252.7	206.2	241.6	200.5	241.6	200.5	254.5	203.7	13.19	915.3	0
14.775	60	5	0	0	0	241.2	200.3	241.2	200.3	254.5	203.7	13.66	948.8	0
14.775	60	7	0	250.5	197.8	241.5	200.4	241.5	200.4	254.5	203.7	13.33	917.7	0
15.025	61	2	0	0	0	244.5	201	244.5	201	256.9	208.9	14.69	944.7	0
15.025	61	4	0	0	0	244.1	201.3	244.1	201.3	256.9	208.9	14.87	971.1	0
15.025	61	0	0	0	0	244.3	201.1	244.3	201.1	256.9	208.9	14.77	923.5	0
15.025	61	6	0	0	0	243.9	201.4	243.9	201.4	256.9	208.9	14.95	948.6	0
15.025	61	3	0	254.1	209.4	244.3	201.1	244.3	201.1	256.9	208.9	14.76	961.2	0
15.025	61	1	0	259.2	188.5	244.5	201	244.5	201	256.9	208.9	14.7	930	0
15.025	61	5	0	0	0	244	201.4	244	201.4	256.9	208.9	14.94	963.8	0
15.025	61	7	0	249.3	218.1	244.1	201.3	244.1	201.3	256.9	208.9	14.87	932.5	0
15.275	62	2	0	0	0	249	204	249	204	255.9	214	12.19	956.9	0
15.275	62	4	0	0	0	248.5	203.8	248.5	203.8	255.9	214	12.6	983.7	0
15.275	62	0	0	0	0	248.4	203.7	248.4	203.7	255.9	214	12.74	936.2	0
15.275	62	6	0	0	0	247.9	203.5	247.9	203.5	255.9	214	13.18	961.7	0
15.275	62	3	0	271.7	218.1	248.8	204	248.8	204	255.9	214	12.31	973.5	0
15.275	62	1	0	265.7	212.8	248.7	203.9	248.7	203.9	255.9	214	12.4	942.4	0
15.275	62	5	0	0	0	248.2	203.7	248.2	203.7	255.9	214	12.96	976.7	0
15.275	62	7	0	251.9	207.9	248.1	203.6	248.1	203.6	255.9	214	13.04	945.6	0
15.525	63	2	0	0	0	251.9	207.2	251.9	207.2	254.9	220	13.18	970	0
15.525	63	4	0	0	0	251.7	206.9	251.7	206.9	254.9	220	13.45	997.1	0
15.525	63	0	0	0	0	251.8	207.4	251.8	207.4	254.9	220	12.97	949.2	0
15.525	63	6	0	0	0	251.6	207.2	251.6	207.2	254.9	220	13.24	975	0
15.525	63	3	0	266.3	214.8	251.8	207	251.8	207	254.9	220	13.35	986.8	0
15.525	63	1	0	259.1	215.7	251.9	207.3	251.9	207.3	254.9	220	13.03	955.5	0
15.525	63	5	0	0	0	251.6	207	251.6	207	254.9	220	13.39	990.1	0
15.525	63	7	0	268.1	233.3	251.7	207.3	251.7	207.3	254.9	220	13.07	958.6	0
15.775	64	2	0	0	0	253.9	209.7	253.9	209.7	259.9	222.2	13.79	983.8	0
15.775	64	4	0	0	0	253.7	209.5	253.7	209.5	259.9	222.2	14.12	1011	0
15.775	64	0	0	0	0	253.5	209.7	253.5	209.7	259.9	222.2	14	963.2	0
15.775	64	6	0	0	0	253.3	209.4	253.3	209.4	259.9	222.2	14.35	989.3	0
15.775	64	3	0	265.9	218.2	253.8	209.6	253.8	209.6	259.9	222.2	13.92	1001	0
15.775	64	1	0	262.4	219.4	253.7	209.8	253.7	209.8	259.9	222.2	13.84	969.3	0
15.775	64	5	0	0	0	253.4	209.4	253.4	209.4	259.9	222.2	14.29	1004	0
15.775	64	7	0	249.6	218.5	253.3	209.6	253.3	209.6	259.9	222.2	14.21	972.9	0
16.025	65	2	0	0	0	254.6	211.9	254.6	211.9	259.8	227.1	16.12	1000	0
16.025	65	4	0	0	0	254.7	211.8	254.7	211.8	259.8	227.1	16.12	1027	0
16.025	65	0	0	0	0	254.6	211.4	254.6	211.4	259.8	227.1	16.51	979.7	0
16.025	65	6	0	0	0	254.7	211.4	254.7	211.4	259.8	227.1	16.53	1006	0
16.025	65	3	0	261.9	229.3	254.7	211.9	254.7	211.9	259.8	227.1	16.06	1017	0
16.025	65	1	0	248.6	212.9	254.6	211.7	254.6	211.7	259.8	227.1	16.31	985.6	0
16.025	65	5	0	0	0	254.8	211.6	254.8	211.6	259.8	227.1	16.33	1021	0
16.025	65	7	0	268.2	213.5	254.7	211.3	254.7	211.3	259.8	227.1	16.58	989.4	0
16.275	66	2	0	0	0	259.5	215	259.5	215	263.3	228.2	13.76	1014	0
16.275	66	4	0	0	0	258.9	214.8	258.9	214.8	263.3	228.2	14.07	1041	0
16.275	66	0	0	0	0	259.5	214.9	259.5	214.9	263.3	228.2	13.78	993.5	0
16.275	66	6	0	0	0	258.9	214.8	258.9	214.8	263.3	228.2	14.09	1020	0
16.275	66	3	0	269.1	228.6	259.2	214.9	259.2	214.9	263.3	228.2	13.9	1031	0
16.275	66	1	0	284.3	220.1	259.6	215	259.6	215	263.3	228.2	13.73	999.4	0
16.275	66	5	0	0	0	258.8	214.8	258.8	214.8	263.3	228.2	14.13	1035	0
16.275	66	7	0	275.2	234.5	259.2	214.9	259.2	214.9	263.3	228.2	13.94	1003	0
16.525	67	2	0	0	0	261.5	220.8	261.5	220.8	263.3	234.4	13.67	1027	0
16.525	67	4	0	0	0	261.8	220.5	261.8	220.5	263.3	234.4	13.96	1055	0
16.525	67	0	0	0	0	261.2	220.7	261.2	220.7	263.3	234.4	13.79	1007	0
16.525	67	6	0	0	0	261.5	220.4	261.5	220.4	263.3	234.4	14.08	1034	0
16.525	67	3	0	274	234.8	261.7	220.7	261.7	220.7	263.3	234.4	13.8	1045	0
16.525	67	1	0	258.3	244.6	261.3	220.8	261.3	220.8	263.3	234.4	13.69	1013	0
16.525	67	5	0	273.9	230.3	261.7	220.4	261.7	220.4	263.3	234.4	14.07	1049	0
16.525	67	7	0	264.1	236.1	261.3	220.5	261.3	220.5	263.3	234.4	13.96	1017	0
16.775	68	2	0	0	0	263.9	228.6	263.9	228.6	261.8	238.3	9.963	1037	0
16.775	68	4	0	0	0	264.4	228.7	264.4	228.7	261.8	238.3	9.96	1065	0
16.775	68	0	0	0	0	263.4	228.2	263.4	228.2	261.8	238.3	10.27	1018	0
16.775	68	6	0	0	0	263.9	228.3	263.9	228.3	261.8	238.3	10.23	1044	0
16.775	68	3	0	282.9	255.4	264.2	228.7	264.2	228.7	261.8	238.3	9.915	1054	0
16.775	68	1	0	254.3	245.8	263.5	228.4	263.5	228.4	261.8	238.3	10.12	1023	0
16.775	68	5	0	279	253.4	264.3	228.6	264.3	228.6	261.8	238.3	10.09	1059	0
16.775	68	7	0	263.2	244.1	263.6	228.2	263.6	228.2	261.8	238.3	10.29	1028	0
17.025	69	2	0	0	0	263	230.4	263	230.4	262.8	235.9	5.423	1043	0
17.025	69	4	0	0	0	263.2	230	263.2	230	262.8	235.9	5.832	1071	0
17.025	69	0	0	0	0	262.8	230.5	262.8	230.5	262.8	235.9	5.36	1023	0
17.025	69	6	0	0	0	263	230.1	263	230.1	262.8	235.9	5.766	1050	0
17.025	69	3	0	268.7	223.5	263.1	230.2	263.1	230.2	262.8	235.9	5.639	1060	0
17.025	69	1	0	253.5	253.8	262.9	230.5	262.9	230.5	262.8	235.9	5.327	1028	0
17.025	69	5	0	258.9	235.6	263.1	230	263.1	230	262.8	235.9	5.861	1065	0
17.025	69	7	0	260.2	226.2	262.9	230.3	262.9	230.3	262.8	235.9	5.554	1033	0
17.275	70	2	0	0	0	261.8	235	261.8	235	262.9	242.5	7.56	1050	0
17.275	70	4	0	0	0	262.1	234.4	262.1	234.4	262.9	242.5	8.098	1079	0
17.275	70	0	0	0	0	261.5	234.6	261.5	234.6	262.9	242.5	7.977	1031	0
17.275	70	6	0	0	0	261.8	234	261.8	234	262.9	242.5	8.503	1059	0
17.275	70	3	0	265.2	253.8	262	234.7	262	234.7	262.9	242.5	7.765	1068	0
17.275	70	1	0	252.5	256.5	261.6	234.9	261.6	234.9	262.9	242.5	7.685	1036	0
17.275	70	5	0	266	232.3	262	234.1	262	234.1	262.9	242.5	8.383	1073	0
17.275	70	7	0	246.2	240.4	261.6	234.3	261.6	234.3	262.9	242.5	8.303	1041	0
17.525	71	2	0	0	0	262.7	237.8	262.7	237.8	262.4	246.9	9.093	1059	0
17.525	71	4	0	0	0	262.9	237.7	262.9	237.7	262.4	246.9	9.183	1088	0
17.525	71	0	0	0	0	262.9	237.5	262.9	237.5	262.4	246.9	9.451	1040	0
17.525	71	6	0	0	0	263	237.4	263	237.4	262.4	246.9	9.544	1068	0
17.525	71	3	0	262.3	256.5	262.8	237.8	262.8	237.8	262.4	246.9	9.082	1077	0
17.525	71	1	0	261.4	241.8	262.7	237.7	262.7	237.7	262.4	246.9	9.257	1045	0
17.525	71	5	0	268.3	240.2	263	237.6	263	237.6	262.4	246.9	9.377	1083	0
17.525	71	7	0	273.6	245.5	263	237.4	263	237.4	262.4	246.9	9.553	1051	0
17.775	72	2	0	0	0	264.4	239.6	264.4	239.6	265.2	248.2	8.664	1068	0
17.775	72	4	0	0	0	264.9	239.7	264.9	239.7	265.2	248.2	8.523	1097	0
17.775	72	0	0	0	0	263.9	239.6	263.9	239.6	265.2	248.2	8.731	1049	0
17.775	72	6	0	0	0	264.4	239.7	264.4	239.7	265.2	248.2	8.558	1077	0
17.775	72	3	0	282	247.6	264.7	239.7	264.7	239.7	265.2	248.2	8.583	1086	0
17.775	72	1	0	253.4	239.1	264.1	239.6	264.1	239.6	265.2	248.2	8.722	1054	0
17.775	72	5	0	276.7	244.1	264.8	239.7	264.8	239.7	265.2	248.2	8.516	1091	0
17.775	72	7	0	259.5	252.4	264.1	239.7	264.1	239.7	265.2	248.2	8.651	1060	0
18.025	73	2	0	0	0	266	242.9	266	242.9	264.7	255.2	12.3	1080	0
18.025	73	4	0	0	0	265.8	243	265.8	243	264.7	255.2	12.26	1109	0
18.025	73	0	0	0	0	265.6	243	265.6	243	264.7	255.2	12.22	1061	0
18.025	73	6	0	0	0	265.3	243	265.3	243	264.7	255.2	12.19	1089	0
18.025	73	3	0	285.2	253.9	266	242.9	266	242.9	264.7	255.2	12.3	1098	0
18.025	73	1	0	266.6	247.7	265.8	243	265.8	243	264.7	255.2	12.27	1066	0
18.025	73	5	0	253.7	247.9	265.5	243	265.5	243	264.7	255.2	12.22	1103	0
18.025	73	7	0	270.4	261.4	265.4	243	265.4	243	264.7	255.2	12.19	1072	0
18.275	74	2	0	0	0	265.8	247.8	265.8	247.8	269.2	258	10.72	1091	0
18.275	74	4	0	0	0	265.7	247.7	265.7	247.7	269.2	258	10.8	1120	0
18.275	74	0	0	0	0	265.3	247.8	265.3	247.8	269.2	258	10.88	1072	0
18.275	74	6	0	0	0	265.2	247.8	265.2	247.8	269.2	258	10.96	1100	0
18.275	74	3	0	275	259	265.8	247.8	265.8	247.8	269.2	258	10.74	1109	0
18.275	74	1	0	267.3	261.7	265.6	247.8	265.6	247.8	269.2	258	10.79	1077	0
18.275	74	5	0	263	259.7	265.4	247.7	265.4	247.7	269.2	258	10.89	1114	0
18.275	74	7	0	249.9	265.1	265.2	247.8	265.2	247.8	269.2	258	10.95	1083	0
18.525	75	2	0	0	0	266.8	250.9	266.8	250.9	273.4	264	14.67	1106	0
18.525	75	4	0	0	0	266.9	250.7	266.9	250.7	273.4	264	14.8	1135	0
18.525	75	0	0	0	0	266.5	250.3	266.5	250.3	273.4	264	15.26	1087	0
18.525	75	6	0	0	0	266.6	250.2	266.6	250.2	273.4	264	15.39	1115	0
18.525	75	3	0	278	259	266.9	250.9	266.9	250.9	273.4	264	14.64	1123	0
18.525	75	1	0	265.3	270.6	266.7	250.6	266.7	250.6	273.4	264	14.94	1092	0
18.525	75	5	0	267.3	263.3	266.7	250.4	266.7	250.4	273.4	264	15.12	1129	0
18.525	75	7	0	268.4	232.3	266.5	250.2	266.5	250.2	273.4	264	15.42	1098	0
18.775	76	2	0	0	0	270.7	254.9	270.7	254.9	277.3	270.3	16.75	1123	0
18.775	76	4	0	0	0	270.7	255.3	270.7	255.3	277.3	270.3	16.37	1151	0
18.775	76	0	0	0	0	270.2	255.2	270.2	255.2	277.3	270.3	16.66	1104	0
18.775	76	6	0	0	0	270.2	255.6	270.2	255.6	277.3	270.3	16.29	1131	0
18.775	76	3	0	287.4	258.4	270.8	255.1	270.8	255.1	277.3	270.3	16.58	1140	0
18.775	76	1	0	282.7	259.3	270.5	255	270.5	255	277.3	270.3	16.76	1109	0
18.775	76	5	0	282.6	278.2	270.5	255.5	270.5	255.5	277.3	270.3	16.27	1146	0
18.775	76	7	0	266.1	282	270.1	255.5	270.1	255.5	277.3	270.3	16.46	1115	0
19.025	77	2	0	0	0	271.6	260.2	271.6	260.2	275.3	270.4	10.8	1133	0
19.025	77	4	0	0	0	272	260.2	272	260.2	275.3	270.4	10.67	1162	0
19.025	77	0	0	0	0	271.1	259.6	271.1	259.6	275.3	270.4	11.57	1116	0
19.025	77	6	0	0	0	271.5	259.6	271.5	259.6	275.3	270.4	11.43	1143	0
19.025	77	3	0	281.2	280.6	271.9	260.3	271.9	260.3	275.3	270.4	10.61	1150	0
19.025	77	1	0	268.3	277.5	271.3	259.9	271.3	259.9	275.3	270.4	11.2	1120	0
19.025	77	5	0	286.7	275.6	271.8	259.9	271.8	259.9	275.3	270.4	11.03	1157	0
19.025	77	7	0	256.6	251.2	271.2	259.5	271.2	259.5	275.3	270.4	11.62	1126	0
19.275	78	2	0	0	0	274.3	263.6	274.3	263.6	281.8	274.9	13.61	1147	0
19.275	78	4	0	0	0	274.4	263.6	274.4	263.6	281.8	274.9	13.49	1175	0
19.275	78	0	0	0	0	273.9	263.2	273.9	263.2	281.8	274.9	14.12	1130	0
19.275	78	6	0	0	0	274.1	263.2	274.1	263.2	281.8	274.9	14	1157	0
19.275	78	3	0	284.8	277.3	274.4	263.7	274.4	263.7	281.8	274.9	13.47	1164	0
19.275	78	1	0	279.7	273.3	274.1	263.4	274.1	263.4	281.8	274.9	13.88	1134	0
19.275	78	5	0	284.7	275.1	274.3	263.4	274.3	263.4	281.8	274.9	13.72	1170	0
19.275	78	7	0	0	0	274	263.1	274	263.1	281.8	274.9	14.15	1140	0
19.525	79	2	0	0	0	275.1	266.4	275.1	266.4	283.8	281.3	17.24	1164	0
19.525	79	4	0	0	0	275.5	266.9	275.5	266.9	283.8	281.3	16.63	1192	0
19.525	79	0	0	0	0	275.2	266	275.2	266	283.8	281.3	17.57	1147	0
19.525	79	6	0	0	0	275.6	266.5	275.6	266.5	283.8	281.3	16.93	1174	0
19.525	79	3	0	272.6	279	275.3	266.7	275.3	266.7	283.8	281.3	16.89	1181	0
19.525	79	1	0	0	0	275.1	266.1	275.1	266.1	283.8	281.3	17.5	1151	0
19.525	79	5	0	290.7	285.1	275.6	266.8	275.6	266.8	283.8	281.3	16.68	1187	0
19.525	79	7	0	0	0	275.4	266.2	275.4	266.2	283.8	281.3	17.3	1158	0
19.775	80	2	0	0	0	278.1	270.9	278.1	270.9	289.8	279.6	14.62	1179	0
19.775	80	4	0	0	0	278.2	270.8	278.2	270.8	289.8	279.6	14.57	1207	0
19.775	80	0	0	0	0	277.9	270.6	277.9	270.6	289.8	279.6	14.93	1162	0
19.775	80	6	0	0	0	278	270.5	278	270.5	289.8	279.6	14.88	1189	0
19.775	80	3	0	284.6	280.7	278.2	270.9	278.2	270.9	289.8	279.6	14.55	1195	0
19.775	80	1	0	286.6	290.3	278	270.8	278	270.8	289.8	279.6	14.78	1166	0
19.775	80	5	0	290.7	285.3	278.1	270.7	278.1	270.7	289.8	279.6	14.71	1202	0
19.775	80	7	0	0	0	277.9	270.5	277.9	270.5	289.8	279.6	14.96	1173	0
20.025	81	2	0	0	0	280.1	275.5	280.1	275.5	288.8	285.8	13.51	1192	0
20.025	81	4	0	0	0	280.4	275.7	280.4	275.7	288.8	285.8	13.09	1220	0
20.025	81	0	0	0	0	279.8	274.5	279.8	274.5	288.8	285.8	14.41	1177	0
20.025	81	6	0	0	0	280.2	274.8	280.2	274.8	288.8	285.8	13.97	1203	0
20.025	81	3	0	287.8	309.1	280.3	275.7	280.3	275.7	288.8	285.8	13.16	1208	0
20.025	81	1	0	0	0	279.9	275	279.9	275	288.8	285.8	14.02	1180	0
20.025	81	5	0	294	285.1	280.4	275.3	280.4	275.3	288.8	285.8	13.46	1215	0
20.025	81	7	0	0	0	280	274.5	280	274.5	288.8	285.8	14.33	1187	0
20.275	82	2	0	0	0	282.6	276.3	282.6	276.3	291.7	285.5	12.98	1205	0
20.275	82	4	0	0	0	283	276.5	283	276.5	291.7	285.5	12.54	1232	0
20.275	82	0	0	0	0	282.3	276.1	282.3	276.1	291.7	285.5	13.35	1190	0
20.275	82	6	0	0	0	282.7	276.3	282.7	276.3	291.7	285.5	12.88	1216	0
20.275	82	3	0	293.9	279.4	282.8	276.4	282.8	276.4	291.7	285.5	12.7	1221	0
20.275	82	1	0	0	0	282.4	276.1	282.4	276.1	291.7	285.5	13.23	1194	0
20.275	82	5	0	296.6	285.1	282.9	276.5	282.9	276.5	291.7	285.5	12.64	1228	0
20.275	82	7	0	0	0	282.4	276.2	282.4	276.2	291.7	285.5	13.17	1200	0
20.525	83	2	0	0	0	283.8	277.9	283.8	277.9	298.4	286.7	17.08	1222	0
20.525	83	4	0	0	0	283.7	277.8	283.7	277.8	298.4	286.7	17.18	1249	0
20.525	83	0	0	0	0	283.4	277.4	283.4	277.4	298.4	286.7	17.65	1208	0
20.525	83	6	0	0	0	283.4	277.3	283.4	277.3	298.4	286.7	17.74	1233	0
20.525	83	3	0	295.3	295.6	283.8	277.9	283.8	277.9	298.4	286.7	17.04	1238	0
20.525	83	1	0	0	0	283.6	277.7	283.6	277.7	298.4	286.7	17.35	1211	0
20.525	83	5	0	281	272	283.5	277.5	283.5	277.5	298.4	286.7	17.47	1245	0
20.525	83	7	0	0	0	283.3	277.3	283.3	277.3	298.4	286.7	17.78	1218	0
20.775	84	2	0	0	0	289	279	289	279	305.4	288.9	19.15	1242	0
20.775	84	4	0	0	0	289.6	279.4	289.6	279.4	305.4	288.9	18.45	1268	0
20.775	84	0	0	0	0	288.1	278.9	288.1	278.9	305.4	288.9	19.95	1228	0
20.775	84	6	0	0	0	288.8	279.3	288.8	279.3	305.4	288.9	19.22	1252	0
20.775	84	3	0	318.5	281	289.4	279.2	289.4	279.2	305.4	288.9	18.68	1257	0
20.775	84	1	0	0	0	288.5	278.9	288.5	278.9	305.4	288.9	19.66	1231	0
20.775	84	5	0	313.1	293.3	289.3	279.4	289.3	279.4	305.4	288.9	18.72	1264	0
20.775	84	7	0	0	0	288.3	279.1	288.3	279.1	305.4	288.9	19.71	1238	0
21.025	85	2	0	0	0	289	283.1	289	283.1	302.6	295.3	18.26	1260	0
21.025	85	4	0	0	0	288.8	283.4	288.8	283.4	302.6	295.3	18.23	1286	0
21.025	85	0	0	0	0	288.7	282.4	288.7	282.4	302.6	295.3	19	1247	0
21.025	85	6	0	0	0	288.4	282.7	288.4	282.7	302.6	295.3	18.94	1271	0
21.025	85	3	0	298.1	308.7	288.9	283.4	288.9	283.4	302.6	295.3	18.14	1275	0
21.025	85	1	0	0	0	288.9	282.7	288.9	282.7	302.6	295.3	18.63	1249	0
21.025	85	5	0	277	295	288.6	283.1	288.6	283.1	302.6	295.3	18.58	1283	0
21.025	85	7	0	0	0	288.5	282.4	288.5	282.4	302.6	295.3	19.09	1257	0
21.275	86	2	0	0	0	292.6	285.2	292.6	285.2	304.4	301.2	19.97	1280	0
21.275	86	4	0	308.6	300.9	293.1	285.4	293.1	285.4	304.4	301.2	19.48	1306	0
21.275	86	0	0	0	0	292	284.6	292	284.6	304.4	301.2	20.73	1267	0
21.275	86	6	0	0	0	292.6	284.9	292.6	284.9	304.4	301.2	20.19	1292	0
21.275	86	3	0	301.9	293.1	292.9	285.4	292.9	285.4	304.4	301.2	19.61	1295	0
21.275	86	1	0	0	0	292.2	284.9	292.2	284.9	304.4	301.2	20.43	1270	0
21.275	86	5	0	305.3	281	292.9	285.2	292.9	285.2	304.4	301.2	19.75	1302	0
21.275	86	7	0	0	0	292.2	284.7	292.2	284.7	304.4	301.2	20.58	1277	0
21.525	87	2	0	0	0	293.1	288.3	293.1	288.3	304.4	301.2	17.11	1297	0
21.525	87	4	0	289.5	295.9	293.4	288.8	293.4	288.8	304.4	301.2	16.51	1322	0
21.525	87	0	0	0	0	293.2	287.9	293.2	287.9	304.4	301.2	17.39	1285	0
21.525	87	6	0	0	0	293.5	288.4	293.5	288.4	304.4	301.2	16.75	1308	0
21.525	87	3	0	290.9	297.8	293.2	288.6	293.2	288.6	304.4	301.2	16.77	1311	0
21.525	87	1	0	0	0	293.1	288	293.1	288	304.4	301.2	17.35	1287	0
21.525	87	5	0	307.3	305.1	293.5	288.7	293.5	288.7	304.4	301.2	16.53	1319	0
21.525	87	7	0	0	0	293.3	288.1	293.3	288.1	304.4	301.2	17.11	1294	0
21.775	88	2	0	0	0	294.5	291.3	294.5	291.3	302	307.2	17.65	1315	0
21.775	88	4	0	292.6	293.2	294.5	291.7	294.5	291.7	302	307.2	17.26	1339	0
21.775	88	0	0	0	0	294.2	290.9	294.2	290.9	302	307.2	18.13	1303	0
21.775	88	6	0	0	0	294.3	291.3	294.3	291.3	302	307.2	17.71	1326	0
21.775	88	3	0	304.5	304.6	294.5	291.5	294.5	291.5	302	307.2	17.38	1329	0
21.775	88	1	0	0	0	294.3	291	294.3	291	302	307.2	17.95	1305	0
21.775	88	5	0	297.3	305.5	294.4	291.5	294.4	291.5	302	307.2	17.42	1336	0
21.775	88	7	0	0	0	294.2	291	294.2	291	302	307.2	17.99	1312	0
22.025	89	2	0	0	0	298.2	298	298.2	298	304.7	310.6	14.23	1329	0
22.025	89	4	0	305.3	329.1	298.8	299.2	298.8	299.2	304.7	310.6	12.86	1352	0
22.025	89	0	0	0	0	297.7	297.1	297.7	297.1	304.7	310.6	15.17	1318	0
22.025	89	6	0	0	0	298.4	298.4	298.4	298.4	304.7	310.6	13.71	1340	0
22.025	89	3	0	308.8	308	298.5	298.7	298.5	298.7	304.7	310.6	13.4	1342	0
22.025	89	1	0	0	0	297.8	297.4	297.8	297.4	304.7	310.6	14.92	1320	0
22.025	89	5	0	320.2	326.4	298.7	299	298.7	299	304.7	310.6	13.07	1349	0
22.025	89	7	0	0	0	298	297.7	298	297.7	304.7	310.6	14.57	1327	0
22.275	90	2	0	0	0	297.7	302.9	297.7	302.9	301.7	316.9	14.57	1343	0
22.275	90	4	0	299.9	315.2	297.4	303.8	297.4	303.8	301.7	316.9	13.8	1366	0
22.275	90	0	0	0	0	297.5	302.3	297.5	302.3	301.7	316.9	15.18	1333	0
22.275	90	6	0	0	0	297.3	303.2	297.3	303.2	301.7	316.9	14.35	1354	0
22.275	90	3	0	300.3	314.8	297.6	303.4	297.6	303.4	301.7	316.9	14.08	1356	0
22.275	90	1	0	0	0	297.6	302.4	297.6	302.4	301.7	316.9	15	1335	0
22.275	90	5	0	283.4	327.8	297.3	303.6	297.3	303.6	301.7	316.9	13.95	1363	0
22.275	90	7	0	0	0	297.4	302.7	297.4	302.7	301.7	316.9	14.85	1342	0
22.525	91	2	0	0	0	299.5	305.7	299.5	305.7	304.8	316.5	12.04	1355	0
22.525	91	4	0	311.2	312.9	299.7	306.1	299.7	306.1	304.8	316.5	11.62	1378	0
22.525	91	0	0	0	0	299.1	305.3	299.1	305.3	304.8	316.5	12.62	1346	0
22.525	91	6	0	0	0	299.3	305.7	299.3	305.7	304.8	316.5	12.15	1366	0
22.525	91	3	0	305.3	316.7	299.6	306	299.6	306	304.8	316.5	11.74	1368	0
22.525	91	1	0	0	0	299.2	305.4	299.2	305.4	304.8	316.5	12.4	1347	0
22.525	91	5	0	299.9	313.9	299.5	306	299.5	306	304.8	316.5	11.81	1375	0
22.525	91	7	0	0	0	299.1	305.4	299.1	305.4	304.8	316.5	12.47	1354	0
22.775	92	2	0	0	0	300.3	311.1	300.3	311.1	310.5	321.4	14.59	1370	0
22.775	92	4	0	310	332.9	300.6	311.6	300.6	311.6	310.5	321.4	14.05	1392	0
22.775	92	0	0	0	0	300.2	310	300.2	310	310.5	321.4	15.42	1361	0
22.775	92	6	0	0	0	300.5	310.6	300.5	310.6	310.5	321.4	14.82	1381	0
22.775	92	3	0	297	334.8	300.4	311.5	300.4	311.5	310.5	321.4	14.2	1382	0
22.775	92	1	0	0	0	300.2	310.5	300.2	310.5	310.5	321.4	15.08	1362	0
22.775	92	5	0	303.7	314.7	300.5	311.2	300.5	311.2	310.5	321.4	14.34	1390	0
22.775	92	7	0	0	0	300.3	310.2	300.3	310.2	310.5	321.4	15.25	1370	0
23.025	93	2	0	0	0	305.9	313.8	305.9	313.8	316.4	319.3	11.85	1382	0
23.025	93	4	0	314.9	327.6	306.4	314.4	306.4	314.4	316.4	319.3	11.15	1403	0
23.025	93	0	0	0	0	304.9	313.4	304.9	313.4	316.4	319.3	12.89	1374	0
23.025	93	6	0	0	0	305.5	314	305.5	314	316.4	319.3	12.11	1393	0
23.025	93	3	0	335.1	317.9	306.3	314.2	306.3	314.2	316.4	319.3	11.35	1394	0
23.025	93	1	0	0	0	305.3	313.5	305.3	313.5	316.4	319.3	12.48	1375	0
23.025	93	5	0	320	326.7	306	314.3	306	314.3	316.4	319.3	11.51	1401	0
23.025	93	7	0	0	0	305.1	313.6	305.1	313.6	316.4	319.3	12.65	1382	0
23.275	94	2	0	0	0	307.6	316.6	307.6	316.6	322.9	324.5	17.28	1399	0
23.275	94	4	0	311.7	332.9	307.7	317.1	307.7	317.1	322.9	324.5	16.9	1420	0
23.275	94	0	0	0	0	307.1	316.2	307.1	316.2	322.9	324.5	17.84	1392	0
23.275	94	6	0	0	0	307.3	316.8	307.3	316.8	322.9	324.5	17.42	1411	0
23.275	94	3	0	318.3	318.9	307.7	316.9	307.7	316.9	322.9	324.5	17.01	1411	0
23.275	94	1	0	0	0	307.3	316.3	307.3	316.3	322.9	324.5	17.62	1392	0
23.275	94	5	0	309.7	325.3	307.6	317	307.6	317	322.9	324.5	17.09	1418	0
23.275	94	7	0	0	0	307.2	316.4	307.2	316.4	322.9	324.5	17.71	1400	0
23.525	95	2	0	0	0	312.9	320.8	312.9	320.8	327.3	330.7	17.53	1417	0
23.525	95	4	0	332.9	336.9	313.7	321.4	313.7	321.4	327.3	330.7	16.53	1436	0
23.525	95	0	0	0	0	312.1	320.2	312.1	320.2	327.3	330.7	18.54	1411	0
23.525	95	6	0	0	0	312.9	320.9	312.9	320.9	327.3	330.7	17.46	1428	0
23.525	95	3	0	329.9	330.8	313.4	321.2	313.4	321.2	327.3	330.7	16.87	1427	0
23.525	95	1	0	0	0	312.4	320.4	312.4	320.4	327.3	330.7	18.19	1411	0
23.525	95	5	0	329.9	336.3	313.4	321.3	313.4	321.3	327.3	330.7	16.83	1435	0
23.525	95	7	0	0	0	312.4	320.5	312.4	320.5	327.3	330.7	18.15	1418	0
23.775	96	2	0	0	0	317.9	323.3	317.9	323.3	326.2	332.7	12.46	1429	0
23.775	96	4	0	327.6	347.5	318.6	323.8	318.6	323.8	326.2	332.7	11.66	1448	0
23.775	96	0	0	0	0	317.2	322.9	317.2	322.9	326.2	332.7	13.32	1424	0
23.775	96	6	0	0	0	317.9	323.4	317.9	323.4	326.2	332.7	12.45	1441	0
23.775	96	3	0	338.5	323.1	318.4	323.6	318.4	323.6	326.2	332.7	11.93	1439	0
23.775	96	1	0	0	0	317.4	323	317.4	323	326.2	332.7	13.02	1424	0
23.775	96	5	0	337.9	323.4	318.4	323.7	318.4	323.7	326.2	332.7	11.92	1447	0
23.775	96	7	0	0	0	317.4	323.1	317.4	323.1	326.2	332.7	13.01	1431	0
24.025	97	2	0	0	0	317.8	326.8	317.8	326.8	327.5	336.4	13.68	1443	0
24.025	97	4	0	322.9	324.9	318	326.9	318	326.9	327.5	336.4	13.45	1461	0
24.025	97	0	0	0	0	317.8	326.1	317.8	326.1	327.5	336.4	14.16	1438	0
24.025	97	6	0	0	0	318	326.3	318	326.3	327.5	336.4	13.9	1454	0
24.025	97	3	0	311.2	352.9	317.9	326.9	317.9	326.9	327.5	336.4	13.49	1453	0
24.025	97	1	0	0	0	317.8	326.4	317.8	326.4	327.5	336.4	13.95	1438	0
24.025	97	5	0	319	333.2	318	326.6	318	326.6	327.5	336.4	13.63	1461	0
24.025	97	7	0	0	0	317.9	326.1	317.9	326.1	327.5	336.4	14.11	1445	0
24.275	98	2	0	0	0	321.8	329.3	321.8	329.3	333.4	338.7	14.89	1458	0
24.275	98	4	0	335.5	338.9	322.1	329.7	322.1	329.7	333.4	338.7	14.38	1476	0
24.275	98	0	0	0	0	321.1	328.8	321.1	328.8	333.4	338.7	15.74	1454	0
24.275	98	6	0	0	0	321.5	329.3	321.5	329.3	333.4	338.7	15.18	1470	0
24.275	98	3	0	340.8	337.6	322.1	329.5	322.1	329.5	333.4	338.7	14.51	1467	0
24.275	98	1	0	0	0	321.4	329	321.4	329	333.4	338.7	15.39	1453	0
24.275	98	5	0	325.3	338.7	321.9	329.5	321.9	329.5	333.4	338.7	14.7	1475	0
24.275	98	7	0	0	0	321.2	329	321.2	329	333.4	338.7	15.59	1461	0
24.525	99	2	0	0	0	324.7	330.3	324.7	330.3	332.9	338.5	11.61	1469	0
24.525	99	4	0	333.6	328.4	324.8	330.4	324.8	330.4	332.9	338.5	11.43	1487	0
24.525	99	0	0	0	0	324	330.1	324	330.1	332.9	338.5	12.25	1466	0
24.525	99	6	0	0	0	324.2	330.2	324.2	330.2	332.9	338.5	12.03	1482	0
24.525	99	3	0	342.5	338.3	324.9	330.4	324.9	330.4	332.9	338.5	11.43	1479	0
24.525	99	1	0	0	0	324.3	330.2	324.3	330.2	332.9	338.5	11.96	1465	0
24.525	99	5	0	324.5	334	324.6	330.3	324.6	330.3	332.9	338.5	11.69	1487	0
24.525	99	7	0	0	0	324	330.1	324	330.1	332.9	338.5	12.24	1473	0
24.775	100	2	0	0	0	325.4	331.6	325.4	331.6	334.4	342.3	13.94	1483	0
24.775	100	4	0	333.9	344.8	325.6	331.9	325.6	331.9	334.4	342.3	13.6	1501	0
24.775	100	0	0	0	0	325.1	331.3	325.1	331.3	334.4	342.3	14.31	1480	0
24.775	100	6	0	0	0	325.3	331.6	325.3	331.6	334.4	342.3	13.95	1496	0
24.775	100	3	0	0	0	325.5	331.8	325.5	331.8	334.4	342.3	13.71	1492	0
24.775	100	1	0	0	0	325.2	331.4	325.2	331.4	334.4	342.3	14.18	1479	0
24.775	100	5	0	0	0	325.5	331.8	325.5	331.8	334.4	342.3	13.72	1501	0
24.775	100	7	0	0	0	325.2	331.4	325.2	331.4	334.4	342.3	14.19	1487	0
25.025	101	2	0	0	0	327.1	332.7	327.1	332.7	337.5	341.4	13.58	1497	0
25.025	101	4	0	343.7	343.2	327.4	333	327.4	333	337.5	341.4	13.15	1514	0
25.025	101	0	0	0	0	326.7	332.5	326.7	332.5	337.5	341.4	14.01	1494	0
25.025	101	6	0	0	0	327.1	332.7	327.1	332.7	337.5	341.4	13.56	1509	0
25.025	101	3	0	0	0	327.3	332.9	327.3	332.9	337.5	341.4	13.3	1506	0
25.025	101	1	0	0	0	326.8	332.6	326.8	332.6	337.5	341.4	13.86	1493	0
25.025	101	5	0	0	0	327.3	332.9	327.3	332.9	337.5	341.4	13.28	1514	0
25.025	101	7	0	0	0	326.9	332.6	326.9	332.6	337.5	341.4	13.85	1501	0
25.275	102	2	0	0	0	326.8	333.9	326.8	333.9	335.6	340.3	10.91	1508	0
25.275	102	4	0	323.6	344.9	326.7	334.1	326.7	334.1	335.6	340.3	10.79	1525	0
25.275	102	0	0	0	0	326.8	333.6	326.8	333.6	335.6	340.3	11.04	1505	0
25.275	102	6	0	0	0	326.8	333.9	326.8	333.9	335.6	340.3	10.9	1520	0
25.275	102	3	0	0	0	326.7	334.1	326.7	334.1	335.6	340.3	10.83	1517	0
25.275	102	1	0	0	0	326.8	333.7	326.8	333.7	335.6	340.3	10.99	1504	0
25.275	102	5	0	0	0	326.7	334.1	326.7	334.1	335.6	340.3	10.83	1525	0
25.275	102	7	0	0	0	326.8	333.7	326.8	333.7	335.6	340.3	10.99	1512	0
25.525	103	2	0	0	0	327.5	333.8	327.5	333.8	337.5	339.1	11.29	1519	0
25.525	103	4	0	334.9	332.6	327.7	333.8	327.7	333.8	337.5	339.1	11.16	1536	0
25.525	103	0	0	0	0	327.4	333.8	327.4	333.8	337.5	339.1	11.41	1517	0
25.525	103	6	0	0	0	327.5	333.8	327.5	333.8	337.5	339.1	11.28	1531	0
25.525	103	3	0	0	0	327.6	333.8	327.6	333.8	337.5	339.1	11.2	1528	0
25.525	103	1	0	0	0	327.4	333.8	327.4	333.8	337.5	339.1	11.37	1515	0
25.525	103	5	0	0	0	327.6	333.8	327.6	333.8	337.5	339.1	11.2	1536	0
25.525	103	7	0	0	0	327.4	333.8	327.4	333.8	337.5	339.1	11.37	1523	0
25.775	104	2	0	0	0	329.1	336.3	329.1	336.3	334.9	339.4	6.566	1526	0
25.775	104	4	0	338.4	335.4	329.5	336.3	329.5	336.3	334.9	339.4	6.213	1542	0
25.775	104	0	0	0	0	329	335.8	329	335.8	334.9	339.4	6.956	1524	0
25.775	104	6	0	0	0	329.4	335.9	329.4	335.9	334.9	339.4	6.578	1538	0
25.775	104	3	0	328.9	355.5	329.3	336.4	329.3	336.4	334.9	339.4	6.331	1534	0
25.775	104	1	0	0	0	329	336	329	336	334.9	339.4	6.814	1522	0
25.775	104	5	0	337.4	340.4	329.5	336.1	329.5	336.1	334.9	339.4	6.336	1542	0
25.775	104	7	0	0	0	329.1	335.8	329.1	335.8	334.9	339.4	6.826	1530	0
26.025	105	2	0	0	0	328.6	337	328.6	337	335	345.5	10.71	1536	0
26.025	105	4	0	322.7	345.1	328.5	337.1	328.5	337.1	335	345.5	10.62	1553	0
26.025	105	0	0	0	0	328.7	336.7	328.7	336.7	335	345.5	10.82	1535	0
26.025	105	6	0	0	0	328.6	336.9	328.6	336.9	335	345.5	10.72	1549	0
26.025	105	3	0	0	0	328.6	337.1	328.6	337.1	335	345.5	10.65	1545	0
26.025	105	1	0	0	0	328.7	336.8	328.7	336.8	335	345.5	10.78	1533	0
26.025	105	5	0	0	0	328.6	337.1	328.6	337.1	335	345.5	10.66	1553	0
26.025	105	7	0	0	0	328.7	336.8	328.7	336.8	335	345.5	10.79	1541	0
26.275	106	2	0	0	0	329.3	337.6	329.3	337.6	339.6	343.2	11.74	1548	0
26.275	106	4	0	335.4	343.7	329.4	337.7	329.4	337.7	339.6	343.2	11.56	1564	0
26.275	106	0	0	0	0	329.1	337.4	329.1	337.4	339.6	343.2	11.9	1546	0
26.275	106	6	0	0	0	329.3	337.6	329.3	337.6	339.6	343.2	11.72	1560	0
26.275	106	3	0	0	0	329.3	337.7	329.3	337.7	339.6	343.2	11.62	1556	0
26.275	106	1	0	0	0	329.2	337.5	329.2	337.5	339.6	343.2	11.85	1545	0
26.275	106	5	0	0	0	329.3	337.7	329.3	337.7	339.6	343.2	11.62	1565	0
26.275	106	7	0	0	0	329.2	337.5	329.2	337.5	339.6	343.2	11.84	1553	0
26.525	107	2	0	0	0	331.1	339.4	331.1	339.4	343.7	348	15.25	1563	0
26.525	107	4	0	349	356.6	331.5	339.8	331.5	339.8	343.7	348	14.73	1579	0
26.525	107	0	0	0	0	330.8	339	330.8	339	343.7	348	15.76	1562	0
26.525	107	6	0	0	0	331.2	339.4	331.2	339.4	343.7	348	15.22	1576	0
26.525	107	3	0	0	0	331.4	339.6	331.4	339.6	343.7	348	14.91	1571	0
26.525	107	1	0	0	0	330.9	339.2	330.9	339.2	343.7	348	15.59	1560	0
26.525	107	5	0	0	0	331.4	339.6	331.4	339.6	343.7	348	14.89	1579	0
26.525	107	7	0	0	0	330.9	339.2	330.9	339.2	343.7	348	15.56	1568	0
26.775	108	2	0	0	0	333.2	340.4	333.2	340.4	350.1	348.9	18.93	1582	0
26.775	108	4	0	352.8	349.9	333.6	340.6	333.6	340.6	350.1	348.9	18.43	1597	0
26.775	108	0	0	0	0	332.8	340.2	332.8	340.2	350.1	348.9	19.41	1582	0
26.775	108	6	0	0	0	333.2	340.4	333.2	340.4	350.1	348.9	18.89	1594	0
26.775	108	3	0	0	0	333.5	340.6	333.5	340.6	350.1	348.9	18.6	1590	0
26.775	108	1	0	0	0	332.9	340.3	332.9	340.3	350.1	348.9	19.25	1580	0
26.775	108	5	0	0	0	333.5	340.6	333.5	340.6	350.1	348.9	18.58	1598	0
26.775	108	7	0	0	0	332.9	340.3	332.9	340.3	350.1	348.9	19.22	1588	0
27.025	109	2	0	0	0	336.1	340.7	336.1	340.7	354.9	346	19.53	1602	0
27.025	109	4	0	363.5	343.6	336.7	340.8	336.7	340.8	354.9	346	18.92	1616	0
27.025	109	0	0	0	0	335.5	340.6	335.5	340.6	354.9	346	20.12	1602	0
27.025	109	6	0	0	0	336.1	340.7	336.1	340.7	354.9	346	19.49	1614	0
27.025	109	3	0	0	0	336.5	340.8	336.5	340.8	354.9	346	19.13	1609	0
27.025	109	1	0	0	0	335.7	340.7	335.7	340.7	354.9	346	19.92	1600	0
27.025	109	5	0	0	0	336.5	340.8	336.5	340.8	354.9	346	19.1	1617	0
27.025	109	7	0	0	0	335.7	340.7	335.7	340.7	354.9	346	19.89	1608	0
27.275	110	2	0	0	0	337.6	341.7	337.6	341.7	354	345.8	16.97	1619	0
27.275	110	4	0	351.6	351.1	337.9	341.9	337.9	341.9	354	345.8	16.59	1633	0
27.275	110	0	0	0	0	337.2	341.5	337.2	341.5	354	345.8	17.35	1619	0
27.275	110	6	0	0	0	337.6	341.7	337.6	341.7	354	345.8	16.95	1631	0
27.275	110	3	0	0	0	337.8	341.8	337.8	341.8	354	345.8	16.72	1626	0
27.275	110	1	0	0	0	337.4	341.6	337.4	341.6	354	345.8	17.22	1617	0
27.275	110	5	0	0	0	337.8	341.8	337.8	341.8	354	345.8	16.71	1634	0
27.275	110	7	0	0	0	337.4	341.6	337.4	341.6	354	345.8	17.2	1625	0
27.525	111	2	0	0	0	337.8	343.4	337.8	343.4	360.1	350.5	23.45	1642	0
27.525	111	4	0	339.3	359.4	337.8	343.7	337.8	343.7	360.1	350.5	23.29	1656	0
27.525	111	0	0	0	0	337.7	343	337.7	343	360.1	350.5	23.62	1643	0
27.525	111	6	0	0	0	337.8	343.4	337.8	343.4	360.1	350.5	23.44	1654	0
27.525	111	3	0	0	0	337.8	343.6	337.8	343.6	360.1	350.5	23.34	1649	0
27.525	111	1	0	0	0	337.7	343.2	337.7	343.2	360.1	350.5	23.56	1640	0
27.525	111	5	0	0	0	337.8	343.6	337.8	343.6	360.1	350.5	23.34	1657	0
27.525	111	7	0	0	0	337.7	343.2	337.7	343.2	360.1	350.5	23.55	1648	0
27.775	112	2	0	0	0	338.8	344.6	338.8	344.6	362.6	348.2	24.1	1666	0
27.775	112	4	0	348.6	356.1	339	344.9	339	344.9	362.6	348.2	23.85	1680	0
27.775	112	0	0	0	0	338.6	344.3	338.6	344.3	362.6	348.2	24.34	1667	0
27.775	112	6	0	0	0	338.8	344.6	338.8	344.6	362.6	348.2	24.08	1678	0
27.775	112	3	0	0	0	338.9	344.8	338.9	344.8	362.6	348.2	23.94	1673	0
27.775	112	1	0	0	0	338.7	344.4	338.7	344.4	362.6	348.2	24.26	1665	0
27.775	112	5	0	0	0	338.9	344.8	338.9	344.8	362.6	348.2	23.93	1681	0
27.775	112	7	0	0	0	338.7	344.4	338.7	344.4	362.6	348.2	24.25	1673	0
28.025	113	2	0	0	0	340.4	345.6	340.4	345.6	368.1	353.8	28.83	1695	0
28.025	113	4	0	356	355.4	340.8	345.9	340.8	345.9	368.1	353.8	28.44	1708	0
28.025	113	0	0	0	0	340.1	345.4	340.1	345.4	368.1	353.8	29.21	1696	0
28.025	113	6	0	0	0	340.5	345.6	340.5	345.6	368.1	353.8	28.8	1707	0
28.025	113	3	0	0	0	340.7	345.8	340.7	345.8	368.1	353.8	28.58	1702	0
28.025	113	1	0	0	0	340.2	345.5	340.2	345.5	368.1	353.8	29.08	1694	0
28.025	113	5	0	0	0	340.7	345.8	340.7	345.8	368.1	353.8	28.56	1710	0
28.025	113	7	0	0	0	340.2	345.5	340.2	345.5	368.1	353.8	29.06	1702	0
28.275	114	2	0	0	0	343	344.4	343	344.4	374.3	357	33.77	1729	0
28.275	114	4	0	367.1	332.5	343.5	344.2	343.5	344.2	374.3	357	33.36	1742	0
28.275	114	0	0	0	0	342.5	344.6	342.5	344.6	374.3	357	34.16	1730	0
28.275	114	6	0	0	0	343	344.4	343	344.4	374.3	357	33.74	1741	0
28.275	114	3	0	0	0	343.3	344.2	343.3	344.2	374.3	357	33.5	1735	0
28.275	114	1	0	0	0	342.6	344.5	342.6	344.5	374.3	357	34.03	1728	0
28.275	114	5	0	0	0	343.3	344.2	343.3	344.2	374.3	357	33.48	1743	0
28.275	114	7	0	0	0	342.7	344.5	342.7	344.5	374.3	357	34.01	1736	0
28.525	115	2	0	0	0	347.3	346.9	347.3	346.9	379.6	358.6	34.37	1763	0
28.525	115	4	0	387.9	371.2	348.1	347.4	348.1	347.4	379.6	358.6	33.37	1775	0
28.525	115	0	0	0	0	346.4	346.5	346.4	346.5	379.6	358.6	35.34	1766	0
28.525	115	6	0	0	0	347.3	347	347.3	347	379.6	358.6	34.3	1775	0
28.525	115	3	0	0	0	347.8	347.2	347.8	347.2	379.6	358.6	33.72	1769	0
28.525	115	1	0	0	0	346.7	346.6	346.7	346.6	379.6	358.6	35.02	1763	0
28.525	115	5	0	0	0	347.9	347.3	347.9	347.3	379.6	358.6	33.68	1777	0
28.525	115	7	0	0	0	346.7	346.6	346.7	346.6	379.6	358.6	34.97	1771	0
28.775	116	2	0	0	0	349.4	348.4	349.4	348.4	380.5	362.3	34.11	1797	0
28.775	116	4	0	369.1	362.7	349.8	348.8	349.8	348.8	380.5	362.3	33.51	1809	0
28.775	116	0	0	0	0	348.9	348.1	348.9	348.1	380.5	362.3	34.68	1800	0
28.775	116	6	0	0	0	349.4	348.5	349.4	348.5	380.5	362.3	34.06	1809	0
28.775	116	3	0	0	0	349.7	348.7	349.7	348.7	380.5	362.3	33.72	1803	0
28.775	116	1	0	0	0	349	348.2	349	348.2	380.5	362.3	34.48	1797	0
28.775	116	5	0	0	0	349.7	348.7	349.7	348.7	380.5	362.3	33.69	1811	0
28.775	116	7	0	0	0	349.1	348.2	349.1	348.2	380.5	362.3	34.45	1805	0
29.025	117	2	0	0	0	351.6	350.3	351.6	350.3	383.5	365.4	35.32	1833	0
29.025	117	4	0	372.6	367.7	352.1	350.7	352.1	350.7	383.5	365.4	34.71	1843	0
29.025	117	0	0	0	0	351.1	349.9	351.1	349.9	383.5	365.4	35.9	1836	0
29.025	117	6	0	0	0	351.6	350.3	351.6	350.3	383.5	365.4	35.27	1845	0
29.025	117	3	0	0	0	351.9	350.5	351.9	350.5	383.5	365.4	34.92	1838	0
29.025	117	1	0	0	0	351.3	350	351.3	350	383.5	365.4	35.7	1833	0
29.025	117	5	0	0	0	351.9	350.6	351.9	350.6	383.5	365.4	34.9	1845	0
29.025	117	7	0	0	0	351.3	350	351.3	350	383.5	365.4	35.67	1841	0
29.275	118	2	0	0	0	353.4	351.6	353.4	351.6	384.8	363.9	33.76	1866	0
29.275	118	4	0	370.5	363.8	353.8	351.9	353.8	351.9	384.8	363.9	33.28	1877	0
29.275	118	0	0	0	0	353	351.3	353	351.3	384.8	363.9	34.22	1871	0
29.275	118	6	0	0	0	353.4	351.6	353.4	351.6	384.8	363.9	33.73	1878	0
29.275	118	3	0	0	0	353.6	351.8	353.6	351.8	384.8	363.9	33.45	1871	0
29.275	118	1	0	0	0	353.1	351.4	353.1	351.4	384.8	363.9	34.07	1867	0
29.275	118	5	0	0	0	353.7	351.8	353.7	351.8	384.8	363.9	33.43	1879	0
29.275	118	7	0	0	0	353.1	351.4	353.1	351.4	384.8	363.9	34.04	1875	0
29.525	119	2	0	0	0	356.6	352.1	356.6	352.1	388.8	365.4	34.81	1901	0
29.525	119	4	0	387.4	356.9	357.3	352.2	357.3	352.2	388.8	365.4	34.13	1911	0
29.525	119	0	0	0	0	356	352	356	352	388.8	365.4	35.46	1906	0
29.525	119	6	0	0	0	356.7	352.1	356.7	352.1	388.8	365.4	34.76	1913	0
29.525	119	3	0	0	0	357.1	352.2	357.1	352.2	388.8	365.4	34.37	1905	0
29.525	119	1	0	0	0	356.2	352	356.2	352	388.8	365.4	35.24	1902	0
29.525	119	5	0	0	0	357.1	352.2	357.1	352.2	388.8	365.4	34.34	1913	0
29.525	119	7	0	0	0	356.2	352	356.2	352	388.8	365.4	35.21	1910	0
29.775	120	2	0	0	0	359.5	353.7	359.5	353.7	390.6	366.7	33.69	1935	0
29.775	120	4	0	387	369.1	360.2	354	360.2	354	390.6	366.7	32.98	1944	0
29.775	120	0	0	0	0	358.9	353.4	358.9	353.4	390.6	366.7	34.38	1940	0
29.775	120	6	0	0	0	359.6	353.7	359.6	353.7	390.6	366.7	33.64	1947	0
29.775	120	3	0	0	0	359.9	353.9	359.9	353.9	390.6	366.7	33.23	1939	0
29.775	120	1	0	0	0	359.1	353.5	359.1	353.5	390.6	366.7	34.15	1936	0
29.775	120	5	0	0	0	360	353.9	360	353.9	390.6	366.7	33.2	1946	0
29.775	120	7	0	0	0	359.2	353.5	359.2	353.5	390.6	366.7	34.12	1944	0
30.025	121	2	0	0	0	360.6	353.8	360.6	353.8	388.9	370.1	32.61	1967	0
30.025	121	4	0	371.1	354.6	360.9	353.9	360.9	353.9	388.9	370.1	32.34	1976	0
30.025	121	0	0	0	0	360.4	353.8	360.4	353.8	388.9	370.1	32.86	1973	0
30.025	121	6	0	0	0	360.7	353.8	360.7	353.8	388.9	370.1	32.59	1979	0
30.025	121	3	0	0	0	360.8	353.8	360.8	353.8	388.9	370.1	32.44	1971	0
30.025	121	1	0	0	0	360.5	353.8	360.5	353.8	388.9	370.1	32.78	1969	0
30.025	121	5	0	0	0	360.8	353.8	360.8	353.8	388.9	370.1	32.42	1979	0
30.025	121	7	0	0	0	360.5	353.8	360.5	353.8	388.9	370.1	32.76	1977	0
30.275	122	2	0	0	0	361.9	355.5	361.9	355.5	392.3	367.5	32.79	2000	0
30.275	122	4	0	373.4	371.2	362.1	355.8	362.1	355.8	392.3	367.5	32.42	2009	0
30.275	122	0	0	0	0	361.6	355.1	361.6	355.1	392.3	367.5	33.14	2006	0
30.275	122	6	0	0	0	361.9	355.5	361.9	355.5	392.3	367.5	32.76	2012	0
30.275	122	3	0	0	0	362	355.7	362	355.7	392.3	367.5	32.55	2004	0
30.275	122	1	0	0	0	361.7	355.2	361.7	355.2	392.3	367.5	33.02	2002	0
30.275	122	5	0	0	0	362.1	355.7	362.1	355.7	392.3	367.5	32.53	2011	0
30.275	122	7	0	0	0	361.7	355.3	361.7	355.3	392.3	367.5	33.01	2010	0
30.525	123	2	0	0	0	365	356	365	356	391.4	367	28.6	2029	0
30.525	123	4	0	394.6	361	365.6	356.1	365.6	356.1	391.4	367	27.95	2037	0
30.525	123	0	0	0	0	364.4	355.9	364.4	355.9	391.4	367	29.22	2036	0
30.525	123	6	0	0	0	365	356	365	356	391.4	367	28.55	2041	0
30.525	123	3	0	0	0	365.4	356.1	365.4	356.1	391.4	367	28.18	2032	0
30.525	123	1	0	0	0	364.6	355.9	364.6	355.9	391.4	367	29.01	2031	0
30.525	123	5	0	0	0	365.4	356.1	365.4	356.1	391.4	367	28.15	2039	0
30.525	123	7	0	0	0	364.6	355.9	364.6	355.9	391.4	367	28.98	2039	0
30.775	124	2	0	0	0	366.8	358	366.8	358	395.8	372.4	32.45	2061	0
30.775	124	4	0	383.7	377.1	367.2	358.4	367.2	358.4	395.8	372.4	31.9	2068	0
30.775	124	0	0	0	0	366.4	357.6	366.4	357.6	395.8	372.4	32.98	2069	0
30.775	124	6	0	0	0	366.8	358	366.8	358	395.8	372.4	32.41	2073	0
30.775	124	3	0	0	0	367	358.3	367	358.3	395.8	372.4	32.09	2064	0
30.775	124	1	0	0	0	366.5	357.7	366.5	357.7	395.8	372.4	32.8	2064	0
30.775	124	5	0	0	0	367.1	358.3	367.1	358.3	395.8	372.4	32.06	2072	0
30.775	124	7	0	0	0	366.5	357.8	366.5	357.8	395.8	372.4	32.77	2072	0
31.025	125	2	0	0	0	368.7	360.9	368.7	360.9	393.9	374.2	28.53	2090	0
31.025	125	4	0	386.7	388.2	369.1	361.5	369.1	361.5	393.9	374.2	27.89	2096	0
31.025	125	0	0	0	0	368.3	360.3	368.3	360.3	393.9	374.2	29.16	2098	0
31.025	125	6	0	0	0	368.7	360.9	368.7	360.9	393.9	374.2	28.49	2102	0
31.025	125	3	0	0	0	369	361.3	369	361.3	393.9	374.2	28.11	2092	0
31.025	125	1	0	0	0	368.4	360.5	368.4	360.5	393.9	374.2	28.95	2093	0
31.025	125	5	0	0	0	369	361.3	369	361.3	393.9	374.2	28.08	2100	0
31.025	125	7	0	0	0	368.4	360.5	368.4	360.5	393.9	374.2	28.92	2101	0
31.275	126	2	0	0	0	371.1	363.2	371.1	363.2	391	377.6	24.61	2114	0
31.275	126	4	0	393.5	385	371.6	363.7	371.6	363.7	391	377.6	23.91	2120	0
31.275	126	0	0	0	0	370.6	362.7	370.6	362.7	391	377.6	25.3	2123	0
31.275	126	6	0	0	0	371.1	363.2	371.1	363.2	391	377.6	24.56	2126	0
31.275	126	3	0	0	0	371.4	363.5	371.4	363.5	391	377.6	24.15	2116	0
31.275	126	1	0	0	0	370.7	362.9	370.7	362.9	391	377.6	25.07	2118	0
31.275	126	5	0	0	0	371.4	363.5	371.4	363.5	391	377.6	24.12	2124	0
31.275	126	7	0	0	0	370.8	362.9	370.8	362.9	391	377.6	25.03	2126	0
31.525	127	2	0	0	0	373.1	364.9	373.1	364.9	391.3	379.5	23.39	2138	0
31.525	127	4	0	392.1	380.9	373.5	365.3	373.5	365.3	391.3	379.5	22.81	2143	0
31.525	127	0	0	0	0	372.6	364.5	372.6	364.5	391.3	379.5	23.96	2147	0
31.525	127	6	0	0	0	373.1	364.9	373.1	364.9	391.3	379.5	23.35	2149	0
31.525	127	3	0	0	0	373.4	365.1	373.4	365.1	391.3	379.5	23.02	2139	0
31.525	127	1	0	0	0	372.8	364.6	372.8	364.6	391.3	379.5	23.77	2142	0
31.525	127	5	0	0	0	373.4	365.1	373.4	365.1	391.3	379.5	22.99	2147	0
31.525	127	7	0	0	0	372.8	364.7	372.8	364.7	391.3	379.5	23.74	2149	0
31.775	128	2	0	0	0	376.6	364	376.6	364	398	382.3	28.15	2166	0
31.775	128	4	0	410.1	355.4	377.3	363.9	377.3	363.9	398	382.3	27.69	2171	0
31.775	128	0	0	0	0	375.9	364.1	375.9	364.1	398	382.3	28.61	2176	0
31.775	128	6	0	0	0	376.6	364	376.6	364	398	382.3	28.12	2178	0
31.775	128	3	0	0	0	377.1	363.9	377.1	363.9	398	382.3	27.85	2167	0
31.775	128	1	0	0	0	376.1	364.1	376.1	364.1	398	382.3	28.46	2170	0
31.775	128	5	0	0	0	377.1	363.9	377.1	363.9	398	382.3	27.83	2175	0
31.775	128	7	0	0	0	376.2	364.1	376.2	364.1	398	382.3	28.43	2178	0
32.025	129	2	0	0	0	379.7	365.2	379.7	365.2	400	383.5	27.37	2193	0
32.025	129	4	0	408.6	376.3	380.3	365.4	380.3	365.4	400	383.5	26.73	2197	0
32.025	129	0	0	0	0	379	365	379	365	400	383.5	27.99	2204	0
32.025	129	6	0	0	0	379.7	365.2	379.7	365.2	400	383.5	27.32	2205	0
32.025	129	3	0	0	0	380.1	365.3	380.1	365.3	400	383.5	26.95	2194	0
32.025	129	1	0	0	0	379.2	365	379.2	365	400	383.5	27.78	2198	0
32.025	129	5	0	0	0	380.1	365.3	380.1	365.3	400	383.5	26.92	2201	0
32.025	129	7	0	0	0	379.3	365	379.3	365	400	383.5	27.75	2206	0
32.275	130	2	0	0	0	382.9	368	382.9	368	397.1	386.2	23.16	2217	0
32.275	130	4	0	413.8	394.8	383.6	368.6	383.6	368.6	397.1	386.2	22.27	2220	0
32.275	130	0	0	0	0	382.2	367.4	382.2	367.4	397.1	386.2	24.01	2228	0
32.275	130	6	0	0	0	383	368	383	368	397.1	386.2	23.09	2228	0
32.275	130	3	0	0	0	383.4	368.3	383.4	368.3	397.1	386.2	22.58	2217	0
32.275	130	1	0	0	0	382.5	367.6	382.5	367.6	397.1	386.2	23.73	2222	0
32.275	130	5	0	0	0	383.4	368.4	383.4	368.4	397.1	386.2	22.54	2224	0
32.275	130	7	0	0	0	382.5	367.6	382.5	367.6	397.1	386.2	23.68	2229	0
32.525	131	2	0	0	0	384.4	370.5	384.4	370.5	391.3	393	23.6	2240	0
32.525	131	4	0	398.5	394	384.8	371	384.8	371	391.3	393	22.98	2243	0
32.525	131	0	0	0	0	384.1	369.9	384.1	369.9	391.3	393	24.21	2252	0
32.525	131	6	0	0	0	384.4	370.5	384.4	370.5	391.3	393	23.56	2252	0
32.525	131	3	0	0	0	384.6	370.8	384.6	370.8	391.3	393	23.2	2240	0
32.525	131	1	0	0	0	384.2	370.1	384.2	370.1	391.3	393	24	2246	0
32.525	131	5	0	0	0	384.7	370.8	384.7	370.8	391.3	393	23.17	2247	0
32.525	131	7	0	0	0	384.2	370.1	384.2	370.1	391.3	393	23.97	2253	0
32.775	132	2	0	0	0	384.2	373.7	384.2	373.7	384.9	397.8	24.08	2264	0
32.775	132	4	0	382.3	404.7	384.2	374.4	384.2	374.4	384.9	397.8	23.39	2266	0
32.775	132	0	0	0	0	384.2	373.1	384.2	373.1	384.9	397.8	24.75	2277	0
32.775	132	6	0	0	0	384.2	373.8	384.2	373.8	384.9	397.8	24.03	2276	0
32.775	132	3	0	0	0	384.2	374.2	384.2	374.2	384.9	397.8	23.63	2263	0
32.775	132	1	0	0	0	384.2	373.3	384.2	373.3	384.9	397.8	24.52	2270	0
32.775	132	5	0	0	0	384.2	374.2	384.2	374.2	384.9	397.8	23.6	2271	0
32.775	132	7	0	0	0	384.2	373.3	384.2	373.3	384.9	397.8	24.49	2278	0
33.025	133	2	0	0	0	385	378.3	385	378.3	385.2	400	21.69	2286	0
33.025	133	4	0	392.5	421.8	385.2	379.3	385.2	379.3	385.2	400	20.72	2287	0
33.025	133	0	0	0	0	384.9	377.4	384.9	377.4	385.2	400	22.63	2299	0
33.025	133	6	0	0	0	385	378.4	385	378.4	385.2	400	21.62	2297	0
33.025	133	3	0	0	0	385.1	378.9	385.1	378.9	385.2	400	21.06	2284	0
33.025	133	1	0	0	0	384.9	377.7	384.9	377.7	385.2	400	22.31	2293	0
33.025	133	5	0	0	0	385.1	379	385.1	379	385.2	400	21.02	2292	0
33.025	133	7	0	0	0	384.9	377.7	384.9	377.7	385.2	400	22.26	2300	0
33.275	134	2	0	0	0	386.8	381.9	386.8	381.9	387.3	400	18.15	2304	0
33.275	134	4	0	404.3	415.3	387.2	382.6	387.2	382.6	387.3	400	17.36	2304	0
33.275	134	0	0	0	0	386.5	381.1	386.5	381.1	387.3	400	18.92	2318	0
33.275	134	6	0	0	0	386.9	381.9	386.9	381.9	387.3	400	18.1	2315	0
33.275	134	3	0	0	0	387.1	382.4	387.1	382.4	387.3	400	17.64	2302	0
33.275	134	1	0	0	0	386.6	381.3	386.6	381.3	387.3	400	18.66	2311	0
33.275	134	5	0	0	0	387.1	382.4	387.1	382.4	387.3	400	17.6	2309	0
33.275	134	7	0	0	0	386.6	381.4	386.6	381.4	387.3	400	18.62	2319	0
33.525	135	2	0	0	0	386.3	384	386.3	384	380.4	399.9	16.96	2321	0
33.525	135	4	0	381	404.6	386.2	384.5	386.2	384.5	380.4	399.9	16.46	2321	0
33.525	135	0	0	0	0	386.4	383.6	386.4	383.6	380.4	399.9	17.44	2336	0
33.525	135	6	0	0	0	386.3	384.1	386.3	384.1	380.4	399.9	16.92	2332	0
33.525	135	3	0	0	0	386.3	384.4	386.3	384.4	380.4	399.9	16.64	2319	0
33.525	135	1	0	0	0	386.4	383.7	386.4	383.7	380.4	399.9	17.28	2328	0
33.525	135	5	0	0	0	386.3	384.4	386.3	384.4	380.4	399.9	16.61	2326	0
33.525	135	7	0	0	0	386.4	383.7	386.4	383.7	380.4	399.9	17.25	2336	0
33.775	136	2	0	0	0	385.6	385.1	385.6	385.1	379.3	398.2	14.57	2336	0
33.775	136	4	0	378.9	395.4	385.5	385.4	385.5	385.4	379.3	398.2	14.27	2335	0
33.775	136	0	0	0	0	385.7	384.9	385.7	384.9	379.3	398.2	14.86	2350	0
33.775	136	6	0	0	0	385.6	385.1	385.6	385.1	379.3	398.2	14.55	2347	0
33.775	136	3	0	0	0	385.5	385.3	385.5	385.3	379.3	398.2	14.38	2333	0
33.775	136	1	0	0	0	385.7	385	385.7	385	379.3	398.2	14.76	2343	0
33.775	136	5	0	0	0	385.5	385.3	385.5	385.3	379.3	398.2	14.36	2340	0
33.775	136	7	0	0	0	385.7	385	385.7	385	379.3	398.2	14.74	2351	0
34.025	137	2	0	0	0	383.8	387.1	383.8	387.1	379.6	397.5	11.3	2347	0
34.025	137	4	0	366.5	405.6	383.4	387.5	383.4	387.5	379.6	397.5	10.78	2346	0
34.025	137	0	0	0	0	384.2	386.7	384.2	386.7	379.6	397.5	11.8	2362	0
34.025	137	6	0	0	0	383.8	387.1	383.8	387.1	379.6	397.5	11.26	2358	0
34.025	137	3	0	0	0	383.6	387.3	383.6	387.3	379.6	397.5	10.96	2344	0
34.025	137	1	0	0	0	384	386.8	384	386.8	379.6	397.5	11.63	2355	0
34.025	137	5	0	0	0	383.5	387.4	383.5	387.4	379.6	397.5	10.94	2351	0
34.025	137	7	0	0	0	384	386.8	384	386.8	379.6	397.5	11.6	2362	0
34.275	138	2	0	0	0	381.1	388.1	381.1	388.1	375.5	399.7	12.94	2360	0
34.275	138	4	0	355.5	397.6	380.5	388.3	380.5	388.3	375.5	399.7	12.49	2358	0
34.275	138	0	0	0	0	381.6	387.9	381.6	387.9	375.5	399.7	13.39	2376	0
34.275	138	6	0	0	0	381.1	388.1	381.1	388.1	375.5	399.7	12.91	2371	0
34.275	138	3	0	0	0	380.7	388.2	380.7	388.2	375.5	399.7	12.65	2357	0
34.275	138	1	0	0	0	381.5	387.9	381.5	387.9	375.5	399.7	13.24	2368	0
34.275	138	5	0	0	0	380.7	388.3	380.7	388.3	375.5	399.7	12.63	2364	0
34.275	138	7	0	0	0	381.4	387.9	381.4	387.9	375.5	399.7	13.22	2375	0
34.525	139	2	0	0	0	381.3	389.5	381.3	389.5	373.7	399.4	12.52	2372	0
34.525	139	4	0	383.4	402.6	381.3	389.8	381.3	389.8	373.7	399.4	12.28	2370	0
34.525	139	0	0	0	0	381.3	389.2	381.3	389.2	373.7	399.4	12.75	2388	0
34.525	139	6	0	0	0	381.3	389.5	381.3	389.5	373.7	399.4	12.5	2383	0
34.525	139	3	0	0	0	381.3	389.7	381.3	389.7	373.7	399.4	12.36	2369	0
34.525	139	1	0	0	0	381.3	389.3	381.3	389.3	373.7	399.4	12.67	2381	0
34.525	139	5	0	0	0	381.3	389.7	381.3	389.7	373.7	399.4	12.35	2376	0
34.525	139	7	0	0	0	381.3	389.3	381.3	389.3	373.7	399.4	12.66	2388	0
34.775	140	2	0	0	0	380.1	390.1	380.1	390.1	374.9	400	11.18	2384	0
34.775	140	4	0	369	396.5	379.9	390.3	379.9	390.3	374.9	400	10.93	2381	0
34.775	140	0	0	0	0	380.3	390	380.3	390	374.9	400	11.42	2400	0
34.775	140	6	0	0	0	380.1	390.2	380.1	390.2	374.9	400	11.16	2395	0
34.775	140	3	0	0	0	380	390.2	380	390.2	374.9	400	11.02	2380	0
34.775	140	1	0	0	0	380.3	390	380.3	390	374.9	400	11.34	2392	0
34.775	140	5	0	0	0	380	390.3	380	390.3	374.9	400	11.01	2387	0
34.775	140	7	0	0	0	380.3	390	380.3	390	374.9	400	11.33	2399	0
35.025	141	2	0	0	0	380.7	390.5	380.7	390.5	373.8	397.2	9.674	2393	0
35.025	141	4	0	386.4	393.4	380.8	390.5	380.8	390.5	373.8	397.2	9.689	2391	0
35.025	141	0	0	0	0	380.6	390.4	380.6	390.4	373.8	397.2	9.661	2409	0
35.025	141	6	0	0	0	380.7	390.5	380.7	390.5	373.8	397.2	9.675	2404	0
35.025	141	3	0	0	0	380.8	390.5	380.8	390.5	373.8	397.2	9.683	2390	0
35.025	141	1	0	0	0	380.6	390.4	380.6	390.4	373.8	397.2	9.665	2402	0
35.025	141	5	0	0	0	380.8	390.5	380.8	390.5	373.8	397.2	9.684	2397	0
35.025	141	7	0	0	0	380.7	390.4	380.7	390.4	373.8	397.2	9.666	2409	0
35.275	142	2	0	0	0	380.6	390.9	380.6	390.9	370.6	396.1	11.24	2404	0
35.275	142	4	0	379.4	395.5	380.6	391	380.6	391	370.6	396.1	11.18	2402	0
35.275	142	0	0	0	0	380.6	390.8	380.6	390.8	370.6	396.1	11.29	2421	0
35.275	142	6	0	0	0	380.6	390.9	380.6	390.9	370.6	396.1	11.23	2416	0
35.275	142	3	0	0	0	380.6	391	380.6	391	370.6	396.1	11.2	2401	0
35.275	142	1	0	0	0	380.6	390.9	380.6	390.9	370.6	396.1	11.27	2413	0
35.275	142	5	0	0	0	380.6	391	380.6	391	370.6	396.1	11.19	2408	0
35.275	142	7	0	0	0	380.6	390.9	380.6	390.9	370.6	396.1	11.27	2420	0
35.525	143	2	0	0	0	379.3	391.1	379.3	391.1	364.4	393.5	15.11	2420	0
35.525	143	4	0	366.9	392.2	379	391.1	379	391.1	364.4	393.5	14.85	2417	0
35.525	143	0	0	0	0	379.5	391	379.5	391	364.4	393.5	15.36	2436	0
35.525	143	6	0	0	0	379.3	391.1	379.3	391.1	364.4	393.5	15.09	2431	0
35.525	143	3	0	0	0	379.1	391.1	379.1	391.1	364.4	393.5	14.94	2416	0
35.525	143	1	0	0	0	379.5	391	379.5	391	364.4	393.5	15.28	2428	0
35.525	143	5	0	0	0	379.1	391.1	379.1	391.1	364.4	393.5	14.93	2423	0
35.525	143	7	0	0	0	379.4	391	379.4	391	364.4	393.5	15.27	2436	0
35.775	144	2	0	0	0	377.7	390.7	377.7	390.7	362.2	393.7	15.78	2435	0
35.775	144	4	0	362.8	386.6	377.4	390.6	377.4	390.6	362.2	393.7	15.47	2433	0
35.775	144	0	0	0	0	378	390.7	378	390.7	362.2	393.7	16.08	2452	0
35.775	144	6	0	0	0	377.7	390.6	377.7	390.6	362.2	393.7	15.76	2446	0
35.775	144	3	0	0	0	377.5	390.6	377.5	390.6	362.2	393.7	15.58	2431	0
35.775	144	1	0	0	0	377.9	390.7	377.9	390.7	362.2	393.7	15.98	2444	0
35.775	144	5	0	0	0	377.5	390.6	377.5	390.6	362.2	393.7	15.57	2439	0
35.775	144	7	0	0	0	377.9	390.7	377.9	390.7	362.2	393.7	15.97	2452	0
36.025	145	2	0	0	0	376.7	389.6	376.7	389.6	359.9	390.1	16.8	2452	0
36.025	145	4	0	367.3	379.5	376.5	389.4	376.5	389.4	359.9	390.1	16.58	2449	0
36.025	145	0	0	0	0	376.9	389.8	376.9	389.8	359.9	390.1	17.02	2469	0
36.025	145	6	0	0	0	376.7	389.6	376.7	389.6	359.9	390.1	16.79	2463	0
36.025	145	3	0	0	0	376.6	389.5	376.6	389.5	359.9	390.1	16.66	2448	0
36.025	145	1	0	0	0	376.9	389.7	376.9	389.7	359.9	390.1	16.94	2461	0
36.025	145	5	0	0	0	376.6	389.4	376.6	389.4	359.9	390.1	16.65	2455	0
36.025	145	7	0	0	0	376.9	389.7	376.9	389.7	359.9	390.1	16.93	2468	0
36.275	146	2	0	0	0	372.6	389.9	372.6	389.9	354.7	389.1	17.9	2470	0
36.275	146	4	0	333.6	392.4	371.8	389.9	371.8	389.9	354.7	389.1	17.07	2466	0
36.275	146	0	0	0	0	373.4	389.8	373.4	389.8	354.7	389.1	18.7	2488	0
36.275	146	6	0	0	0	372.6	389.9	372.6	389.9	354.7	389.1	17.84	2481	0
36.275	146	3	0	0	0	372.1	389.9	372.1	389.9	354.7	389.1	17.36	2465	0
36.275	146	1	0	0	0	373.2	389.8	373.2	389.8	354.7	389.1	18.43	2480	0
36.275	146	5	0	0	0	372	389.9	372	389.9	354.7	389.1	17.32	2473	0
36.275	146	7	0	0	0	373.1	389.8	373.1	389.8	354.7	389.1	18.39	2487	0
36.525	147	2	0	0	0	368.8	391.3	368.8	391.3	348.4	389.9	20.38	2490	0
36.525	147	4	0	332.3	405.3	367.9	391.6	367.9	391.6	348.4	389.9	19.57	2486	0
36.525	147	0	0	0	0	369.6	391	369.6	391	348.4	389.9	21.17	2509	0
36.525	147	6	0	0	0	368.7	391.3	368.7	391.3	348.4	389.9	20.32	2501	0
36.525	147	3	0	0	0	368.2	391.5	368.2	391.5	348.4	389.9	19.85	2485	0
36.525	147	1	0	0	0	369.3	391.1	369.3	391.1	348.4	389.9	20.9	2501	0
36.525	147	5	0	0	0	368.2	391.5	368.2	391.5	348.4	389.9	19.82	2492	0
36.525	147	7	0	0	0	369.3	391.1	369.3	391.1	348.4	389.9	20.86	2508	0
36.775	148	2	0	0	0	366.4	390.5	366.4	390.5	346.5	383.1	21.21	2512	0
36.775	148	4	0	344.1	382.9	365.9	390.4	365.9	390.4	346.5	383.1	20.66	2506	0
36.775	148	0	0	0	0	366.9	390.7	366.9	390.7	346.5	383.1	21.75	2531	0
36.775	148	6	0	0	0	366.4	390.5	366.4	390.5	346.5	383.1	21.17	2522	0
36.775	148	3	0	0	0	366	390.4	366	390.4	346.5	383.1	20.85	2506	0
36.775	148	1	0	0	0	366.7	390.6	366.7	390.6	346.5	383.1	21.57	2522	0
36.775	148	5	0	0	0	366	390.4	366	390.4	346.5	383.1	20.83	2513	0
36.775	148	7	0	0	0	366.7	390.6	366.7	390.6	346.5	383.1	21.54	2529	0
37.025	149	2	0	0	0	364.4	391.7	364.4	391.7	342.8	384.9	22.59	2534	0
37.025	149	4	0	345.4	403.3	363.9	392	363.9	392	342.8	384.9	22.24	2529	0
37.025	149	0	0	0	0	364.8	391.5	364.8	391.5	342.8	384.9	22.94	2554	0
37.025	149	6	0	0	0	364.4	391.7	364.4	391.7	342.8	384.9	22.56	2545	0
37.025	149	3	0	0	0	364.1	391.9	364.1	391.9	342.8	384.9	22.36	2529	0
37.025	149	1	0	0	0	364.7	391.6	364.7	391.6	342.8	384.9	22.82	2545	0
37.025	149	5	0	0	0	364.1	391.9	364.1	391.9	342.8	384.9	22.34	2536	0
37.025	149	7	0	0	0	364.7	391.6	364.7	391.6	342.8	384.9	22.8	2552	0
37.275	150	2	0	0	0	362.8	391.5	362.8	391.5	338	379	27.81	2562	0
37.275	150	4	0	348.2	389.2	362.5	391.5	362.5	391.5	338	379	27.49	2556	0
37.275	150	0	0	0	0	363.2	391.5	363.2	391.5	338	379	28.12	2582	0
37.275	150	6	0	0	0	362.8	391.5	362.8	391.5	338	379	27.79	2573	0
37.275	150	3	0	0	0	362.6	391.5	362.6	391.5	338	379	27.6	2556	0
37.275	150	1	0	0	0	363.1	391.5	363.1	391.5	338	379	28.02	2573	0
37.275	150	5	0	0	0	362.6	391.5	362.6	391.5	338	379	27.59	2563	0
37.275	150	7	0	0	0	363	391.5	363	391.5	338	379	28	2580	0
37.525	151	2	0	0	0	360.6	390.6	360.6	390.6	331.9	374.8	32.74	2595	0
37.525	151	4	0	339.7	381.9	360.2	390.4	360.2	390.4	331.9	374.8	32.24	2588	0
37.525	151	0	0	0	0	361.1	390.8	361.1	390.8	331.9	374.8	33.22	2615	0
37.525	151	6	0	0	0	360.6	390.6	360.6	390.6	331.9	374.8	32.71	2606	0
37.525	151	3	0	0	0	360.3	390.5	360.3	390.5	331.9	374.8	32.42	2589	0
37.525	151	1	0	0	0	360.9	390.7	360.9	390.7	331.9	374.8	33.06	2606	0
37.525	151	5	0	0	0	360.3	390.5	360.3	390.5	331.9	374.8	32.4	2596	0
37.525	151	7	0	0	0	360.9	390.7	360.9	390.7	331.9	374.8	33.04	2613	0
37.775	152	2	0	0	0	358.4	388.9	358.4	388.9	333.3	375.6	28.43	2623	0
37.775	152	4	0	337.7	373.1	358	388.6	358	388.6	333.3	375.6	27.85	2616	0
37.775	152	0	0	0	0	358.9	389.3	358.9	389.3	333.3	375.6	28.99	2644	0
37.775	152	6	0	0	0	358.4	388.9	358.4	388.9	333.3	375.6	28.39	2634	0
37.775	152	3	0	0	0	358.1	388.7	358.1	388.7	333.3	375.6	28.05	2617	0
37.775	152	1	0	0	0	358.7	389.1	358.7	389.1	333.3	375.6	28.8	2635	0
37.775	152	5	0	0	0	358.1	388.7	358.1	388.7	333.3	375.6	28.03	2624	0
37.775	152	7	0	0	0	358.7	389.1	358.7	389.1	333.3	375.6	28.77	2642	0
38.025	153	2	0	0	0	355.4	388.9	355.4	388.9	329.9	378.2	27.62	2651	0
38.025	153	4	0	326.1	388.3	354.7	388.8	354.7	388.8	329.9	378.2	27	2643	0
38.025	153	0	0	0	0	356	388.9	356	388.9	329.9	378.2	28.21	2672	0
38.025	153	6	0	0	0	355.3	388.8	355.3	388.8	329.9	378.2	27.57	2662	0
38.025	153	3	0	0	0	354.9	388.8	354.9	388.8	329.9	378.2	27.22	2644	0
38.025	153	1	0	0	0	355.8	388.9	355.8	388.9	329.9	378.2	28.01	2663	0
38.025	153	5	0	0	0	354.9	388.8	354.9	388.8	329.9	378.2	27.19	2651	0
38.025	153	7	0	0	0	355.7	388.9	355.7	388.9	329.9	378.2	27.98	2670	0
38.275	154	2	0	0	0	352.8	388.4	352.8	388.4	331.1	380.6	22.98	2674	0
38.275	154	4	0	328.1	384.2	352.2	388.3	352.2	388.3	331.1	380.6	22.41	2666	0
38.275	154	0	0	0	0	353.3	388.5	353.3	388.5	331.1	380.6	23.53	2696	0
38.275	154	6	0	0	0	352.7	388.4	352.7	388.4	331.1	380.6	22.94	2684	0
38.275	154	3	0	0	0	352.4	388.3	352.4	388.3	331.1	380.6	22.61	2666	0
38.275	154	1	0	0	0	353.1	388.5	353.1	388.5	331.1	380.6	23.35	2686	0
38.275	154	5	0	0	0	352.4	388.3	352.4	388.3	331.1	380.6	22.58	2673	0
38.275	154	7	0	0	0	353.1	388.5	353.1	388.5	331.1	380.6	23.32	2693	0
38.525	155	2	0	0	0	350.8	386.1	350.8	386.1	324.4	381.5	26.8	2701	0
38.525	155	4	0	332.4	364.3	350.4	385.7	350.4	385.7	324.4	381.5	26.3	2692	0
38.525	155	0	0	0	0	351.2	386.6	351.2	386.6	324.4	381.5	27.3	2723	0
38.525	155	6	0	0	0	350.8	386.1	350.8	386.1	324.4	381.5	26.77	2711	0
38.525	155	3	0	0	0	350.5	385.8	350.5	385.8	324.4	381.5	26.47	2693	0
38.525	155	1	0	0	0	351.1	386.4	351.1	386.4	324.4	381.5	27.13	2713	0
38.525	155	5	0	0	0	350.5	385.8	350.5	385.8	324.4	381.5	26.45	2700	0
38.525	155	7	0	0	0	351.1	386.4	351.1	386.4	324.4	381.5	27.11	2720	0
38.775	156	2	0	0	0	348.3	383.9	348.3	383.9	317.4	384.1	30.83	2731	0
38.775	156	4	0	324.1	362.4	347.7	383.4	347.7	383.4	317.4	384.1	30.3	2722	0
38.775	156	0	0	0	0	348.8	384.3	348.8	384.3	317.4	384.1	31.36	2754	0
38.775	156	6	0	0	0	348.2	383.8	348.2	383.8	317.4	384.1	30.8	2742	0
38.775	156	3	0	0	0	347.9	383.5	347.9	383.5	317.4	384.1	30.49	2723	0
38.775	156	1	0	0	0	348.6	384.2	348.6	384.2	317.4	384.1	31.18	2745	0
38.775	156	5	0	0	0	347.9	383.5	347.9	383.5	317.4	384.1	30.46	2730	0
38.775	156	7	0	0	0	348.6	384.1	348.6	384.1	317.4	384.1	31.15	2751	0
39.025	157	2	0	0	0	345.4	384.7	345.4	384.7	319.7	380.1	26.13	2758	0
39.025	157	4	0	318.2	393.2	344.8	384.9	344.8	384.9	319.7	380.1	25.55	2748	0
39.025	157	0	0	0	0	346	384.6	346	384.6	319.7	380.1	26.69	2781	0
39.025	157	6	0	0	0	345.3	384.7	345.3	384.7	319.7	380.1	26.09	2768	0
39.025	157	3	0	0	0	345	384.8	345	384.8	319.7	380.1	25.75	2749	0
39.025	157	1	0	0	0	345.8	384.6	345.8	384.6	319.7	380.1	26.5	2771	0
39.025	157	5	0	0	0	345	384.8	345	384.8	319.7	380.1	25.73	2756	0
39.025	157	7	0	0	0	345.7	384.6	345.7	384.6	319.7	380.1	26.48	2778	0
39.275	158	2	0	0	0	343.6	383.9	343.6	383.9	319.4	380.9	24.38	2782	0
39.275	158	4	0	326.7	376	343.2	383.8	343.2	383.8	319.4	380.9	23.95	2772	0
39.275	158	0	0	0	0	344	384	344	384	319.4	380.9	24.79	2806	0
39.275	158	6	0	0	0	343.6	383.9	343.6	383.9	319.4	380.9	24.35	2792	0
39.275	158	3	0	0	0	343.3	383.8	343.3	383.8	319.4	380.9	24.1	2773	0
39.275	158	1	0	0	0	343.9	384	343.9	384	319.4	380.9	24.65	2796	0
39.275	158	5	0	0	0	343.3	383.8	343.3	383.8	319.4	380.9	24.08	2780	0
39.275	158	7	0	0	0	343.8	384	343.8	384	319.4	380.9	24.63	2803	0
39.525	159	2	0	0	0	341.4	382.2	341.4	382.2	322.3	381.1	19.04	2801	0
39.525	159	4	0	320.2	365.6	340.9	381.8	340.9	381.8	322.3	381.1	18.54	2790	0
39.525	159	0	0	0	0	341.8	382.5	341.8	382.5	322.3	381.1	19.52	2825	0
39.525	159	6	0	0	0	341.3	382.1	341.3	382.1	322.3	381.1	19	2811	0
39.525	159	3	0	0	0	341	381.9	341	381.9	322.3	381.1	18.71	2792	0
39.525	159	1	0	0	0	341.7	382.4	341.7	382.4	322.3	381.1	19.35	2815	0
39.525	159	5	0	0	0	341	381.9	341	381.9	322.3	381.1	18.69	2799	0
39.525	159	7	0	0	0	341.6	382.4	341.6	382.4	322.3	381.1	19.33	2822	0
39.775	160	2	0	0	0	340.4	382.3	340.4	382.3	320.1	379.5	20.4	2821	0
39.775	160	4	0	331	383.4	340.1	382.2	340.1	382.2	320.1	379.5	20.16	2811	0
39.775	160	0	0	0	0	340.6	382.3	340.6	382.3	320.1	379.5	20.63	2846	0
39.775	160	6	0	0	0	340.3	382.3	340.3	382.3	320.1	379.5	20.38	2832	0
39.775	160	3	0	0	0	340.2	382.3	340.2	382.3	320.1	379.5	20.25	2812	0
39.775	160	1	0	0	0	340.5	382.3	340.5	382.3	320.1	379.5	20.55	2836	0
39.775	160	5	0	0	0	340.2	382.3	340.2	382.3	320.1	379.5	20.23	2819	0
39.775	160	7	0	0	0	340.5	382.3	340.5	382.3	320.1	379.5	20.54	2842	0
