# _procNoiseCov=10 _measNoiseCov=10 iter_max=10 alpha=0.3
#Simulation_time,tracking_step,NodeID,TargetID,MeasurementX,MeasurementY,EstimateX,EstimateY,GroundTruthX,GroundTruthY,Error,ErrorAcc,ResultsDelay
#t_sim	t_step	NID	TID	Zx	Zy	X_x	X_y	Xx	Xy	GTx	GTy	Err	ErrAcc	Delay
0.025	1	2	0	0	0	119.3	98.8	119.3	98.8	120	100	1.376	1.376	0
0.025	1	4	0	0	0	119.4	99	119.4	99	120	100	1.14	1.14	0
0.025	1	0	0	113.3	87.93	119.2	98.54	119.2	98.54	120	100	1.671	1.671	0
0.025	1	6	0	0	0	119.3	98.74	119.3	98.74	120	100	1.445	1.445	0
0.025	1	3	0	0	0	119.4	98.94	119.4	98.94	120	100	1.211	1.211	0
0.025	1	1	0	0	0	119.2	98.64	119.2	98.64	120	100	1.56	1.56	0
0.025	1	5	0	0	0	119.4	98.9	119.4	98.9	120	100	1.258	1.258	0
0.025	1	7	0	0	0	119.2	98.6	119.2	98.6	120	100	1.604	1.604	0
0.275	2	2	0	0	0	120.6	98.93	120.6	98.93	125.6	97.6	5.164	6.54	0
0.275	2	4	0	0	0	120.4	98.92	120.4	98.92	125.6	97.6	5.364	6.505	0
0.275	2	0	0	132.2	100.3	120.9	98.94	120.9	98.94	125.6	97.6	4.915	6.586	0
0.275	2	6	0	0	0	120.7	98.93	120.7	98.93	125.6	97.6	5.106	6.551	0
0.275	2	3	0	0	0	120.5	98.92	120.5	98.92	125.6	97.6	5.304	6.515	0
0.275	2	1	0	0	0	120.8	98.93	120.8	98.93	125.6	97.6	5.008	6.569	0
0.275	2	5	0	0	0	120.5	98.93	120.5	98.93	125.6	97.6	5.265	6.522	0
0.275	2	7	0	0	0	120.8	98.93	120.8	98.93	125.6	97.6	4.972	6.576	0
0.525	3	2	0	0	0	121.8	98.89	121.8	98.89	126.3	98.81	4.53	11.07	0
0.525	3	4	0	0	0	121.6	98.89	121.6	98.89	126.3	98.81	4.75	11.25	0
0.525	3	0	0	132.3	98.52	122.1	98.88	122.1	98.88	126.3	98.81	4.255	10.84	0
0.525	3	6	0	0	0	121.9	98.89	121.9	98.89	126.3	98.81	4.466	11.02	0
0.525	3	3	0	0	0	121.6	98.89	121.6	98.89	126.3	98.81	4.683	11.2	0
0.525	3	1	0	0	0	122	98.88	122	98.88	126.3	98.81	4.358	10.93	0
0.525	3	5	0	0	0	121.7	98.89	121.7	98.89	126.3	98.81	4.64	11.16	0
0.525	3	7	0	0	0	122	98.88	122	98.88	126.3	98.81	4.317	10.89	0
0.775	4	2	0	0	0	121.4	99.39	121.4	99.39	128.9	99.11	7.458	18.53	0
0.775	4	4	0	0	0	121.5	99.31	121.5	99.31	128.9	99.11	7.409	18.66	0
0.775	4	0	0	117.8	104	121.4	99.5	121.4	99.5	128.9	99.11	7.522	18.36	0
0.775	4	6	0	0	0	121.4	99.42	121.4	99.42	128.9	99.11	7.473	18.49	0
0.775	4	3	0	0	0	121.4	99.33	121.4	99.33	128.9	99.11	7.424	18.62	0
0.775	4	1	0	0	0	121.4	99.46	121.4	99.46	128.9	99.11	7.498	18.42	0
0.775	4	5	0	0	0	121.4	99.35	121.4	99.35	128.9	99.11	7.433	18.6	0
0.775	4	7	0	0	0	121.4	99.48	121.4	99.48	128.9	99.11	7.507	18.4	0
1.025	5	2	0	0	0	122.6	99.89	122.6	99.89	135.4	103.7	13.33	31.86	0
1.025	5	4	0	0	0	122.4	99.8	122.4	99.8	135.4	103.7	13.55	32.22	0
1.025	5	0	0	133.7	104.3	122.9	100	122.9	100	135.4	103.7	13.05	31.41	0
1.025	5	6	0	0	0	122.7	99.92	122.7	99.92	135.4	103.7	13.26	31.75	0
1.025	5	3	0	0	0	122.5	99.83	122.5	99.83	135.4	103.7	13.49	32.11	0
1.025	5	1	0	0	0	122.8	99.97	122.8	99.97	135.4	103.7	13.16	31.58	0
1.025	5	5	0	0	0	122.5	99.85	122.5	99.85	135.4	103.7	13.44	32.04	0
1.025	5	7	0	0	0	122.8	99.98	122.8	99.98	135.4	103.7	13.11	31.51	0
1.275	6	2	0	0	0	125.3	101.2	125.3	101.2	139.8	108	15.98	47.84	0
1.275	6	4	0	0	0	124.8	101	124.8	101	139.8	108	16.51	48.73	0
1.275	6	0	0	149.4	112.8	125.9	101.5	125.9	101.5	139.8	108	15.32	46.74	0
1.275	6	6	0	0	0	125.5	101.3	125.5	101.3	139.8	108	15.83	47.58	0
1.275	6	3	0	0	0	125	101	125	101	139.8	108	16.35	48.46	0
1.275	6	1	0	0	0	125.7	101.4	125.7	101.4	139.8	108	15.57	47.15	0
1.275	6	5	0	0	0	125.1	101.1	125.1	101.1	139.8	108	16.25	48.28	0
1.275	6	7	0	0	0	125.8	101.4	125.8	101.4	139.8	108	15.47	46.99	0
1.525	7	2	0	0	0	126.3	100.8	126.3	100.8	145	108.5	20.21	68.05	0
1.525	7	4	0	0	0	126.1	100.9	126.1	100.9	145	108.5	20.38	69.1	0
1.525	7	0	0	134.3	97.44	126.5	100.8	126.5	100.8	145	108.5	20	66.74	0
1.525	7	6	0	0	0	126.3	100.8	126.3	100.8	145	108.5	20.16	67.74	0
1.525	7	3	0	0	0	126.1	100.9	126.1	100.9	145	108.5	20.33	68.79	0
1.525	7	1	0	0	0	126.4	100.8	126.4	100.8	145	108.5	20.08	67.23	0
1.525	7	5	0	0	0	126.2	100.9	126.2	100.9	145	108.5	20.29	68.58	0
1.525	7	7	0	0	0	126.4	100.8	126.4	100.8	145	108.5	20.05	67.03	0
1.775	8	2	0	0	0	127.5	101.1	127.5	101.1	143	110.1	17.89	85.94	0
1.775	8	4	0	0	0	127.2	101.1	127.2	101.1	143	110.1	18.11	87.21	0
1.775	8	0	0	138.3	103.5	127.8	101.2	127.8	101.2	143	110.1	17.63	84.36	0
1.775	8	6	0	0	0	127.5	101.1	127.5	101.1	143	110.1	17.83	85.58	0
1.775	8	3	0	0	0	127.3	101.1	127.3	101.1	143	110.1	18.05	86.83	0
1.775	8	1	0	0	0	127.7	101.1	127.7	101.1	143	110.1	17.73	84.96	0
1.775	8	5	0	0	0	127.4	101.1	127.4	101.1	143	110.1	18	86.58	0
1.775	8	7	0	0	0	127.7	101.1	127.7	101.1	143	110.1	17.69	84.72	0
2.025	9	2	0	0	0	129.1	101.5	129.1	101.5	149.2	109.9	21.86	107.8	0
2.025	9	4	0	0	0	128.8	101.4	128.8	101.4	149.2	109.9	22.16	109.4	0
2.025	9	0	0	143.5	104.6	129.5	101.5	129.5	101.5	149.2	109.9	21.49	105.9	0
2.025	9	6	0	0	0	129.2	101.5	129.2	101.5	149.2	109.9	21.78	107.4	0
2.025	9	3	0	0	0	128.9	101.4	128.9	101.4	149.2	109.9	22.07	108.9	0
2.025	9	1	0	0	0	129.3	101.5	129.3	101.5	149.2	109.9	21.63	106.6	0
2.025	9	5	0	0	0	128.9	101.4	128.9	101.4	149.2	109.9	22.01	108.6	0
2.025	9	7	0	0	0	129.4	101.5	129.4	101.5	149.2	109.9	21.58	106.3	0
2.275	10	2	0	0	0	132.2	102.7	132.2	102.7	152.3	114.6	23.36	131.2	0
2.275	10	4	0	0	0	131.7	102.5	131.7	102.5	152.3	114.6	23.95	133.3	0
2.275	10	0	0	160.3	113.8	132.9	103	132.9	103	152.3	114.6	22.62	128.5	0
2.275	10	6	0	0	0	132.4	102.8	132.4	102.8	152.3	114.6	23.19	130.5	0
2.275	10	3	0	0	0	131.8	102.5	131.8	102.5	152.3	114.6	23.78	132.7	0
2.275	10	1	0	0	0	132.7	102.9	132.7	102.9	152.3	114.6	22.9	129.5	0
2.275	10	5	0	0	0	131.9	102.6	131.9	102.6	152.3	114.6	23.66	132.3	0
2.275	10	7	0	0	0	132.8	102.9	132.8	102.9	152.3	114.6	22.79	129.1	0
2.525	11	2	0	0	0	134.7	105.5	134.7	105.5	155.3	119.8	25.07	156.2	0
2.525	11	4	0	0	0	134.2	105	134.2	105	155.3	119.8	25.75	159.1	0
2.525	11	0	0	156.6	131.1	135.3	106.2	135.3	106.2	155.3	119.8	24.23	152.7	0
2.525	11	6	0	0	0	134.8	105.7	134.8	105.7	155.3	119.8	24.88	155.4	0
2.525	11	3	0	0	0	134.4	105.2	134.4	105.2	155.3	119.8	25.55	158.2	0
2.525	11	1	0	0	0	135.1	105.9	135.1	105.9	155.3	119.8	24.55	154	0
2.525	11	5	0	0	0	134.5	105.3	134.5	105.3	155.3	119.8	25.41	157.7	0
2.525	11	7	0	0	0	135.2	106	135.2	106	155.3	119.8	24.42	153.5	0
2.775	12	2	0	0	0	135.6	104.4	135.6	104.4	153.2	117.2	21.77	178	0
2.775	12	4	0	0	0	135.4	104.6	135.4	104.6	153.2	117.2	21.84	180.9	0
2.775	12	0	0	143.5	93.79	135.9	104.2	135.9	104.2	153.2	117.2	21.69	174.4	0
2.775	12	6	0	0	0	135.7	104.4	135.7	104.4	153.2	117.2	21.75	177.2	0
2.775	12	3	0	0	0	135.5	104.5	135.5	104.5	153.2	117.2	21.82	180	0
2.775	12	1	0	0	0	135.8	104.3	135.8	104.3	153.2	117.2	21.72	175.8	0
2.775	12	5	0	0	0	135.5	104.5	135.5	104.5	153.2	117.2	21.8	179.5	0
2.775	12	7	0	0	0	135.8	104.3	135.8	104.3	153.2	117.2	21.71	175.2	0
3.025	13	2	0	0	0	138.1	105.2	138.1	105.2	153.7	117.4	19.72	197.7	0
3.025	13	4	0	0	0	137.7	105.1	137.7	105.1	153.7	117.4	20.15	201.1	0
3.025	13	0	0	160.7	112.6	138.7	105.4	138.7	105.4	153.7	117.4	19.19	193.6	0
3.025	13	6	0	0	0	138.3	105.3	138.3	105.3	153.7	117.4	19.59	196.8	0
3.025	13	3	0	0	0	137.8	105.1	137.8	105.1	153.7	117.4	20.02	200.1	0
3.025	13	1	0	0	0	138.5	105.3	138.5	105.3	153.7	117.4	19.39	195.1	0
3.025	13	5	0	0	0	137.9	105.2	137.9	105.2	153.7	117.4	19.93	199.4	0
3.025	13	7	0	0	0	138.6	105.3	138.6	105.3	153.7	117.4	19.31	194.5	0
3.275	14	2	0	0	0	139.9	105.5	139.9	105.5	157.3	123.3	24.88	222.6	0
3.275	14	4	0	0	0	139.6	105.4	139.6	105.4	157.3	123.3	25.15	226.2	0
3.275	14	0	0	155.2	107.8	140.3	105.6	140.3	105.6	157.3	123.3	24.54	218.1	0
3.275	14	6	0	0	0	140	105.5	140	105.5	157.3	123.3	24.8	221.6	0
3.275	14	3	0	0	0	139.7	105.4	139.7	105.4	157.3	123.3	25.07	225.1	0
3.275	14	1	0	0	0	140.1	105.5	140.1	105.5	157.3	123.3	24.66	219.8	0
3.275	14	5	0	0	0	139.7	105.5	139.7	105.5	157.3	123.3	25.01	224.4	0
3.275	14	7	0	0	0	140.2	105.5	140.2	105.5	157.3	123.3	24.61	219.1	0
3.525	15	2	0	0	0	141.1	108.1	141.1	108.1	158.7	128.7	27.08	249.7	0
3.525	15	4	0	0	0	140.9	107.7	140.9	107.7	158.7	128.7	27.59	253.8	0
3.525	15	0	0	152	132.1	141.4	108.7	141.4	108.7	158.7	128.7	26.45	244.6	0
3.525	15	6	0	0	0	141.2	108.3	141.2	108.3	158.7	128.7	26.94	248.5	0
3.525	15	3	0	0	0	141	107.8	141	107.8	158.7	128.7	27.44	252.6	0
3.525	15	1	0	0	0	141.3	108.5	141.3	108.5	158.7	128.7	26.69	246.5	0
3.525	15	5	0	0	0	141	107.9	141	107.9	158.7	128.7	27.34	251.7	0
3.525	15	7	0	0	0	141.4	108.6	141.4	108.6	158.7	128.7	26.6	245.7	0
3.775	16	2	0	0	0	143.6	110.9	143.6	110.9	161.2	132.8	28.12	277.8	0
3.775	16	4	0	0	0	143.2	110.4	143.2	110.4	161.2	132.8	28.8	282.6	0
3.775	16	0	0	166	135.4	144.2	111.5	144.2	111.5	161.2	132.8	27.27	271.8	0
3.775	16	6	0	0	0	143.8	111	143.8	111	161.2	132.8	27.92	276.4	0
3.775	16	3	0	0	0	143.3	110.5	143.3	110.5	161.2	132.8	28.59	281.1	0
3.775	16	1	0	0	0	144	111.3	144	111.3	161.2	132.8	27.59	274.1	0
3.775	16	5	0	0	0	143.4	110.6	143.4	110.6	161.2	132.8	28.46	280.2	0
3.775	16	7	0	0	0	144.1	111.4	144.1	111.4	161.2	132.8	27.46	273.2	0
4.025	17	2	0	0	0	144.7	112.5	144.7	112.5	165.3	137.5	32.37	310.2	0
4.025	17	4	0	0	0	144.5	112.2	144.5	112.2	165.3	137.5	32.75	315.3	0
4.025	17	0	0	153.7	126.4	144.9	112.9	144.9	112.9	165.3	137.5	31.9	303.8	0
4.025	17	6	0	0	0	144.7	112.6	144.7	112.6	165.3	137.5	32.26	308.7	0
4.025	17	3	0	0	0	144.5	112.3	144.5	112.3	165.3	137.5	32.64	313.8	0
4.025	17	1	0	0	0	144.8	112.7	144.8	112.7	165.3	137.5	32.08	306.2	0
4.025	17	5	0	0	0	144.6	112.3	144.6	112.3	165.3	137.5	32.56	312.8	0
4.025	17	7	0	0	0	144.9	112.8	144.9	112.8	165.3	137.5	32.01	305.2	0
4.275	18	2	0	0	0	146.9	113.9	146.9	113.9	168.2	135.9	30.6	340.8	0
4.275	18	4	0	0	0	146.5	113.7	146.5	113.7	168.2	135.9	31.07	346.4	0
4.275	18	0	0	166.6	126.8	147.4	114.3	147.4	114.3	168.2	135.9	30.01	333.8	0
4.275	18	6	0	0	0	147	114	147	114	168.2	135.9	30.46	339.1	0
4.275	18	3	0	0	0	146.6	113.8	146.6	113.8	168.2	135.9	30.93	344.7	0
4.275	18	1	0	0	0	147.2	114.2	147.2	114.2	168.2	135.9	30.23	336.4	0
4.275	18	5	0	0	0	146.7	113.8	146.7	113.8	168.2	135.9	30.84	343.6	0
4.275	18	7	0	0	0	147.3	114.2	147.3	114.2	168.2	135.9	30.14	335.3	0
4.525	19	2	0	0	0	149.8	115.2	149.8	115.2	165.7	138.1	27.93	368.7	0
4.525	19	4	0	0	0	149.3	114.9	149.3	114.9	165.7	138.1	28.42	374.8	0
4.525	19	0	0	175.9	125.9	150.5	115.4	150.5	115.4	165.7	138.1	27.32	361.1	0
4.525	19	6	0	0	0	150	115.2	150	115.2	165.7	138.1	27.78	366.9	0
4.525	19	3	0	0	0	149.4	115	149.4	115	165.7	138.1	28.27	373	0
4.525	19	1	0	0	0	150.2	115.3	150.2	115.3	165.7	138.1	27.55	363.9	0
4.525	19	5	0	0	0	149.5	115	149.5	115	165.7	138.1	28.17	371.8	0
4.525	19	7	0	0	0	150.3	115.4	150.3	115.4	165.7	138.1	27.46	362.8	0
4.775	20	2	0	0	0	152.8	119.1	152.8	119.1	168.3	138.8	25.1	393.8	0
4.775	20	4	0	0	0	152.2	118.4	152.2	118.4	168.3	138.8	25.98	400.8	0
4.775	20	0	0	179.1	154.1	153.5	119.9	153.5	119.9	168.3	138.8	24	385.1	0
4.775	20	6	0	0	0	152.9	119.3	152.9	119.3	168.3	138.8	24.84	391.8	0
4.775	20	3	0	0	0	152.4	118.6	152.4	118.6	168.3	138.8	25.71	398.7	0
4.775	20	1	0	0	0	153.2	119.6	153.2	119.6	168.3	138.8	24.41	388.3	0
4.775	20	5	0	0	0	152.5	118.7	152.5	118.7	168.3	138.8	25.54	397.3	0
4.775	20	7	0	0	0	153.3	119.7	153.3	119.7	168.3	138.8	24.25	387	0
5.025	21	2	0	0	0	154.4	123.2	154.4	123.2	172.9	145.8	29.2	423	0
5.025	21	4	0	0	0	154.1	122.4	154.1	122.4	172.9	145.8	29.99	430.8	0
5.025	21	0	0	169	159.6	154.9	124.1	154.9	124.1	172.9	145.8	28.21	413.3	0
5.025	21	6	0	0	0	154.5	123.4	154.5	123.4	172.9	145.8	28.97	420.7	0
5.025	21	3	0	0	0	154.2	122.6	154.2	122.6	172.9	145.8	29.75	428.5	0
5.025	21	1	0	0	0	154.7	123.8	154.7	123.8	172.9	145.8	28.58	416.9	0
5.025	21	5	0	0	0	154.3	122.8	154.3	122.8	172.9	145.8	29.6	426.9	0
5.025	21	7	0	0	0	154.8	123.9	154.8	123.9	172.9	145.8	28.43	415.5	0
5.275	22	2	0	0	0	156.1	124.8	156.1	124.8	179.1	147	31.93	454.9	0
5.275	22	4	0	0	0	155.8	124.5	155.8	124.5	179.1	147	32.39	463.2	0
5.275	22	0	0	170.5	139.3	156.4	125.3	156.4	125.3	179.1	147	31.36	444.6	0
5.275	22	6	0	0	0	156.2	124.9	156.2	124.9	179.1	147	31.8	452.5	0
5.275	22	3	0	0	0	155.9	124.6	155.9	124.6	179.1	147	32.25	460.7	0
5.275	22	1	0	0	0	156.3	125.1	156.3	125.1	179.1	147	31.57	448.5	0
5.275	22	5	0	0	0	155.9	124.7	155.9	124.7	179.1	147	32.16	459.1	0
5.275	22	7	0	0	0	156.4	125.2	156.4	125.2	179.1	147	31.49	447	0
5.525	23	2	0	0	0	158.3	126.7	158.3	126.7	177	153.7	32.85	487.8	0
5.525	23	4	0	0	0	157.9	126.4	157.9	126.4	177	153.7	33.36	496.6	0
5.525	23	0	0	178.3	143.3	158.8	127.1	158.8	127.1	177	153.7	32.2	476.8	0
5.525	23	6	0	0	0	158.4	126.8	158.4	126.8	177	153.7	32.7	485.2	0
5.525	23	3	0	0	0	158	126.5	158	126.5	177	153.7	33.21	493.9	0
5.525	23	1	0	0	0	158.6	127	158.6	127	177	153.7	32.44	480.9	0
5.525	23	5	0	0	0	158.1	126.5	158.1	126.5	177	153.7	33.11	492.2	0
5.525	23	7	0	0	0	158.7	127	158.7	127	177	153.7	32.35	479.3	0
5.775	24	2	0	0	0	163.9	132.3	163.9	132.3	183	155.2	29.88	517.7	0
5.775	24	4	0	0	0	162.8	131.2	162.8	131.2	183	155.2	31.41	528	0
5.775	24	0	0	190.5	166.6	164.5	133.1	164.5	133.1	183	155.2	28.89	505.7	0
5.775	24	6	0	0	0	163.4	132.1	163.4	132.1	183	155.2	30.35	515.6	0
5.775	24	3	0	0	0	163.2	131.6	163.2	131.6	183	155.2	30.79	524.7	0
5.775	24	1	0	187.2	148	164.4	132.8	164.4	132.8	183	155.2	29.16	510.1	0
5.775	24	5	0	0	0	162.9	131.5	162.9	131.5	183	155.2	31.12	523.3	0
5.775	24	7	0	0	0	164.1	132.7	164.1	132.7	183	155.2	29.45	508.8	0
6.025	25	2	0	0	0	168	135.1	168	135.1	184.6	156	26.66	544.3	0
6.025	25	4	0	0	0	167.1	134.4	167.1	134.4	184.6	156	27.85	555.8	0
6.025	25	0	0	188	140.9	168.5	135.3	168.5	135.3	184.6	156	26.22	532	0
6.025	25	6	0	0	0	167.6	134.6	167.6	134.6	184.6	156	27.36	542.9	0
6.025	25	3	0	0	0	167.5	134.7	167.5	134.7	184.6	156	27.32	552	0
6.025	25	1	0	187.5	156.1	168.4	135.3	168.4	135.3	184.6	156	26.26	536.4	0
6.025	25	5	0	0	0	167.2	134.4	167.2	134.4	184.6	156	27.79	551.1	0
6.025	25	7	0	0	0	168.1	135	168.1	135	184.6	156	26.71	535.5	0
6.275	26	2	0	0	0	168.7	136.2	168.7	136.2	186.1	153	24.18	568.5	0
6.275	26	4	0	0	0	168.5	135.9	168.5	135.9	186.1	153	24.6	580.4	0
6.275	26	0	0	173.5	143.1	168.9	136.4	168.9	136.4	186.1	153	23.96	555.9	0
6.275	26	6	0	0	0	168.6	136.1	168.6	136.1	186.1	153	24.36	567.3	0
6.275	26	3	0	0	0	168.6	136	168.6	136	186.1	153	24.42	576.4	0
6.275	26	1	0	172.2	141.6	168.8	136.4	168.8	136.4	186.1	153	24.01	560.4	0
6.275	26	5	0	0	0	168.5	135.9	168.5	135.9	186.1	153	24.55	575.6	0
6.275	26	7	0	0	0	168.8	136.3	168.8	136.3	186.1	153	24.13	559.6	0
6.525	27	2	0	0	0	173.6	139.9	173.6	139.9	193.1	151.8	22.83	591.3	0
6.525	27	4	0	0	0	172.7	139	172.7	139	193.1	151.8	24.07	604.5	0
6.525	27	0	0	208.9	143.5	174.4	140	174.4	140	193.1	151.8	22.13	578.1	0
6.525	27	6	0	0	0	173.6	139.1	173.6	139.1	193.1	151.8	23.32	590.6	0
6.525	27	3	0	0	0	173.1	139.5	173.1	139.5	193.1	151.8	23.55	600	0
6.525	27	1	0	183.2	170.4	174.2	140.1	174.2	140.1	193.1	151.8	22.29	582.7	0
6.525	27	5	0	0	0	173	139	173	139	193.1	151.8	23.88	599.5	0
6.525	27	7	0	0	0	174.1	139.6	174.1	139.6	193.1	151.8	22.6	582.2	0
6.775	28	2	0	0	0	175.9	143.7	175.9	143.7	191.8	157.2	20.77	612.1	0
6.775	28	4	0	0	0	175.3	142.8	175.3	142.8	191.8	157.2	21.84	626.3	0
6.775	28	0	0	176.5	161.5	176	144.1	176	144.1	191.8	157.2	20.46	598.5	0
6.775	28	6	0	0	0	175.4	143.2	175.4	143.2	191.8	157.2	21.5	612.1	0
6.775	28	3	0	0	0	175.6	143.2	175.6	143.2	191.8	157.2	21.35	621.3	0
6.775	28	1	0	196.4	163.2	176.1	144	176.1	144	191.8	157.2	20.46	603.1	0
6.775	28	5	0	0	0	175.2	142.9	175.2	142.9	191.8	157.2	21.84	621.4	0
6.775	28	7	0	0	0	175.7	143.7	175.7	143.7	191.8	157.2	20.92	603.1	0
7.025	29	2	0	0	0	179.6	145.2	179.6	145.2	195.9	155.4	19.19	631.3	0
7.025	29	4	0	0	0	178.7	144.7	178.7	144.7	195.9	155.4	20.22	646.5	0
7.025	29	0	0	190.8	142.4	179.8	145.1	179.8	145.1	195.9	155.4	19.01	617.5	0
7.025	29	6	0	0	0	179	144.6	179	144.6	195.9	155.4	20	632.1	0
7.025	29	3	0	0	0	179.1	144.9	179.1	144.9	195.9	155.4	19.73	641.1	0
7.025	29	1	0	203.7	162.9	179.9	145.2	179.9	145.2	195.9	155.4	18.95	622.1	0
7.025	29	5	0	0	0	178.7	144.6	178.7	144.6	195.9	155.4	20.27	641.6	0
7.025	29	7	0	0	0	179.5	144.9	179.5	144.9	195.9	155.4	19.46	622.6	0
7.275	30	2	0	0	0	182.2	147.9	182.2	147.9	194.5	159.4	16.84	648.1	0
7.275	30	4	0	0	0	181.6	147.3	181.6	147.3	194.5	159.4	17.66	664.2	0
7.275	30	0	0	196.8	163.8	182.5	148.2	182.5	148.2	194.5	159.4	16.37	633.9	0
7.275	30	6	0	0	0	182	147.6	182	147.6	194.5	159.4	17.14	649.2	0
7.275	30	3	0	0	0	181.8	147.5	181.8	147.5	194.5	159.4	17.32	658.4	0
7.275	30	1	0	192.4	158.5	182.5	148.1	182.5	148.1	194.5	159.4	16.48	638.6	0
7.275	30	5	0	0	0	181.7	147.4	181.7	147.4	194.5	159.4	17.53	659.2	0
7.275	30	7	0	184.3	147.8	182.3	148	182.3	148	194.5	159.4	16.67	639.3	0
7.525	31	2	0	0	0	185.7	151	185.7	151	199.6	163.7	18.8	666.9	0
7.525	31	4	0	0	0	185.1	150.3	185.1	150.3	199.6	163.7	19.65	683.9	0
7.525	31	0	0	200.9	162	186.3	151.3	186.3	151.3	199.6	163.7	18.17	652.1	0
7.525	31	6	0	0	0	185.8	150.7	185.8	150.7	199.6	163.7	18.97	668.2	0
7.525	31	3	0	0	0	185.3	150.6	185.3	150.6	199.6	163.7	19.33	677.7	0
7.525	31	1	0	196.2	167	186.1	151.2	186.1	151.2	199.6	163.7	18.36	656.9	0
7.525	31	5	0	0	0	185.4	150.4	185.4	150.4	199.6	163.7	19.44	678.6	0
7.525	31	7	0	199.2	154.9	186.1	151	186.1	151	199.6	163.7	18.46	657.7	0
7.775	32	2	0	0	0	189.7	153.8	189.7	153.8	196.9	169.9	17.65	684.6	0
7.775	32	4	0	0	0	189	153.4	189	153.4	196.9	169.9	18.36	702.2	0
7.775	32	0	0	212.7	167.2	190.3	154.3	190.3	154.3	196.9	169.9	16.94	669	0
7.775	32	6	0	0	0	189.7	153.9	189.7	153.9	196.9	169.9	17.58	685.8	0
7.775	32	3	0	0	0	189.2	153.5	189.2	153.5	196.9	169.9	18.12	695.8	0
7.775	32	1	0	198.7	161.2	190.1	154.1	190.1	154.1	196.9	169.9	17.19	674.1	0
7.775	32	5	0	0	0	189.3	153.6	189.3	153.6	196.9	169.9	18.07	696.7	0
7.775	32	7	0	196.8	165.8	190.1	154.2	190.1	154.2	196.9	169.9	17.14	674.9	0
8.025	33	2	0	0	0	191.2	155.2	191.2	155.2	199.3	171.6	18.32	702.9	0
8.025	33	4	0	0	0	190.9	155	190.9	155	199.3	171.6	18.6	720.8	0
8.025	33	0	0	197.6	165.3	191.5	155.5	191.5	155.5	199.3	171.6	17.87	686.9	0
8.025	33	6	0	0	0	191.3	155.4	191.3	155.4	199.3	171.6	18.11	703.9	0
8.025	33	3	0	0	0	191	155	191	155	199.3	171.6	18.53	714.4	0
8.025	33	1	0	194.7	154	191.4	155.4	191.4	155.4	199.3	171.6	18.06	692.2	0
8.025	33	5	0	0	0	191.1	155.2	191.1	155.2	199.3	171.6	18.39	715.1	0
8.025	33	7	0	198.9	161.1	191.5	155.5	191.5	155.5	199.3	171.6	17.92	692.8	0
8.275	34	2	0	0	0	191.8	159.5	191.8	159.5	197.9	170.9	12.91	715.8	0
8.275	34	4	0	0	0	191.6	158.8	191.6	158.8	197.9	170.9	13.59	734.4	0
8.275	34	0	0	187.7	159.2	191.8	159.9	191.8	159.9	197.9	170.9	12.57	699.4	0
8.275	34	6	0	0	0	191.6	159.2	191.6	159.2	197.9	170.9	13.21	717.1	0
8.275	34	3	0	0	0	191.7	159.1	191.7	159.1	197.9	170.9	13.3	727.7	0
8.275	34	1	0	198.6	187.3	191.8	159.8	191.8	159.8	197.9	170.9	12.64	704.8	0
8.275	34	5	0	0	0	191.6	158.9	191.6	158.9	197.9	170.9	13.51	728.6	0
8.275	34	7	0	195.7	180.9	191.7	159.6	191.7	159.6	197.9	170.9	12.83	705.6	0
8.525	35	2	0	0	0	192.1	161.1	192.1	161.1	198	172.8	13.06	728.9	0
8.525	35	4	0	0	0	192.2	160.9	192.2	160.9	198	172.8	13.21	747.6	0
8.525	35	0	0	190	170.4	192.3	161.6	192.3	161.6	198	172.8	12.57	712	0
8.525	35	6	0	0	0	192.3	161.4	192.3	161.4	198	172.8	12.69	729.8	0
8.525	35	3	0	0	0	192.1	160.9	192.1	160.9	198	172.8	13.22	740.9	0
8.525	35	1	0	191.7	159.9	192.2	161.4	192.2	161.4	198	172.8	12.79	717.6	0
8.525	35	5	0	0	0	192.3	161.2	192.3	161.2	198	172.8	12.97	741.5	0
8.525	35	7	0	204.3	175.7	192.3	161.6	192.3	161.6	198	172.8	12.55	718.2	0
8.775	36	2	0	0	0	195.3	166.6	195.3	166.6	195.5	176.5	9.972	738.9	0
8.775	36	4	0	0	0	194.5	165.6	194.5	165.6	195.5	176.5	10.94	758.6	0
8.775	36	0	0	203	180.8	195.3	167.1	195.3	167.1	195.5	176.5	9.423	721.4	0
8.775	36	6	0	0	0	194.6	166.2	194.6	166.2	195.5	176.5	10.34	740.1	0
8.775	36	3	0	0	0	194.9	166	194.9	166	195.5	176.5	10.54	751.4	0
8.775	36	1	0	219.2	193.5	195.4	167	195.4	167	195.5	176.5	9.556	727.1	0
8.775	36	5	0	0	0	194.4	165.8	194.4	165.8	195.5	176.5	10.79	752.3	0
8.775	36	7	0	187	179.8	194.9	166.8	194.9	166.8	195.5	176.5	9.779	727.9	0
9.025	37	2	0	0	0	195.5	168	195.5	168	194.9	179.8	11.82	750.7	0
9.025	37	4	0	0	0	195.5	167.8	195.5	167.8	194.9	179.8	12.1	770.7	0
9.025	37	0	0	204.8	172.1	195.8	168.3	195.8	168.3	194.9	179.8	11.53	733	0
9.025	37	6	0	0	0	195.8	168.1	195.8	168.1	194.9	179.8	11.79	751.9	0
9.025	37	3	0	0	0	195.4	167.8	195.4	167.8	194.9	179.8	12.01	763.4	0
9.025	37	1	0	186	173.1	195.6	168.2	195.6	168.2	194.9	179.8	11.63	738.8	0
9.025	37	5	0	0	0	195.7	167.9	195.7	167.9	194.9	179.8	11.98	764.3	0
9.025	37	7	0	204.6	178.7	195.9	168.3	195.9	168.3	194.9	179.8	11.61	739.5	0
9.275	38	2	0	0	0	197.1	171.4	197.1	171.4	198.6	180.4	9.139	759.8	0
9.275	38	4	0	0	0	196.8	171	196.8	171	198.6	180.4	9.558	780.2	0
9.275	38	0	0	206.7	180.6	197.3	172	197.3	172	198.6	180.4	8.47	741.4	0
9.275	38	6	0	0	0	197	171.7	197	171.7	198.6	180.4	8.845	760.8	0
9.275	38	3	0	0	0	196.9	171.1	196.9	171.1	198.6	180.4	9.455	772.9	0
9.275	38	1	0	202	179.2	197.2	171.8	197.2	171.8	198.6	180.4	8.74	747.5	0
9.275	38	5	0	0	0	196.8	171.3	196.8	171.3	198.6	180.4	9.26	773.6	0
9.275	38	7	0	194.4	196.8	197.1	172	197.1	172	198.6	180.4	8.551	748.1	0
9.525	39	2	0	0	0	197.7	173	197.7	173	203.4	178.1	7.649	767.5	0
9.525	39	4	0	0	0	197.6	172.7	197.6	172.7	203.4	178.1	7.907	788.1	0
9.525	39	0	0	203.5	177.2	197.9	173.2	197.9	173.2	203.4	178.1	7.378	748.8	0
9.525	39	6	0	0	0	197.8	172.9	197.8	172.9	203.4	178.1	7.616	768.4	0
9.525	39	3	0	0	0	197.6	172.8	197.6	172.8	203.4	178.1	7.82	780.7	0
9.525	39	1	0	195.8	180.9	197.8	173.1	197.8	173.1	203.4	178.1	7.474	755	0
9.525	39	5	0	0	0	197.7	172.7	197.7	172.7	203.4	178.1	7.799	781.4	0
9.525	39	7	0	201.9	175.2	197.9	173.1	197.9	173.1	203.4	178.1	7.452	755.6	0
9.775	40	2	0	0	0	202.2	176.1	202.2	176.1	207.4	184	9.402	776.9	0
9.775	40	4	0	0	0	201.5	175.6	201.5	175.6	207.4	184	10.24	798.4	0
9.775	40	0	0	238	189.1	202.9	176.6	202.9	176.6	207.4	184	8.645	757.5	0
9.775	40	6	0	0	0	202.2	176.1	202.2	176.1	207.4	184	9.41	777.8	0
9.775	40	3	0	0	0	201.7	175.8	201.7	175.8	207.4	184	9.943	790.7	0
9.775	40	1	0	207.2	186.9	202.7	176.4	202.7	176.4	207.4	184	8.896	763.9	0
9.775	40	5	0	0	0	201.7	175.8	201.7	175.8	207.4	184	9.948	791.3	0
9.775	40	7	0	200.9	185.8	202.7	176.4	202.7	176.4	207.4	184	8.902	764.5	0
10.025	41	2	0	0	0	204.7	178.9	204.7	178.9	207.7	189.1	10.64	787.5	0
10.025	41	4	0	0	0	204.2	178.4	204.2	178.4	207.7	189.1	11.23	809.6	0
10.025	41	0	0	213.5	205.1	205	179.5	205	179.5	207.7	189.1	10.01	767.5	0
10.025	41	6	0	0	0	204.5	179.1	204.5	179.1	207.7	189.1	10.55	788.4	0
10.025	41	3	0	0	0	204.4	178.6	204.4	178.6	207.7	189.1	11.03	801.7	0
10.025	41	1	0	218.2	177.6	204.9	179.3	204.9	179.3	207.7	189.1	10.23	774.1	0
10.025	41	5	0	0	0	204.2	178.7	204.2	178.7	207.7	189.1	10.98	802.3	0
10.025	41	7	0	205.9	179.7	204.8	179.4	204.8	179.4	207.7	189.1	10.17	774.6	0
10.275	42	2	0	0	0	204.8	182.8	204.8	182.8	209.6	192.7	10.96	798.5	0
10.275	42	4	0	0	0	204.7	182	204.7	182	209.6	192.7	11.71	821.3	0
10.275	42	0	0	201.9	191.1	204.8	183.1	204.8	183.1	209.6	192.7	10.71	778.2	0
10.275	42	6	0	0	0	204.6	182.4	204.6	182.4	209.6	192.7	11.43	799.8	0
10.275	42	3	0	0	0	204.8	182.4	204.8	182.4	209.6	192.7	11.37	813.1	0
10.275	42	1	0	211.6	205.8	204.8	183.1	204.8	183.1	209.6	192.7	10.72	784.8	0
10.275	42	5	0	0	0	204.6	182.1	204.6	182.1	209.6	192.7	11.69	814	0
10.275	42	7	0	201.6	189.1	204.7	182.8	204.7	182.8	209.6	192.7	11.02	785.7	0
10.525	43	2	0	0	0	206.3	186.6	206.3	186.6	211.8	194.7	9.768	808.2	0
10.525	43	4	0	0	0	206.2	186.1	206.2	186.1	211.8	194.7	10.32	831.6	0
10.525	43	0	0	208.7	193.6	206.6	187.3	206.6	187.3	211.8	194.7	9.074	787.3	0
10.525	43	6	0	0	0	206.5	186.7	206.5	186.7	211.8	194.7	9.578	809.4	0
10.525	43	3	0	0	0	206.2	186.3	206.2	186.3	211.8	194.7	10.16	823.2	0
10.525	43	1	0	208.9	202.8	206.5	187	206.5	187	211.8	194.7	9.337	794.2	0
10.525	43	5	0	0	0	206.3	186.3	206.3	186.3	211.8	194.7	10.03	824	0
10.525	43	7	0	223.5	212.4	206.6	187.1	206.6	187.1	211.8	194.7	9.213	794.9	0
10.775	44	2	0	0	0	209.3	191.6	209.3	191.6	211.8	198.2	7.102	815.3	0
10.775	44	4	0	0	0	208.8	190.8	208.8	190.8	211.8	198.2	7.993	839.6	0
10.775	44	0	0	223.4	226.8	209.7	192.5	209.7	192.5	211.8	198.2	6.104	793.4	0
10.775	44	6	0	0	0	209.3	191.8	209.3	191.8	211.8	198.2	6.921	816.3	0
10.775	44	3	0	0	0	209	191.1	209	191.1	211.8	198.2	7.706	830.9	0
10.775	44	1	0	217.7	197	209.6	192.2	209.6	192.2	211.8	198.2	6.467	800.7	0
10.775	44	5	0	0	0	209	191.2	209	191.2	211.8	198.2	7.586	831.6	0
10.775	44	7	0	216.5	199.7	209.6	192.3	209.6	192.3	211.8	198.2	6.35	801.2	0
11.025	45	2	0	0	0	208.2	193.8	208.2	193.8	213.5	199.2	7.466	822.8	0
11.025	45	4	0	0	0	208.5	193.1	208.5	193.1	213.5	199.2	7.824	847.5	0
11.025	45	0	0	0	0	208.3	193.8	208.3	193.8	213.5	199.2	7.457	800.8	0
11.025	45	6	0	0	0	208.5	193.1	208.5	193.1	213.5	199.2	7.814	824.1	0
11.025	45	3	0	0	0	208.3	193.5	208.3	193.5	213.5	199.2	7.638	838.6	0
11.025	45	1	0	197.9	217.1	208.2	193.9	208.2	193.9	213.5	199.2	7.412	808.1	0
11.025	45	5	0	0	0	208.5	193	208.5	193	213.5	199.2	7.881	839.5	0
11.025	45	7	0	209.7	186.9	208.4	193.4	208.4	193.4	213.5	199.2	7.625	808.8	0
11.275	46	2	0	0	0	209.6	194.5	209.6	194.5	220.3	199.4	11.84	834.6	0
11.275	46	4	0	0	0	209.5	194.2	209.5	194.2	220.3	199.4	12	859.5	0
11.275	46	0	0	0	0	209.9	194.5	209.9	194.5	220.3	199.4	11.55	812.4	0
11.275	46	6	0	0	0	209.8	194.2	209.8	194.2	220.3	199.4	11.7	835.8	0
11.275	46	3	0	0	0	209.5	194.3	209.5	194.3	220.3	199.4	11.97	850.5	0
11.275	46	1	0	212.2	202.3	209.7	194.5	209.7	194.5	220.3	199.4	11.67	819.7	0
11.275	46	5	0	0	0	209.7	194.2	209.7	194.2	220.3	199.4	11.88	851.3	0
11.275	46	7	0	225.5	195.8	209.9	194.3	209.9	194.3	220.3	199.4	11.58	820.4	0
11.525	47	2	0	0	0	211.5	194.3	211.5	194.3	222.3	201.6	13.09	847.7	0
11.525	47	4	0	0	0	211.2	194.4	211.2	194.4	222.3	201.6	13.27	872.7	0
11.525	47	0	0	0	0	211.8	194.4	211.8	194.4	222.3	201.6	12.79	825.1	0
11.525	47	6	0	0	0	211.5	194.5	211.5	194.5	222.3	201.6	12.95	848.7	0
11.525	47	3	0	0	0	211.3	194.3	211.3	194.3	222.3	201.6	13.22	863.7	0
11.525	47	1	0	220.6	191.3	211.7	194.4	211.7	194.4	222.3	201.6	12.91	832.6	0
11.525	47	5	0	0	0	211.3	194.4	211.3	194.4	222.3	201.6	13.14	864.5	0
11.525	47	7	0	225.2	199.7	211.7	194.5	211.7	194.5	222.3	201.6	12.82	833.2	0
11.775	48	2	0	0	0	214.1	195	214.1	195	223.3	202.6	11.98	859.7	0
11.775	48	4	0	0	0	213.6	194.9	213.6	194.9	223.3	202.6	12.35	885.1	0
11.775	48	0	0	0	0	214.4	195.1	214.4	195.1	223.3	202.6	11.65	836.8	0
11.775	48	6	0	0	0	214	195	214	195	223.3	202.6	12.01	860.8	0
11.775	48	3	0	0	0	213.8	194.9	213.8	194.9	223.3	202.6	12.22	876	0
11.775	48	1	0	228.6	198	214.3	195.1	214.3	195.1	223.3	202.6	11.76	844.4	0
11.775	48	5	0	0	0	213.8	195	213.8	195	223.3	202.6	12.24	876.7	0
11.775	48	7	0	230.7	199.8	214.3	195.1	214.3	195.1	223.3	202.6	11.78	845	0
12.025	49	2	0	0	0	214.7	196.5	214.7	196.5	227.6	207.9	17.23	876.9	0
12.025	49	4	0	0	0	214.5	196.2	214.5	196.2	227.6	207.9	17.57	902.6	0
12.025	49	0	0	0	0	214.8	196.6	214.8	196.6	227.6	207.9	17.12	853.9	0
12.025	49	6	0	0	0	214.6	196.3	214.6	196.3	227.6	207.9	17.45	878.2	0
12.025	49	3	0	0	0	214.6	196.3	214.6	196.3	227.6	207.9	17.42	893.4	0
12.025	49	1	0	219.4	207.9	214.8	196.6	214.8	196.6	227.6	207.9	17.13	861.5	0
12.025	49	5	0	0	0	214.5	196.2	214.5	196.2	227.6	207.9	17.56	894.3	0
12.025	49	7	0	217.2	200.1	214.7	196.4	214.7	196.4	227.6	207.9	17.27	862.3	0
12.275	50	2	0	0	0	217.7	202.7	217.7	202.7	233.2	208.5	16.58	893.5	0
12.275	50	4	0	0	0	217.4	202.3	217.4	202.3	233.2	208.5	16.98	919.6	0
12.275	50	0	0	0	0	217.3	202.6	217.3	202.6	233.2	208.5	16.99	870.9	0
12.275	50	6	0	0	0	217	202.2	217	202.2	233.2	208.5	17.41	895.6	0
12.275	50	3	0	233.1	228.2	217.6	202.5	217.6	202.5	233.2	208.5	16.71	910.1	0
12.275	50	1	0	228.8	217	217.5	202.7	217.5	202.7	233.2	208.5	16.72	878.2	0
12.275	50	5	0	0	0	217.1	202.2	217.1	202.2	233.2	208.5	17.26	911.5	0
12.275	50	7	0	217.3	232.6	217.1	202.4	217.1	202.4	233.2	208.5	17.26	879.5	0
12.525	51	2	0	0	0	220.3	206.4	220.3	206.4	230.5	213.8	12.58	906.1	0
12.525	51	4	0	0	0	219.9	205.5	219.9	205.5	230.5	213.8	13.43	933	0
12.525	51	0	0	0	0	220.3	206.4	220.3	206.4	230.5	213.8	12.55	883.5	0
12.525	51	6	0	0	0	219.9	205.6	219.9	205.6	230.5	213.8	13.4	909	0
12.525	51	3	0	225.4	206.5	220.1	206	220.1	206	230.5	213.8	13	923.1	0
12.525	51	1	0	236.5	239.1	220.4	206.5	220.4	206.5	230.5	213.8	12.44	890.7	0
12.525	51	5	0	0	0	219.8	205.4	219.8	205.4	230.5	213.8	13.55	925.1	0
12.525	51	7	0	229.4	210.7	220.1	206	220.1	206	230.5	213.8	12.97	892.5	0
12.775	52	2	0	0	0	221.9	207.3	221.9	207.3	230.4	212	9.683	915.8	0
12.775	52	4	0	0	0	221.8	207	221.8	207	230.4	212	9.982	943	0
12.775	52	0	0	0	0	221.4	207.2	221.4	207.2	230.4	212	10.15	893.6	0
12.775	52	6	0	0	0	221.2	206.9	221.2	206.9	230.4	212	10.46	919.5	0
12.775	52	3	0	235.8	209.7	221.9	207.2	221.9	207.2	230.4	212	9.758	932.9	0
12.775	52	1	0	227.4	216.8	221.7	207.3	221.7	207.3	230.4	212	9.87	900.6	0
12.775	52	5	0	0	0	221.5	206.9	221.5	206.9	230.4	212	10.27	935.4	0
12.775	52	7	0	214.5	206.4	221.3	207.1	221.3	207.1	230.4	212	10.38	902.9	0
13.025	53	2	0	0	0	224.5	208.3	224.5	208.3	235.3	213.8	12.1	927.9	0
13.025	53	4	0	0	0	224.4	208.3	224.4	208.3	235.3	213.8	12.21	955.2	0
13.025	53	0	0	0	0	224.4	208	224.4	208	235.3	213.8	12.3	905.9	0
13.025	53	6	0	0	0	224.3	208	224.3	208	235.3	213.8	12.41	931.9	0
13.025	53	3	0	237.1	218.6	224.4	208.3	224.4	208.3	235.3	213.8	12.12	945	0
13.025	53	1	0	228.8	206.9	224.4	208.1	224.4	208.1	235.3	213.8	12.19	912.7	0
13.025	53	5	0	0	0	224.3	208.2	224.3	208.2	235.3	213.8	12.33	947.7	0
13.025	53	7	0	239.7	209.4	224.3	208	224.3	208	235.3	213.8	12.39	915.3	0
13.275	54	2	0	0	0	228.5	209.5	228.5	209.5	236.8	215.4	10.21	938.1	0
13.275	54	4	0	0	0	228.1	209.4	228.1	209.4	236.8	215.4	10.56	965.8	0
13.275	54	0	0	0	0	228.2	209.3	228.2	209.3	236.8	215.4	10.61	916.5	0
13.275	54	6	0	0	0	227.8	209.2	227.8	209.2	236.8	215.4	10.97	942.9	0
13.275	54	3	0	246.7	216.7	228.4	209.5	228.4	209.5	236.8	215.4	10.32	955.3	0
13.275	54	1	0	243.1	212.6	228.4	209.4	228.4	209.4	236.8	215.4	10.35	923.1	0
13.275	54	5	0	0	0	227.9	209.3	227.9	209.3	236.8	215.4	10.82	958.5	0
13.275	54	7	0	235.1	211	227.9	209.2	227.9	209.2	236.8	215.4	10.85	926.1	0
13.525	55	2	0	0	0	226.1	212.9	226.1	212.9	233.9	221.4	11.56	949.7	0
13.525	55	4	0	0	0	226.4	212.4	226.4	212.4	233.9	221.4	11.71	977.5	0
13.525	55	0	0	0	0	226.4	213	226.4	213	233.9	221.4	11.27	927.8	0
13.525	55	6	0	0	0	226.7	212.5	226.7	212.5	233.9	221.4	11.43	954.3	0
13.525	55	3	0	217.5	218.5	226.2	212.7	226.2	212.7	233.9	221.4	11.67	967	0
13.525	55	1	0	211.9	232.2	226.2	213	226.2	213	233.9	221.4	11.39	934.5	0
13.525	55	5	0	0	0	226.6	212.4	226.6	212.4	233.9	221.4	11.6	970.1	0
13.525	55	7	0	234	226.4	226.6	212.8	226.6	212.8	233.9	221.4	11.3	937.4	0
13.775	56	2	0	0	0	227.3	213.3	227.3	213.3	235.1	221.2	11.14	960.8	0
13.775	56	4	0	0	0	227.2	213.3	227.2	213.3	235.1	221.2	11.17	988.7	0
13.775	56	0	0	0	0	227.7	213.7	227.7	213.7	235.1	221.2	10.53	938.3	0
13.775	56	6	0	0	0	227.6	213.7	227.6	213.7	235.1	221.2	10.54	964.8	0
13.775	56	3	0	224.1	209.7	227.2	213.2	227.2	213.2	235.1	221.2	11.25	978.2	0
13.775	56	1	0	230.3	211.4	227.5	213.5	227.5	213.5	235.1	221.2	10.83	945.3	0
13.775	56	5	0	0	0	227.4	213.5	227.4	213.5	235.1	221.2	10.86	981	0
13.775	56	7	0	243.8	233.4	227.7	213.8	227.7	213.8	235.1	221.2	10.44	947.9	0
14.025	57	2	0	0	0	228.7	215.6	228.7	215.6	235.4	223.3	10.14	970.9	0
14.025	57	4	0	0	0	228.5	215.6	228.5	215.6	235.4	223.3	10.36	999	0
14.025	57	0	0	0	0	229.2	215.8	229.2	215.8	235.4	223.3	9.692	948	0
14.025	57	6	0	0	0	229	215.7	229	215.7	235.4	223.3	9.897	974.7	0
14.025	57	3	0	222	222.9	228.5	215.6	228.5	215.6	235.4	223.3	10.32	988.5	0
14.025	57	1	0	238.9	218.4	229	215.7	229	215.7	235.4	223.3	9.887	955.2	0
14.025	57	5	0	0	0	228.7	215.6	228.7	215.6	235.4	223.3	10.16	991.1	0
14.025	57	7	0	245.7	232.8	229.2	215.8	229.2	215.8	235.4	223.3	9.722	957.6	0
14.275	58	2	0	0	0	230.5	218	230.5	218	238.5	229.7	14.19	985.1	0
14.275	58	4	0	0	0	230.5	217.6	230.5	217.6	238.5	229.7	14.51	1014	0
14.275	58	0	0	0	0	230.5	217.9	230.5	217.9	238.5	229.7	14.19	962.2	0
14.275	58	6	0	0	0	230.5	217.5	230.5	217.5	238.5	229.7	14.52	989.2	0
14.275	58	3	0	239.8	221.1	230.5	217.8	230.5	217.8	238.5	229.7	14.35	1003	0
14.275	58	1	0	229.8	233.5	230.5	218	230.5	218	238.5	229.7	14.14	969.4	0
14.275	58	5	0	0	0	230.5	217.5	230.5	217.5	238.5	229.7	14.57	1006	0
14.275	58	7	0	242.3	221.2	230.5	217.7	230.5	217.7	238.5	229.7	14.35	971.9	0
14.525	59	2	0	0	0	232.5	221.8	232.5	221.8	238.7	228.3	8.989	994.1	0
14.525	59	4	0	0	0	232.4	221.5	232.4	221.5	238.7	228.3	9.294	1023	0
14.525	59	0	0	0	0	232.4	221.6	232.4	221.6	238.7	228.3	9.195	971.4	0
14.525	59	6	0	0	0	232.3	221.3	232.3	221.3	238.7	228.3	9.509	998.7	0
14.525	59	3	0	240.2	239.7	232.4	221.7	232.4	221.7	238.7	228.3	9.107	1012	0
14.525	59	1	0	238	232.2	232.5	221.7	232.5	221.7	238.7	228.3	9.045	978.4	0
14.525	59	5	0	0	0	232.3	221.3	232.3	221.3	238.7	228.3	9.451	1015	0
14.525	59	7	0	240.2	234.9	232.4	221.4	232.4	221.4	238.7	228.3	9.383	981.3	0
14.775	60	2	0	0	0	237.6	224.4	237.6	224.4	245.5	231.7	10.71	1005	0
14.775	60	4	0	0	0	237.6	224.2	237.6	224.2	245.5	231.7	10.89	1034	0
14.775	60	0	0	0	0	237.4	224.2	237.4	224.2	245.5	231.7	11	982.4	0
14.775	60	6	0	0	0	237.4	224	237.4	224	245.5	231.7	11.19	1010	0
14.775	60	3	0	259.2	232	237.6	224.3	237.6	224.3	245.5	231.7	10.75	1023	0
14.775	60	1	0	246.4	238.7	237.5	224.4	237.5	224.4	245.5	231.7	10.83	989.2	0
14.775	60	5	0	246.2	228.6	237.5	224.1	237.5	224.1	245.5	231.7	11.07	1026	0
14.775	60	7	0	255.3	225.6	237.3	224.1	237.3	224.1	245.5	231.7	11.14	992.5	0
15.025	61	2	0	0	0	241.7	229.7	241.7	229.7	248.4	238.5	11.11	1016	0
15.025	61	4	0	0	0	241.3	230.2	241.3	230.2	248.4	238.5	10.93	1045	0
15.025	61	0	0	0	0	241.3	229.3	241.3	229.3	248.4	238.5	11.65	994.1	0
15.025	61	6	0	0	0	241	229.8	241	229.8	248.4	238.5	11.46	1021	0
15.025	61	3	0	253.8	248.8	241.6	230	241.6	230	248.4	238.5	10.93	1034	0
15.025	61	1	0	262.9	235	241.6	229.4	241.6	229.4	248.4	238.5	11.41	1001	0
15.025	61	5	0	247.9	258.5	241.1	230.1	241.1	230.1	248.4	238.5	11.16	1037	0
15.025	61	7	0	239.9	234.4	241.1	229.5	241.1	229.5	248.4	238.5	11.63	1004	0
15.275	62	2	0	0	0	242.9	230.5	242.9	230.5	246.7	240.2	10.39	1026	0
15.275	62	4	0	0	0	242.3	231.2	242.3	231.2	246.7	240.2	9.955	1055	0
15.275	62	0	0	0	0	242.7	231	242.7	231	246.7	240.2	10	1004	0
15.275	62	6	0	0	0	242.1	231.7	242.1	231.7	246.7	240.2	9.591	1031	0
15.275	62	3	0	244.9	219.1	242.6	230.8	242.6	230.8	246.7	240.2	10.23	1044	0
15.275	62	1	0	261.9	223.8	242.9	230.6	242.9	230.6	246.7	240.2	10.27	1011	0
15.275	62	5	0	236.2	255.1	242.1	231.6	242.1	231.6	246.7	240.2	9.712	1047	0
15.275	62	7	0	237.8	245.4	242.4	231.4	242.4	231.4	246.7	240.2	9.729	1014	0
15.525	63	2	0	0	0	242.1	233.8	242.1	233.8	248.9	244.4	12.57	1039	0
15.525	63	4	0	0	0	242.3	233.8	242.3	233.8	248.9	244.4	12.44	1067	0
15.525	63	0	0	0	0	242.6	233.6	242.6	233.6	248.9	244.4	12.5	1017	0
15.525	63	6	0	0	0	242.8	233.6	242.8	233.6	248.9	244.4	12.38	1043	0
15.525	63	3	0	216.4	253.4	242.1	233.9	242.1	233.9	248.9	244.4	12.52	1056	0
15.525	63	1	0	251.7	233.5	242.3	233.7	242.3	233.7	248.9	244.4	12.55	1023	0
15.525	63	5	0	262.1	232.5	242.6	233.7	242.6	233.7	248.9	244.4	12.39	1059	0
15.525	63	7	0	239.1	244.7	242.8	233.5	242.8	233.5	248.9	244.4	12.43	1026	0
15.775	64	2	0	0	0	242.2	237.1	242.2	237.1	249.5	247	12.26	1051	0
15.775	64	4	0	0	0	242.1	237.3	242.1	237.3	249.5	247	12.13	1079	0
15.775	64	0	0	0	0	242.1	237	242.1	237	249.5	247	12.42	1029	0
15.775	64	6	0	0	0	242	237.2	242	237.2	249.5	247	12.29	1056	0
15.775	64	3	0	248.2	252.7	242.2	237.2	242.2	237.2	249.5	247	12.17	1069	0
15.775	64	1	0	238.1	237.1	242.1	237	242.1	237	249.5	247	12.36	1036	0
15.775	64	5	0	236	245.4	242.1	237.3	242.1	237.3	249.5	247	12.19	1072	0
15.775	64	7	0	242.3	253.1	242	237.1	242	237.1	249.5	247	12.38	1039	0
16.025	65	2	0	0	0	241.7	241.9	241.7	241.9	246.6	252.8	11.98	1063	0
16.025	65	4	0	0	0	242	241.8	242	241.8	246.6	252.8	11.93	1091	0
16.025	65	0	0	0	0	241.5	242	241.5	242	246.6	252.8	12	1041	0
16.025	65	6	0	0	0	241.8	241.9	241.8	241.9	246.6	252.8	11.95	1068	0
16.025	65	3	0	248.7	245.4	241.9	241.9	241.9	241.9	246.6	252.8	11.95	1081	0
16.025	65	1	0	230.1	263.6	241.6	242	241.6	242	246.6	252.8	12	1048	0
16.025	65	5	0	243.3	259.4	242	241.9	242	241.9	246.6	252.8	11.93	1084	0
16.025	65	7	0	241.3	251.3	241.7	241.9	241.7	241.9	246.6	252.8	11.98	1051	0
16.275	66	2	0	0	0	239.1	246.4	239.1	246.4	244.6	259.6	14.33	1077	0
16.275	66	4	0	0	0	238.9	246.8	238.9	246.8	244.6	259.6	14.03	1105	0
16.275	66	0	0	0	0	239.3	246.7	239.3	246.7	244.6	259.6	13.96	1055	0
16.275	66	6	0	0	0	239.1	247.1	239.1	247.1	244.6	259.6	13.67	1081	0
16.275	66	3	0	226.3	250.1	239	246.6	239	246.6	244.6	259.6	14.24	1095	0
16.275	66	1	0	239.9	252.4	239.3	246.5	239.3	246.5	244.6	259.6	14.19	1062	0
16.275	66	5	0	228	271.5	238.9	247.1	238.9	247.1	244.6	259.6	13.8	1097	0
16.275	66	7	0	233	270.4	239.2	247	239.2	247	244.6	259.6	13.76	1064	0
16.525	67	2	0	0	0	240.8	249.8	240.8	249.8	249.4	259.5	12.99	1090	0
16.525	67	4	0	0	0	240.9	250.1	240.9	250.1	249.4	259.5	12.65	1118	0
16.525	67	0	0	0	0	240.8	249.6	240.8	249.6	249.4	259.5	13.12	1068	0
16.525	67	6	0	0	0	240.9	250	240.9	250	249.4	259.5	12.78	1094	0
16.525	67	3	0	255.3	268	240.9	250	240.9	250	249.4	259.5	12.8	1108	0
16.525	67	1	0	233.8	243.4	240.8	249.6	240.8	249.6	249.4	259.5	13.11	1075	0
16.525	67	5	0	238.5	258.5	240.9	250.1	240.9	250.1	249.4	259.5	12.67	1110	0
16.525	67	7	0	258.1	265.5	240.8	249.8	240.8	249.8	249.4	259.5	12.97	1077	0
16.775	68	2	0	0	0	243.9	252.5	243.9	252.5	250.7	261.1	10.96	1101	0
16.775	68	4	0	0	0	243.9	252.3	243.9	252.3	250.7	261.1	11.12	1129	0
16.775	68	0	0	0	0	244.3	252	244.3	252	250.7	261.1	11.18	1079	0
16.775	68	6	0	0	0	244.3	251.7	244.3	251.7	250.7	261.1	11.35	1105	0
16.775	68	3	0	237.8	266.7	243.8	252.5	243.8	252.5	250.7	261.1	11.01	1119	0
16.775	68	1	0	259.2	265.7	244.1	252.3	244.1	252.3	250.7	261.1	11.04	1086	0
16.775	68	5	0	259.2	255.2	244.1	252	244.1	252	250.7	261.1	11.26	1121	0
16.775	68	7	0	258.4	240.2	244.3	251.8	244.3	251.8	250.7	261.1	11.31	1089	0
17.025	69	2	0	0	0	244.9	255.4	244.9	255.4	249.7	267.2	12.75	1114	0
17.025	69	4	0	0	0	245.3	255.8	245.3	255.8	249.7	267.2	12.14	1141	0
17.025	69	0	0	0	0	244.7	255.7	244.7	255.7	249.7	267.2	12.54	1092	0
17.025	69	6	0	0	0	245.1	256.1	245.1	256.1	249.7	267.2	11.92	1117	0
17.025	69	3	0	251.1	259.2	245.1	255.5	245.1	255.5	249.7	267.2	12.48	1131	0
17.025	69	1	0	238.3	252.4	244.7	255.4	244.7	255.4	249.7	267.2	12.74	1099	0
17.025	69	5	0	259	273.8	245.3	256.1	245.3	256.1	249.7	267.2	11.94	1133	0
17.025	69	7	0	239.3	282.6	244.9	256	244.9	256	249.7	267.2	12.2	1101	0
17.275	70	2	0	0	0	248.1	261.8	248.1	261.8	252.9	273.7	12.78	1127	0
17.275	70	4	0	0	0	247.4	262.2	247.4	262.2	252.9	273.7	12.7	1154	0
17.275	70	0	0	0	0	248	261.8	248	261.8	252.9	273.7	12.8	1105	0
17.275	70	6	0	0	0	247.3	262.3	247.3	262.3	252.9	273.7	12.73	1130	0
17.275	70	3	0	255.4	280.2	247.8	262	247.8	262	252.9	273.7	12.73	1144	0
17.275	70	1	0	272	268.1	248.2	261.8	248.2	261.8	252.9	273.7	12.81	1112	0
17.275	70	5	0	238.5	284.4	247.2	262.3	247.2	262.3	252.9	273.7	12.71	1146	0
17.275	70	7	0	254.8	287.5	247.7	262.1	247.7	262.1	252.9	273.7	12.76	1114	0
17.525	71	2	0	0	0	252.2	267.3	252.2	267.3	256.3	277.6	11.03	1138	0
17.525	71	4	0	0	0	252.5	267.6	252.5	267.6	256.3	277.6	10.67	1164	0
17.525	71	0	0	0	0	251.6	267.1	251.6	267.1	256.3	277.6	11.5	1116	0
17.525	71	6	0	0	0	251.9	267.4	251.9	267.4	256.3	277.6	11.12	1141	0
17.525	71	3	0	278.2	286.3	252.5	267.5	252.5	267.5	256.3	277.6	10.78	1155	0
17.525	71	1	0	253.3	274.6	251.9	267.1	251.9	267.1	256.3	277.6	11.32	1123	0
17.525	71	5	0	267.9	285.8	252.3	267.5	252.3	267.5	256.3	277.6	10.83	1157	0
17.525	71	7	0	253.2	280.6	251.7	267.2	251.7	267.2	256.3	277.6	11.38	1125	0
17.775	72	2	0	0	0	252	271.3	252	271.3	256	282.5	11.83	1150	0
17.775	72	4	0	0	0	252	271.5	252	271.5	256	282.5	11.69	1176	0
17.775	72	0	0	0	0	252.2	270.8	252.2	270.8	256	282.5	12.29	1128	0
17.775	72	6	0	0	0	252.1	271	252.1	271	256	282.5	12.13	1153	0
17.775	72	3	0	250.3	296.7	252	271.5	252	271.5	256	282.5	11.69	1166	0
17.775	72	1	0	0	0	252.1	271	252.1	271	256	282.5	12.08	1135	0
17.775	72	5	0	248.7	277.3	252	271.3	252	271.3	256	282.5	11.89	1169	0
17.775	72	7	0	259.4	280.4	252.2	270.8	252.2	270.8	256	282.5	12.28	1137	0
18.025	73	2	0	0	0	253.8	278	253.8	278	254.3	289	11.02	1161	0
18.025	73	4	0	0	0	253.8	279	253.8	279	254.3	289	10.03	1186	0
18.025	73	0	0	0	0	253.3	277.7	253.3	277.7	254.3	289	11.35	1140	0
18.025	73	6	0	0	0	253.4	278.7	253.4	278.7	254.3	289	10.34	1164	0
18.025	73	3	0	268.2	299.4	253.9	278.5	253.9	278.5	254.3	289	10.47	1177	0
18.025	73	1	0	0	0	253.6	277.7	253.6	277.7	254.3	289	11.34	1146	0
18.025	73	5	0	256.3	318.6	253.6	279	253.6	279	254.3	289	10.03	1179	0
18.025	73	7	0	250.3	295.4	253.3	278.1	253.3	278.1	254.3	289	10.89	1148	0
18.275	74	2	0	0	0	255.5	283.3	255.5	283.3	256.1	293.1	9.803	1171	0
18.275	74	4	0	0	0	255.8	283.6	255.8	283.6	256.1	293.1	9.482	1196	0
18.275	74	0	0	0	0	255.2	283	255.2	283	256.1	293.1	10.16	1150	0
18.275	74	6	0	0	0	255.6	283.3	255.6	283.3	256.1	293.1	9.817	1173	0
18.275	74	3	0	262.1	309.5	255.7	283.5	255.7	283.5	256.1	293.1	9.586	1186	0
18.275	74	1	0	0	0	255.3	283.1	255.3	283.1	256.1	293.1	10.03	1156	0
18.275	74	5	0	269.9	292.5	255.7	283.5	255.7	283.5	256.1	293.1	9.6	1188	0
18.275	74	7	0	253.6	303.9	255.3	283.1	255.3	283.1	256.1	293.1	10.04	1158	0
18.525	75	2	0	0	0	258.1	286.3	258.1	286.3	257	292.1	5.832	1176	0
18.525	75	4	0	0	0	258.4	286.8	258.4	286.8	257	292.1	5.458	1201	0
18.525	75	0	0	0	0	258.2	285.8	258.2	285.8	257	292.1	6.413	1156	0
18.525	75	6	0	0	0	258.5	286.3	258.5	286.3	257	292.1	6.022	1179	0
18.525	75	3	0	263.7	302.8	258.2	286.7	258.2	286.7	257	292.1	5.551	1192	0
18.525	75	1	0	0	0	258.1	286	258.1	286	257	292.1	6.185	1163	0
18.525	75	5	0	269.5	304.1	258.5	286.6	258.5	286.6	257	292.1	5.683	1194	0
18.525	75	7	0	275.5	281.1	258.4	285.9	258.4	285.9	257	292.1	6.302	1164	0
18.775	76	2	0	0	0	256.4	288.9	256.4	288.9	258	297.1	8.379	1185	0
18.775	76	4	0	0	0	256.2	289.4	256.2	289.4	258	297.1	7.99	1209	0
18.775	76	0	0	0	0	256.8	288.9	256.8	288.9	258	297.1	8.3	1165	0
18.775	76	6	0	0	0	256.6	289.4	256.6	289.4	258	297.1	7.895	1187	0
18.775	76	3	0	243.7	294.5	256.2	289.1	256.2	289.1	258	297.1	8.197	1200	0
18.775	76	1	0	0	0	256.6	288.9	256.6	288.9	258	297.1	8.401	1171	0
18.775	76	5	0	247.5	305.6	256.4	289.4	256.4	289.4	258	297.1	7.881	1202	0
18.775	76	7	0	261.7	299.8	256.8	289.2	256.8	289.2	258	297.1	8.082	1173	0
19.025	77	2	0	0	0	257.1	291.4	257.1	291.4	258.8	300.5	9.228	1194	0
19.025	77	4	0	0	0	257.2	291.7	257.2	291.7	258.8	300.5	8.924	1218	0
19.025	77	0	0	0	0	257.1	291.5	257.1	291.5	258.8	300.5	9.17	1174	0
19.025	77	6	0	0	0	257.2	291.8	257.2	291.8	258.8	300.5	8.865	1196	0
19.025	77	3	0	257.6	298.1	257.1	291.6	257.1	291.6	258.8	300.5	9.083	1209	0
19.025	77	1	0	0	0	257.1	291.4	257.1	291.4	258.8	300.5	9.248	1180	0
19.025	77	5	0	262.8	301.9	257.2	291.8	257.2	291.8	258.8	300.5	8.848	1211	0
19.025	77	7	0	258.5	303.7	257.2	291.6	257.2	291.6	258.8	300.5	9.006	1182	0
19.275	78	2	0	0	0	258.5	294.4	258.5	294.4	258.7	305.8	11.46	1206	0
19.275	78	4	0	0	0	258.4	295	258.4	295	258.7	305.8	10.85	1229	0
19.275	78	0	0	0	0	258.3	294.8	258.3	294.8	258.7	305.8	11.05	1185	0
19.275	78	6	0	0	0	258.2	295.4	258.2	295.4	258.7	305.8	10.44	1207	0
19.275	78	3	0	270.9	291.9	258.5	294.6	258.5	294.6	258.7	305.8	11.21	1220	0
19.275	78	1	0	0	0	258.4	294.5	258.4	294.5	258.7	305.8	11.35	1192	0
19.275	78	5	0	254.3	318.9	258.3	295.3	258.3	295.3	258.7	305.8	10.55	1221	0
19.275	78	7	0	263.3	313.5	258.2	295.2	258.2	295.2	258.7	305.8	10.68	1192	0
19.525	79	2	0	0	0	256.3	296.1	256.3	296.1	261.2	303.9	9.201	1215	0
19.525	79	4	0	0	0	256.6	296.1	256.6	296.1	261.2	303.9	9.046	1238	0
19.525	79	0	0	0	0	256.5	295.7	256.5	295.7	261.2	303.9	9.388	1194	0
19.525	79	6	0	0	0	256.8	295.7	256.8	295.7	261.2	303.9	9.235	1216	0
19.525	79	3	0	237.8	308.8	256.5	296.1	256.5	296.1	261.2	303.9	9.094	1229	0
19.525	79	1	0	0	0	256.4	295.9	256.4	295.9	261.2	303.9	9.318	1201	0
19.525	79	5	0	268.9	294.1	256.8	295.9	256.8	295.9	261.2	303.9	9.116	1230	0
19.525	79	7	0	241.1	294.4	256.7	295.7	256.7	295.7	261.2	303.9	9.341	1202	0
19.775	80	2	0	0	0	256.5	296.7	256.5	296.7	262.6	302.3	8.214	1223	0
19.775	80	4	0	0	0	256.6	297	256.6	297	262.6	302.3	7.963	1246	0
19.775	80	0	0	0	0	256.1	296.8	256.1	296.8	262.6	302.3	8.477	1203	0
19.775	80	6	0	0	0	256.2	297.1	256.2	297.1	262.6	302.3	8.223	1224	0
19.775	80	3	0	261.8	294.4	256.6	296.9	256.6	296.9	262.6	302.3	8.048	1238	0
19.775	80	1	0	0	0	256.3	296.7	256.3	296.7	262.6	302.3	8.384	1209	0
19.775	80	5	0	258.9	308.6	256.4	297.1	256.4	297.1	262.6	302.3	8.053	1238	0
19.775	80	7	0	240.9	299.1	256.1	297	256.1	297	262.6	302.3	8.39	1210	0
20.025	81	2	0	0	0	258.3	298.1	258.3	298.1	267.4	300.4	9.378	1232	0
20.025	81	4	0	0	0	258.5	298.3	258.5	298.3	267.4	300.4	9.133	1255	0
20.025	81	0	0	0	0	258.4	297.7	258.4	297.7	267.4	300.4	9.432	1212	0
20.025	81	6	0	0	0	258.6	298	258.6	298	267.4	300.4	9.175	1233	0
20.025	81	3	0	263.8	306	258.4	298.2	258.4	298.2	267.4	300.4	9.247	1247	0
20.025	81	1	0	0	0	258.3	297.8	258.3	297.8	267.4	300.4	9.444	1219	0
20.025	81	5	0	266	307.4	258.6	298.2	258.6	298.2	267.4	300.4	9.114	1248	0
20.025	81	7	0	270.8	289.2	258.5	297.8	258.5	297.8	267.4	300.4	9.31	1219	0
20.275	82	2	0	0	0	258.9	297.5	258.9	297.5	271.4	300.8	12.97	1245	0
20.275	82	4	0	0	0	259	297.6	259	297.6	271.4	300.8	12.81	1268	0
20.275	82	0	0	0	0	259.2	298.1	259.2	298.1	271.4	300.8	12.5	1225	0
20.275	82	6	0	0	0	259.3	298.2	259.3	298.2	271.4	300.8	12.35	1246	0
20.275	82	3	0	253.6	283.8	258.9	297.4	258.9	297.4	271.4	300.8	12.96	1260	0
20.275	82	1	0	0	0	259	297.8	259	297.8	271.4	300.8	12.76	1232	0
20.275	82	5	0	264.5	299.4	259.2	297.9	259.2	297.9	271.4	300.8	12.56	1260	0
20.275	82	7	0	269.2	313.7	259.3	298.2	259.3	298.2	271.4	300.8	12.36	1232	0
20.525	83	2	0	0	0	262.1	300.5	262.1	300.5	276.2	300.1	14.1	1259	0
20.525	83	4	0	0	0	262.3	300.7	262.3	300.7	276.2	300.1	13.88	1282	0
20.525	83	0	0	0	0	262	300.6	262	300.6	276.2	300.1	14.15	1239	0
20.525	83	6	0	0	0	262.3	300.8	262.3	300.8	276.2	300.1	13.93	1260	0
20.525	83	3	0	274.7	309.2	262.2	300.6	262.2	300.6	276.2	300.1	13.98	1274	0
20.525	83	1	0	0	0	262	300.5	262	300.5	276.2	300.1	14.16	1246	0
20.525	83	5	0	271.1	308.6	262.3	300.8	262.3	300.8	276.2	300.1	13.87	1274	0
20.525	83	7	0	276	318.4	262.1	300.8	262.1	300.8	276.2	300.1	14.05	1246	0
20.775	84	2	0	0	0	263	303.1	263	303.1	276	303.6	13.04	1272	0
20.775	84	4	0	0	0	263.2	303.2	263.2	303.2	276	303.6	12.8	1294	0
20.775	84	0	0	0	0	263.3	303	263.3	303	276	303.6	12.75	1252	0
20.775	84	6	0	0	0	263.5	303.1	263.5	303.1	276	303.6	12.52	1272	0
20.775	84	3	0	259.1	316.5	263.1	303.2	263.1	303.2	276	303.6	12.96	1287	0
20.775	84	1	0	0	0	263.1	303	263.1	303	276	303.6	12.93	1259	0
20.775	84	5	0	271.8	307.4	263.4	303.2	263.4	303.2	276	303.6	12.63	1287	0
20.775	84	7	0	273.7	313	263.5	303	263.5	303	276	303.6	12.59	1258	0
21.025	85	2	0	0	0	263.8	304.8	263.8	304.8	275.1	304.7	11.33	1284	0
21.025	85	4	0	0	0	264.1	304.6	264.1	304.6	275.1	304.7	11.05	1306	0
21.025	85	0	0	0	0	264.4	304.9	264.4	304.9	275.1	304.7	10.76	1262	0
21.025	85	6	0	0	0	264.7	304.7	264.7	304.7	275.1	304.7	10.49	1283	0
21.025	85	3	0	253.8	314.9	263.9	304.7	263.9	304.7	275.1	304.7	11.27	1298	0
21.025	85	1	0	0	0	264.1	304.8	264.1	304.8	275.1	304.7	11.09	1270	0
21.025	85	5	0	274.6	298.1	264.4	304.6	264.4	304.6	275.1	304.7	10.73	1297	0
21.025	85	7	0	279.2	322.7	264.6	304.8	264.6	304.8	275.1	304.7	10.53	1269	0
21.275	86	2	0	0	0	264.4	304.3	264.4	304.3	277.2	309.2	13.69	1297	0
21.275	86	4	0	0	0	264.3	304.2	264.3	304.2	277.2	309.2	13.8	1319	0
21.275	86	0	0	0	0	264.2	304.5	264.2	304.5	277.2	309.2	13.77	1276	0
21.275	86	6	0	0	0	264.2	304.4	264.2	304.4	277.2	309.2	13.87	1296	0
21.275	86	3	0	270.5	300.4	264.4	304.2	264.4	304.2	277.2	309.2	13.73	1312	0
21.275	86	1	0	0	0	264.3	304.5	264.3	304.5	277.2	309.2	13.71	1283	0
21.275	86	5	0	260.4	300.1	264.2	304.3	264.2	304.3	277.2	309.2	13.85	1311	0
21.275	86	7	0	261.4	310.8	264.2	304.5	264.2	304.5	277.2	309.2	13.83	1283	0
21.525	87	2	0	0	0	266.9	305.8	266.9	305.8	275.5	306.3	8.686	1306	0
21.525	87	4	0	0	0	266.9	306.1	266.9	306.1	275.5	306.3	8.635	1328	0
21.525	87	0	0	0	0	266.9	305.4	266.9	305.4	275.5	306.3	8.673	1285	0
21.525	87	6	0	0	0	266.9	305.7	266.9	305.7	275.5	306.3	8.608	1305	0
21.525	87	3	0	278	313.8	266.9	306	266.9	306	275.5	306.3	8.663	1320	0
21.525	87	1	0	0	0	266.9	305.5	266.9	305.5	275.5	306.3	8.688	1292	0
21.525	87	5	0	268.6	319	266.9	305.9	266.9	305.9	275.5	306.3	8.612	1320	0
21.525	87	7	0	286	295.6	266.9	305.5	266.9	305.5	275.5	306.3	8.637	1291	0
21.775	88	2	0	0	0	268.6	305.1	268.6	305.1	274.2	303.7	5.819	1312	0
21.775	88	4	0	0	0	268.4	305.3	268.4	305.3	274.2	303.7	6.027	1334	0
21.775	88	0	0	0	0	267.9	305.4	267.9	305.4	274.2	303.7	6.59	1291	0
21.775	88	6	0	0	0	267.7	305.6	267.7	305.6	274.2	303.7	6.784	1312	0
21.775	88	3	0	290.9	292.8	268.6	305.2	268.6	305.2	274.2	303.7	5.806	1326	0
21.775	88	1	0	0	0	268.2	305.2	268.2	305.2	274.2	303.7	6.172	1298	0
21.775	88	5	0	262.2	314.1	268.1	305.5	268.1	305.5	274.2	303.7	6.435	1326	0
21.775	88	7	0	261.3	306.2	267.7	305.6	267.7	305.6	274.2	303.7	6.807	1298	0
22.025	89	2	0	0	0	268.7	305.6	268.7	305.6	273.7	307.1	5.182	1317	0
22.025	89	4	0	0	0	268.6	305.5	268.6	305.5	273.7	307.1	5.331	1339	0
22.025	89	0	0	0	0	268.9	305.9	268.9	305.9	273.7	307.1	4.931	1296	0
22.025	89	6	0	0	0	268.8	305.8	268.8	305.8	273.7	307.1	5.087	1317	0
22.025	89	3	0	269.8	304	268.6	305.5	268.6	305.5	273.7	307.1	5.296	1331	0
22.025	89	1	0	0	0	268.8	305.8	268.8	305.8	273.7	307.1	5.031	1303	0
22.025	89	5	0	263.6	301.9	268.7	305.7	268.7	305.7	273.7	307.1	5.231	1331	0
22.025	89	7	0	282.9	318.4	268.9	305.9	268.9	305.9	273.7	307.1	4.972	1303	0
22.275	90	2	0	0	0	269.7	307.8	269.7	307.8	271.1	310.1	2.704	1320	0
22.275	90	4	0	0	0	269.9	308.1	269.9	308.1	271.1	310.1	2.4	1342	0
22.275	90	0	0	0	0	269.5	307.9	269.5	307.9	271.1	310.1	2.704	1299	0
22.275	90	6	0	0	0	269.7	308.2	269.7	308.2	271.1	310.1	2.396	1319	0
22.275	90	3	0	273.9	312.7	269.8	307.9	269.8	307.9	271.1	310.1	2.552	1334	0
22.275	90	1	0	0	0	269.5	307.8	269.5	307.8	271.1	310.1	2.751	1306	0
22.275	90	5	0	278.1	318	269.8	308.2	269.8	308.2	271.1	310.1	2.349	1334	0
22.275	90	7	0	265	320.6	269.5	308.1	269.5	308.1	271.1	310.1	2.55	1306	0
22.525	91	2	0	0	0	268.2	307.4	268.2	307.4	270.4	309.5	2.978	1323	0
22.525	91	4	0	0	0	268.4	307.1	268.4	307.1	270.4	309.5	3.132	1345	0
22.525	91	0	0	0	0	268.6	307.4	268.6	307.4	270.4	309.5	2.71	1302	0
22.525	91	6	0	0	0	268.8	307	268.8	307	270.4	309.5	2.91	1322	0
22.525	91	3	0	251.9	311.5	268.2	307.2	268.2	307.2	270.4	309.5	3.091	1337	0
22.525	91	1	0	0	0	268.4	307.5	268.4	307.5	270.4	309.5	2.816	1309	0
22.525	91	5	0	274.2	291.5	268.6	307	268.6	307	270.4	309.5	3.047	1337	0
22.525	91	7	0	267.7	311.5	268.7	307.2	268.7	307.2	270.4	309.5	2.771	1308	0
22.775	92	2	0	0	0	268.8	307.2	268.8	307.2	273.6	312.6	7.26	1330	0
22.775	92	4	0	0	0	269.1	307.6	269.1	307.6	273.6	312.6	6.747	1352	0
22.775	92	0	0	0	0	269	307.1	269	307.1	273.6	312.6	7.142	1309	0
22.775	92	6	0	0	0	269.4	307.5	269.4	307.5	273.6	312.6	6.627	1329	0
22.775	92	3	0	261.8	300.7	268.9	307.4	268.9	307.4	273.6	312.6	7.02	1344	0
22.775	92	1	0	0	0	268.9	307.1	268.9	307.1	273.6	312.6	7.282	1316	0
22.775	92	5	0	281.3	325.4	269.3	307.6	269.3	307.6	273.6	312.6	6.608	1343	0
22.775	92	7	0	271.4	294.4	269.2	307.3	269.2	307.3	273.6	312.6	6.864	1315	0
23.025	93	2	0	0	0	269.5	310.3	269.5	310.3	277	313.5	8.162	1338	0
23.025	93	4	0	0	0	269.8	310.7	269.8	310.7	277	313.5	7.719	1359	0
23.025	93	0	0	0	0	269.7	309.9	269.7	309.9	277	313.5	8.159	1317	0
23.025	93	6	0	0	0	269.9	310.4	269.9	310.4	277	313.5	7.698	1337	0
23.025	93	3	0	265	323.1	269.6	310.5	269.6	310.5	277	313.5	7.94	1352	0
23.025	93	1	0	0	0	269.5	310	269.5	310	277	313.5	8.232	1324	0
23.025	93	5	0	280.6	327.7	269.9	310.6	269.9	310.6	277	313.5	7.638	1351	0
23.025	93	7	0	271	310.2	269.8	310.1	269.8	310.1	277	313.5	7.924	1323	0
23.275	94	2	0	0	0	270.9	309.8	270.9	309.8	279.3	317.2	11.15	1349	0
23.275	94	4	0	0	0	271.1	309.9	271.1	309.9	279.3	317.2	10.91	1370	0
23.275	94	0	0	0	0	271.2	309.8	271.2	309.8	279.3	317.2	10.9	1328	0
23.275	94	6	0	0	0	271.5	309.9	271.5	309.9	279.3	317.2	10.67	1347	0
23.275	94	3	0	268.8	305.8	271	309.9	271	309.9	279.3	317.2	11.07	1363	0
23.275	94	1	0	0	0	271	309.8	271	309.8	279.3	317.2	11.06	1335	0
23.275	94	5	0	279.3	312.4	271.3	309.9	271.3	309.9	279.3	317.2	10.76	1362	0
23.275	94	7	0	284.9	306.1	271.4	309.9	271.4	309.9	279.3	317.2	10.74	1334	0
23.525	95	2	0	0	0	272.2	312.1	272.2	312.1	283.7	319.3	13.52	1363	0
23.525	95	4	0	0	0	271.8	312.6	271.8	312.6	283.7	319.3	13.58	1384	0
23.525	95	0	0	0	0	271.7	311.9	271.7	311.9	283.7	319.3	14.04	1342	0
23.525	95	6	0	0	0	271.4	312.4	271.4	312.4	283.7	319.3	14.09	1361	0
23.525	95	3	0	290.7	319	272.1	312.4	272.1	312.4	283.7	319.3	13.47	1377	0
23.525	95	1	0	0	0	272	311.9	272	311.9	283.7	319.3	13.77	1349	0
23.525	95	5	0	257.9	329.9	271.6	312.5	271.6	312.5	283.7	319.3	13.84	1376	0
23.525	95	7	0	0	0	271.4	312.1	271.4	312.1	283.7	319.3	14.14	1348	0
23.775	96	2	0	0	0	275.9	314.6	275.9	314.6	288.8	319.5	13.81	1377	0
23.775	96	4	0	289	331	276.4	314.7	276.4	314.7	288.8	319.5	13.26	1397	0
23.775	96	0	0	0	0	275.3	314	275.3	314	288.8	319.5	14.59	1356	0
23.775	96	6	0	0	0	275.9	314	275.9	314	288.8	319.5	13.98	1375	0
23.775	96	3	0	287.2	329.1	276.2	314.8	276.2	314.8	288.8	319.5	13.42	1390	0
23.775	96	1	0	0	0	275.5	314.3	275.5	314.3	288.8	319.5	14.28	1364	0
23.775	96	5	0	292.6	302.3	276.3	314.4	276.3	314.4	288.8	319.5	13.52	1389	0
23.775	96	7	0	0	0	275.5	313.9	275.5	313.9	288.8	319.5	14.4	1362	0
24.025	97	2	0	0	0	276.9	315.9	276.9	315.9	289.6	320.3	13.4	1390	0
24.025	97	4	0	273.3	320.6	276.9	316.3	276.9	316.3	289.6	320.3	13.31	1410	0
24.025	97	0	0	0	0	276.6	315.8	276.6	315.8	289.6	320.3	13.73	1370	0
24.025	97	6	0	0	0	276.6	316.2	276.6	316.2	289.6	320.3	13.62	1389	0
24.025	97	3	0	289.4	315.3	276.9	316.1	276.9	316.1	289.6	320.3	13.3	1403	0
24.025	97	1	0	0	0	276.8	315.7	276.8	315.7	289.6	320.3	13.58	1377	0
24.025	97	5	0	276.1	329.2	276.7	316.3	276.7	316.3	289.6	320.3	13.45	1403	0
24.025	97	7	0	0	0	276.5	315.9	276.5	315.9	289.6	320.3	13.73	1376	0
24.275	98	2	0	0	0	281.1	316.1	281.1	316.1	294.6	321.2	14.44	1405	0
24.275	98	4	0	293.1	323.1	282	316.4	282	316.4	294.6	321.2	13.45	1424	0
24.275	98	0	0	0	0	280.7	316.2	280.7	316.2	294.6	321.2	14.72	1385	0
24.275	98	6	0	0	0	281.7	316.6	281.7	316.6	294.6	321.2	13.67	1403	0
24.275	98	3	0	284.8	306.3	281.6	316.3	281.6	316.3	294.6	321.2	13.9	1417	0
24.275	98	1	0	0	0	280.8	316.1	280.8	316.1	294.6	321.2	14.75	1392	0
24.275	98	5	0	313.7	322.9	282	316.5	282	316.5	294.6	321.2	13.4	1416	0
24.275	98	7	0	0	0	281.2	316.4	281.2	316.4	294.6	321.2	14.23	1390	0
24.525	99	2	0	0	0	285.6	318.6	285.6	318.6	300.4	327.1	17.07	1422	0
24.525	99	4	0	300.6	315.8	286.3	319	286.3	319	300.4	327.1	16.31	1440	0
24.525	99	0	0	0	0	285	318.4	285	318.4	300.4	327.1	17.72	1403	0
24.525	99	6	0	0	0	285.7	318.8	285.7	318.8	300.4	327.1	16.9	1420	0
24.525	99	3	0	297.8	329.8	286	318.8	286	318.8	300.4	327.1	16.59	1434	0
24.525	99	1	0	0	0	285.2	318.4	285.2	318.4	300.4	327.1	17.52	1409	0
24.525	99	5	0	300.9	334.7	286.1	318.9	286.1	318.9	300.4	327.1	16.48	1433	0
24.525	99	7	0	0	0	285.3	318.5	285.3	318.5	300.4	327.1	17.4	1408	0
24.775	100	2	0	0	0	287.8	321.1	287.8	321.1	303.3	330.2	18	1440	0
24.775	100	4	0	299.4	330.2	288.1	321.5	288.1	321.5	303.3	330.2	17.5	1458	0
24.775	100	0	0	0	0	287.4	320.7	287.4	320.7	303.3	330.2	18.5	1421	0
24.775	100	6	0	0	0	287.8	321.2	287.8	321.2	303.3	330.2	17.96	1437	0
24.775	100	3	0	293.2	326.2	288	321.3	288	321.3	303.3	330.2	17.67	1451	0
24.775	100	1	0	0	0	287.5	320.8	287.5	320.8	303.3	330.2	18.33	1428	0
24.775	100	5	0	291.4	331.4	288	321.4	288	321.4	303.3	330.2	17.65	1450	0
24.775	100	7	0	0	0	287.5	320.9	287.5	320.9	303.3	330.2	18.3	1426	0
25.025	101	2	0	0	0	292.2	323.9	292.2	323.9	306.8	334	17.75	1457	0
25.025	101	4	0	316.2	332.9	292.8	324.1	292.8	324.1	306.8	334	17.16	1475	0
25.025	101	0	0	0	0	291.5	323.3	291.5	323.3	306.8	334	18.72	1440	0
25.025	101	6	0	0	0	292.2	323.5	292.2	323.5	306.8	334	18.06	1456	0
25.025	101	3	0	303.1	341.2	292.6	324.1	292.6	324.1	306.8	334	17.31	1469	0
25.025	101	1	0	0	0	291.8	323.6	291.8	323.6	306.8	334	18.33	1446	0
25.025	101	5	0	300.2	322.2	292.6	323.8	292.6	323.8	306.8	334	17.51	1468	0
25.025	101	7	0	0	0	291.7	323.3	291.7	323.3	306.8	334	18.53	1445	0
25.275	102	2	0	0	0	296.8	325.4	296.8	325.4	306.7	332.3	12.08	1469	0
25.275	102	4	0	308.9	326.1	297.7	325.8	297.7	325.8	306.7	332.3	11.19	1486	0
25.275	102	0	0	0	0	296.3	325.3	296.3	325.3	306.7	332.3	12.65	1453	0
25.275	102	6	0	0	0	297.2	325.6	297.2	325.6	306.7	332.3	11.7	1467	0
25.275	102	3	0	307.6	330.1	297.3	325.6	297.3	325.6	306.7	332.3	11.55	1480	0
25.275	102	1	0	0	0	296.4	325.3	296.4	325.3	306.7	332.3	12.51	1459	0
25.275	102	5	0	323	339	297.6	325.8	297.6	325.8	306.7	332.3	11.3	1479	0
25.275	102	7	0	0	0	296.6	325.4	296.6	325.4	306.7	332.3	12.25	1457	0
25.525	103	2	0	0	0	300.9	326	300.9	326	307.6	332.2	9.135	1479	0
25.525	103	4	0	318.1	326.9	301.4	326.4	301.4	326.4	307.6	332.2	8.481	1494	0
25.525	103	0	0	0	0	300.2	326.2	300.2	326.2	307.6	332.2	9.559	1462	0
25.525	103	6	0	0	0	300.7	326.6	300.7	326.6	307.6	332.2	8.859	1476	0
25.525	103	3	0	314.9	317.9	301.3	326.2	301.3	326.2	307.6	332.2	8.746	1489	0
25.525	103	1	0	0	0	300.5	326	300.5	326	307.6	332.2	9.448	1468	0
25.525	103	5	0	306.9	342.6	301.2	326.6	301.2	326.6	307.6	332.2	8.561	1488	0
25.525	103	7	0	0	0	300.4	326.4	300.4	326.4	307.6	332.2	9.27	1466	0
25.775	104	2	0	0	0	304.7	327.9	304.7	327.9	305.9	329.4	1.969	1481	0
25.775	104	4	0	329.9	320.3	305.6	327.9	305.6	327.9	305.9	329.4	1.582	1496	0
25.775	104	0	0	0	0	304.3	327.6	304.3	327.6	305.9	329.4	2.489	1465	0
25.775	104	6	0	0	0	305.2	327.6	305.2	327.6	305.9	329.4	1.961	1478	0
25.775	104	3	0	303.7	344.3	305.2	327.9	305.2	327.9	305.9	329.4	1.664	1491	0
25.775	104	1	0	0	0	304.4	327.7	304.4	327.7	305.9	329.4	2.321	1470	0
25.775	104	5	0	322	333.6	305.5	327.8	305.5	327.8	305.9	329.4	1.721	1489	0
25.775	104	7	0	0	0	304.7	327.6	304.7	327.6	305.9	329.4	2.264	1468	0
26.025	105	2	0	0	0	306	326.5	306	326.5	305	329	2.737	1483	0
26.025	105	4	0	320.1	312.7	306.5	326.1	306.5	326.1	305	329	3.313	1499	0
26.025	105	0	0	0	0	306	326.5	306	326.5	305	329	2.677	1467	0
26.025	105	6	0	0	0	306.5	326.1	306.5	326.1	305	329	3.276	1481	0
26.025	105	3	0	297.3	333.1	306.3	326.2	306.3	326.2	305	329	3.034	1494	0
26.025	105	1	0	0	0	305.9	326.6	305.9	326.6	305	329	2.615	1473	0
26.025	105	5	0	313.8	318.6	306.6	326	306.6	326	305	329	3.384	1493	0
26.025	105	7	0	0	0	306.2	326.3	306.2	326.3	305	329	2.971	1471	0
26.275	106	2	0	0	0	306.6	328	306.6	328	309.6	329.2	3.235	1487	0
26.275	106	4	0	305	331	306.7	328.5	306.7	328.5	309.6	329.2	2.982	1502	0
26.275	106	0	0	0	0	306.5	328	306.5	328	309.6	329.2	3.242	1470	0
26.275	106	6	0	0	0	306.6	328.6	306.6	328.6	309.6	329.2	2.989	1484	0
26.275	106	3	0	308.5	323.9	306.6	328.2	306.6	328.2	309.6	329.2	3.096	1497	0
26.275	106	1	0	0	0	306.5	327.9	306.5	327.9	309.6	329.2	3.287	1476	0
26.275	106	5	0	310.3	350.8	306.7	328.6	306.7	328.6	309.6	329.2	2.955	1496	0
26.275	106	7	0	0	0	306.6	328.3	306.6	328.3	309.6	329.2	3.104	1475	0
26.525	107	2	0	0	0	307.2	325.8	307.2	325.8	312.4	327.1	5.273	1492	0
26.525	107	4	0	315.8	318.6	307.5	325.5	307.5	325.5	312.4	327.1	5.072	1507	0
26.525	107	0	0	0	0	307.3	326.1	307.3	326.1	312.4	327.1	5.186	1476	0
26.525	107	6	0	0	0	307.6	325.8	307.6	325.8	312.4	327.1	4.959	1489	0
26.525	107	3	0	300.5	319.6	307.4	325.6	307.4	325.6	312.4	327.1	5.182	1502	0
26.525	107	1	0	0	0	307.2	326	307.2	326	312.4	327.1	5.266	1481	0
26.525	107	5	0	313.9	314.3	307.6	325.6	307.6	325.6	312.4	327.1	4.986	1501	0
26.525	107	7	0	0	0	307.4	326	307.4	326	312.4	327.1	5.051	1480	0
26.775	108	2	0	0	0	310	324.7	310	324.7	315.7	326	5.792	1498	0
26.775	108	4	0	323.6	320.2	310.5	324.5	310.5	324.5	315.7	326	5.423	1513	0
26.775	108	0	0	0	0	309.7	324.9	309.7	324.9	315.7	326	6.122	1482	0
26.775	108	6	0	0	0	310.1	324.7	310.1	324.7	315.7	326	5.713	1495	0
26.775	108	3	0	315.2	322.6	310.3	324.6	310.3	324.6	315.7	326	5.557	1508	0
26.775	108	1	0	0	0	309.8	324.8	309.8	324.8	315.7	326	6.018	1488	0
26.775	108	5	0	317.7	320.5	310.4	324.6	310.4	324.6	315.7	326	5.508	1506	0
26.775	108	7	0	0	0	309.8	324.8	309.8	324.8	315.7	326	5.962	1486	0
27.025	109	2	0	0	0	312.2	324.7	312.2	324.7	322.3	326.1	10.18	1508	0
27.025	109	4	0	310.8	332.5	312.7	324.6	312.7	324.6	322.3	326.1	9.71	1523	0
27.025	109	0	0	0	0	312	324.6	312	324.6	322.3	326.1	10.33	1492	0
27.025	109	6	0	0	0	312.6	324.5	312.6	324.5	322.3	326.1	9.837	1505	0
27.025	109	3	0	317.1	323.8	312.4	324.7	312.4	324.7	322.3	326.1	9.92	1518	0
27.025	109	1	0	0	0	312	324.7	312	324.7	322.3	326.1	10.33	1498	0
27.025	109	5	0	333.1	315.7	312.7	324.5	312.7	324.5	322.3	326.1	9.701	1516	0
27.025	109	7	0	0	0	312.3	324.5	312.3	324.5	322.3	326.1	10.1	1496	0
27.275	110	2	0	0	0	313.2	325	313.2	325	320.2	328.2	7.692	1515	0
27.275	110	4	0	299.1	341.6	313.2	325.3	313.2	325.3	320.2	328.2	7.613	1530	0
27.275	110	0	0	0	0	313	325	313	325	320.2	328.2	7.837	1500	0
27.275	110	6	0	0	0	313	325.4	313	325.4	320.2	328.2	7.753	1513	0
27.275	110	3	0	329.2	311.3	313.2	325.1	313.2	325.1	320.2	328.2	7.629	1525	0
27.275	110	1	0	0	0	313.1	325	313.1	325	320.2	328.2	7.777	1506	0
27.275	110	5	0	319.3	328	313.1	325.4	313.1	325.4	320.2	328.2	7.671	1524	0
27.275	110	7	0	0	0	313	325.2	313	325.2	320.2	328.2	7.815	1503	0
27.525	111	2	0	0	0	313.9	326.1	313.9	326.1	318.5	328.8	5.333	1521	0
27.525	111	4	0	321.2	322.9	314	326	314	326	318.5	328.8	5.278	1535	0
27.525	111	0	0	0	0	313.8	325.8	313.8	325.8	318.5	328.8	5.601	1506	0
27.525	111	6	0	0	0	313.9	325.7	313.9	325.7	318.5	328.8	5.538	1518	0
27.525	111	3	0	313.8	339.3	314	326.1	314	326.1	318.5	328.8	5.266	1530	0
27.525	111	1	0	0	0	313.8	326	313.8	326	318.5	328.8	5.474	1511	0
27.525	111	5	0	314.3	322.7	314	325.8	314	325.8	318.5	328.8	5.397	1529	0
27.525	111	7	0	0	0	313.8	325.7	313.8	325.7	318.5	328.8	5.612	1509	0
27.775	112	2	0	0	0	314.5	330.3	314.5	330.3	319.5	333.3	5.905	1527	0
27.775	112	4	0	309.2	352.3	314.8	331	314.8	331	319.5	333.3	5.277	1541	0
27.775	112	0	0	0	0	314.6	329.7	314.6	329.7	319.5	333.3	6.111	1512	0
27.775	112	6	0	0	0	314.9	330.5	314.9	330.5	319.5	333.3	5.403	1524	0
27.775	112	3	0	311.9	337.2	314.6	330.7	314.6	330.7	319.5	333.3	5.56	1536	0
27.775	112	1	0	0	0	314.5	329.9	314.5	329.9	319.5	333.3	6.111	1517	0
27.775	112	5	0	332.2	345.7	314.9	330.9	314.9	330.9	319.5	333.3	5.236	1534	0
27.775	112	7	0	0	0	314.8	330	314.8	330	319.5	333.3	5.778	1515	0
28.025	113	2	0	0	0	315.6	332.9	315.6	332.9	318.8	335.1	3.832	1531	0
28.025	113	4	0	312.8	333.5	315.9	333	315.9	333	318.8	335.1	3.581	1544	0
28.025	113	0	0	0	0	315.6	332.3	315.6	332.3	318.8	335.1	4.214	1516	0
28.025	113	6	0	0	0	315.9	332.4	315.9	332.4	318.8	335.1	3.946	1527	0
28.025	113	3	0	318.4	353.4	315.8	333	315.8	333	318.8	335.1	3.653	1540	0
28.025	113	1	0	0	0	315.6	332.6	315.6	332.6	318.8	335.1	4.055	1521	0
28.025	113	5	0	327.4	333.9	315.9	332.7	315.9	332.7	318.8	335.1	3.715	1538	0
28.025	113	7	0	0	0	315.8	332.3	315.8	332.3	318.8	335.1	4.143	1519	0
28.275	114	2	0	0	0	315.9	334.7	315.9	334.7	321.1	337.8	6.051	1537	0
28.275	114	4	0	315.6	340.2	316	334.8	316	334.8	321.1	337.8	5.932	1550	0
28.275	114	0	0	0	0	315.9	334.2	315.9	334.2	321.1	337.8	6.289	1522	0
28.275	114	6	0	0	0	316	334.3	316	334.3	321.1	337.8	6.156	1534	0
28.275	114	3	0	314.2	348.8	315.9	334.8	315.9	334.8	321.1	337.8	5.959	1546	0
28.275	114	1	0	0	0	315.9	334.5	315.9	334.5	321.1	337.8	6.184	1527	0
28.275	114	5	0	320.1	332.3	316	334.5	316	334.5	321.1	337.8	6.019	1544	0
28.275	114	7	0	0	0	316	334.2	316	334.2	321.1	337.8	6.262	1525	0
28.525	115	2	0	0	0	315.1	337.7	315.1	337.7	326.4	344.6	13.18	1550	0
28.525	115	4	0	313.8	362.1	314.9	338.4	314.9	338.4	326.4	344.6	13.05	1563	0
28.525	115	0	0	0	0	315.1	337.2	315.1	337.2	326.4	344.6	13.42	1536	0
28.525	115	6	0	0	0	314.9	337.9	314.9	337.9	326.4	344.6	13.26	1547	0
28.525	115	3	0	0	0	315	338.2	315	338.2	326.4	344.6	13.08	1559	0
28.525	115	1	0	0	0	315.2	337.4	315.2	337.4	326.4	344.6	13.33	1541	0
28.525	115	5	0	306.4	346	314.9	338.3	314.9	338.3	326.4	344.6	13.13	1557	0
28.525	115	7	0	0	0	315	337.5	315	337.5	326.4	344.6	13.37	1539	0
28.775	116	2	0	0	0	315.7	337.3	315.7	337.3	329.4	346.4	16.47	1566	0
28.775	116	4	0	317.8	330.6	315.9	337.3	315.9	337.3	329.4	346.4	16.33	1580	0
28.775	116	0	0	0	0	315.7	337.4	315.7	337.4	329.4	346.4	16.46	1552	0
28.775	116	6	0	0	0	315.9	337.3	315.9	337.3	329.4	346.4	16.32	1563	0
28.775	116	3	0	0	0	315.8	337.3	315.8	337.3	329.4	346.4	16.4	1575	0
28.775	116	1	0	0	0	315.7	337.3	315.7	337.3	329.4	346.4	16.49	1557	0
28.775	116	5	0	322.1	339.1	315.9	337.3	315.9	337.3	329.4	346.4	16.31	1573	0
28.775	116	7	0	0	0	315.8	337.4	315.8	337.4	329.4	346.4	16.38	1555	0
29.025	117	2	0	0	0	317.8	337.9	317.8	337.9	328.3	346	13.21	1579	0
29.025	117	4	0	331	336.1	318.3	338.2	318.3	338.2	328.3	346	12.72	1592	0
29.025	117	0	0	0	0	317.6	338	317.6	338	328.3	346	13.39	1565	0
29.025	117	6	0	0	0	318	338.2	318	338.2	328.3	346	12.88	1576	0
29.025	117	3	0	0	0	318.1	338	318.1	338	328.3	346	12.94	1588	0
29.025	117	1	0	0	0	317.6	337.9	317.6	337.9	328.3	346	13.38	1571	0
29.025	117	5	0	325.5	348.2	318.2	338.2	318.2	338.2	328.3	346	12.72	1586	0
29.025	117	7	0	0	0	317.8	338.1	317.8	338.1	328.3	346	13.16	1568	0
29.275	118	2	0	0	0	319	340.4	319	340.4	329.1	352.8	15.98	1595	0
29.275	118	4	0	329	363	319.2	340.9	319.2	340.9	329.1	352.8	15.45	1608	0
29.275	118	0	0	0	0	318.7	340	318.7	340	329.1	352.8	16.47	1582	0
29.275	118	6	0	0	0	319	340.5	319	340.5	329.1	352.8	15.91	1592	0
29.275	118	3	0	0	0	319.1	340.7	319.1	340.7	329.1	352.8	15.64	1604	0
29.275	118	1	0	0	0	318.8	340.1	318.8	340.1	329.1	352.8	16.31	1587	0
29.275	118	5	0	0	0	319.1	340.8	319.1	340.8	329.1	352.8	15.59	1602	0
29.275	118	7	0	0	0	318.8	340.2	318.8	340.2	329.1	352.8	16.27	1584	0
29.525	119	2	0	0	0	320.6	341.7	320.6	341.7	328.9	351.3	12.74	1608	0
29.525	119	4	0	329.3	346.7	321.1	342	321.1	342	328.9	351.3	12.19	1620	0
29.525	119	0	0	0	0	320.5	341.5	320.5	341.5	328.9	351.3	12.96	1595	0
29.525	119	6	0	0	0	320.9	341.9	320.9	341.9	328.9	351.3	12.4	1604	0
29.525	119	3	0	0	0	320.9	341.9	320.9	341.9	328.9	351.3	12.43	1616	0
29.525	119	1	0	0	0	320.5	341.6	320.5	341.6	328.9	351.3	12.94	1600	0
29.525	119	5	0	330.1	350.5	321	342	321	342	328.9	351.3	12.21	1614	0
29.525	119	7	0	0	0	320.7	341.7	320.7	341.7	328.9	351.3	12.71	1597	0
29.775	120	2	0	0	0	322.2	342.8	322.2	342.8	333	354.8	16.14	1624	0
29.775	120	4	0	336.1	352.7	322.5	343.1	322.5	343.1	333	354.8	15.74	1636	0
29.775	120	0	0	0	0	321.9	342.6	321.9	342.6	333	354.8	16.49	1611	0
29.775	120	6	0	0	0	322.3	342.9	322.3	342.9	333	354.8	16.08	1620	0
29.775	120	3	0	0	0	322.4	343	322.4	343	333	354.8	15.88	1632	0
29.775	120	1	0	0	0	322	342.7	322	342.7	333	354.8	16.38	1616	0
29.775	120	5	0	0	0	322.5	343	322.5	343	333	354.8	15.85	1630	0
29.775	120	7	0	0	0	322	342.7	322	342.7	333	354.8	16.34	1613	0
30.025	121	2	0	0	0	321.8	345.1	321.8	345.1	332.5	351.9	12.69	1637	0
30.025	121	4	0	317.9	366.5	321.8	345.5	321.8	345.5	332.5	351.9	12.48	1648	0
30.025	121	0	0	0	0	321.9	344.6	321.9	344.6	332.5	351.9	12.89	1624	0
30.025	121	6	0	0	0	321.8	345.1	321.8	345.1	332.5	351.9	12.67	1633	0
30.025	121	3	0	0	0	321.8	345.4	321.8	345.4	332.5	351.9	12.55	1644	0
30.025	121	1	0	0	0	321.9	344.8	321.9	344.8	332.5	351.9	12.82	1629	0
30.025	121	5	0	0	0	321.8	345.4	321.8	345.4	332.5	351.9	12.54	1642	0
30.025	121	7	0	0	0	321.9	344.8	321.9	344.8	332.5	351.9	12.81	1626	0
30.275	122	2	0	0	0	324.1	345.8	324.1	345.8	337.1	349.8	13.58	1651	0
30.275	122	4	0	346.2	353.1	324.6	346	324.6	346	337.1	349.8	13.09	1661	0
30.275	122	0	0	0	0	323.7	345.7	323.7	345.7	337.1	349.8	14.05	1638	0
30.275	122	6	0	0	0	324.2	345.9	324.2	345.9	337.1	349.8	13.54	1647	0
30.275	122	3	0	0	0	324.4	346	324.4	346	337.1	349.8	13.26	1658	0
30.275	122	1	0	0	0	323.8	345.7	323.8	345.7	337.1	349.8	13.89	1643	0
30.275	122	5	0	0	0	324.4	346	324.4	346	337.1	349.8	13.24	1655	0
30.275	122	7	0	0	0	323.9	345.7	323.9	345.7	337.1	349.8	13.87	1640	0
30.525	123	2	0	0	0	324.6	346	324.6	346	336.9	351	13.32	1664	0
30.525	123	4	0	328.5	347.4	324.7	346.1	324.7	346.1	336.9	351	13.18	1674	0
30.525	123	0	0	0	0	324.4	346	324.4	346	336.9	351	13.45	1652	0
30.525	123	6	0	0	0	324.6	346	324.6	346	336.9	351	13.31	1660	0
30.525	123	3	0	0	0	324.6	346	324.6	346	336.9	351	13.23	1671	0
30.525	123	1	0	0	0	324.5	346	324.5	346	336.9	351	13.4	1656	0
30.525	123	5	0	0	0	324.7	346	324.7	346	336.9	351	13.22	1669	0
30.525	123	7	0	0	0	324.5	346	324.5	346	336.9	351	13.4	1654	0
30.775	124	2	0	0	0	325.8	346.9	325.8	346.9	334.3	353.7	10.89	1675	0
30.775	124	4	0	337.8	355.7	326.1	347.1	326.1	347.1	334.3	353.7	10.57	1685	0
30.775	124	0	0	0	0	325.6	346.8	325.6	346.8	334.3	353.7	11.2	1663	0
30.775	124	6	0	0	0	325.8	346.9	325.8	346.9	334.3	353.7	10.87	1671	0
30.775	124	3	0	0	0	326	347.1	326	347.1	334.3	353.7	10.69	1682	0
30.775	124	1	0	0	0	325.7	346.8	325.7	346.8	334.3	353.7	11.1	1667	0
30.775	124	5	0	0	0	326	347.1	326	347.1	334.3	353.7	10.67	1679	0
30.775	124	7	0	0	0	325.7	346.8	325.7	346.8	334.3	353.7	11.08	1665	0
31.025	125	2	0	0	0	327	347	327	347	340.8	357.2	17.14	1692	0
31.025	125	4	0	337.8	347.9	327.2	347.1	327.2	347.1	340.8	357.2	16.92	1702	0
31.025	125	0	0	0	0	326.7	347	326.7	347	340.8	357.2	17.35	1680	0
31.025	125	6	0	0	0	327	347	327	347	340.8	357.2	17.12	1688	0
31.025	125	3	0	0	0	327.1	347.1	327.1	347.1	340.8	357.2	16.99	1699	0
31.025	125	1	0	0	0	326.8	347	326.8	347	340.8	357.2	17.28	1685	0
31.025	125	5	0	0	0	327.1	347.1	327.1	347.1	340.8	357.2	16.98	1696	0
31.025	125	7	0	0	0	326.8	347	326.8	347	340.8	357.2	17.27	1682	0
31.275	126	2	0	0	0	329	347.4	329	347.4	342.9	355.3	16.02	1708	0
31.275	126	4	0	348.2	351.1	329.4	347.5	329.4	347.5	342.9	355.3	15.61	1718	0
31.275	126	0	0	0	0	328.6	347.3	328.6	347.3	342.9	355.3	16.41	1697	0
31.275	126	6	0	0	0	329	347.4	329	347.4	342.9	355.3	15.99	1704	0
31.275	126	3	0	0	0	329.3	347.5	329.3	347.5	342.9	355.3	15.75	1714	0
31.275	126	1	0	0	0	328.7	347.4	328.7	347.4	342.9	355.3	16.28	1701	0
31.275	126	5	0	0	0	329.3	347.5	329.3	347.5	342.9	355.3	15.73	1712	0
31.275	126	7	0	0	0	328.7	347.4	328.7	347.4	342.9	355.3	16.26	1698	0
31.525	127	2	0	0	0	331.1	346.8	331.1	346.8	347.3	355.6	18.46	1726	0
31.525	127	4	0	351	341.1	331.5	346.7	331.5	346.7	347.3	355.6	18.11	1736	0
31.525	127	0	0	0	0	330.7	346.9	330.7	346.9	347.3	355.6	18.79	1716	0
31.525	127	6	0	0	0	331.1	346.8	331.1	346.8	347.3	355.6	18.43	1722	0
31.525	127	3	0	0	0	331.4	346.7	331.4	346.7	347.3	355.6	18.23	1733	0
31.525	127	1	0	0	0	330.8	346.9	330.8	346.9	347.3	355.6	18.68	1720	0
31.525	127	5	0	0	0	331.4	346.7	331.4	346.7	347.3	355.6	18.22	1730	0
31.525	127	7	0	0	0	330.8	346.9	330.8	346.9	347.3	355.6	18.66	1717	0
31.775	128	2	0	0	0	333.1	348.1	333.1	348.1	350.3	362.3	22.29	1749	0
31.775	128	4	0	352.3	360.5	333.6	348.4	333.6	348.4	350.3	362.3	21.79	1757	0
31.775	128	0	0	0	0	332.7	347.9	332.7	347.9	350.3	362.3	22.76	1738	0
31.775	128	6	0	0	0	333.1	348.1	333.1	348.1	350.3	362.3	22.25	1745	0
31.775	128	3	0	0	0	333.4	348.3	333.4	348.3	350.3	362.3	21.96	1755	0
31.775	128	1	0	0	0	332.8	348	332.8	348	350.3	362.3	22.6	1742	0
31.775	128	5	0	0	0	333.4	348.3	333.4	348.3	350.3	362.3	21.94	1752	0
31.775	128	7	0	0	0	332.9	348	332.9	348	350.3	362.3	22.58	1739	0
32.025	129	2	0	0	0	336.4	350.6	336.4	350.6	357.3	360.5	23.17	1772	0
32.025	129	4	0	367.2	373.8	337	351.1	337	351.1	357.3	360.5	22.34	1780	0
32.025	129	0	0	0	0	335.7	350.1	335.7	350.1	357.3	360.5	23.97	1762	0
32.025	129	6	0	0	0	336.4	350.6	336.4	350.6	357.3	360.5	23.11	1768	0
32.025	129	3	0	0	0	336.8	350.9	336.8	350.9	357.3	360.5	22.63	1777	0
32.025	129	1	0	0	0	335.9	350.2	335.9	350.2	357.3	360.5	23.7	1766	0
32.025	129	5	0	0	0	336.8	350.9	336.8	350.9	357.3	360.5	22.59	1775	0
32.025	129	7	0	0	0	336	350.3	336	350.3	357.3	360.5	23.66	1763	0
32.275	130	2	0	0	0	339	350.3	339	350.3	355.9	357.8	18.46	1790	0
32.275	130	4	0	363.8	347.9	339.6	350.3	339.6	350.3	355.9	357.8	17.93	1798	0
32.275	130	0	0	0	0	338.4	350.3	338.4	350.3	355.9	357.8	18.97	1781	0
32.275	130	6	0	0	0	339	350.3	339	350.3	355.9	357.8	18.42	1786	0
32.275	130	3	0	0	0	339.4	350.3	339.4	350.3	355.9	357.8	18.11	1795	0
32.275	130	1	0	0	0	338.6	350.3	338.6	350.3	355.9	357.8	18.79	1785	0
32.275	130	5	0	0	0	339.4	350.3	339.4	350.3	355.9	357.8	18.09	1793	0
32.275	130	7	0	0	0	338.6	350.3	338.6	350.3	355.9	357.8	18.77	1782	0
32.525	131	2	0	0	0	340.8	350.9	340.8	350.9	357	363.2	20.38	1811	0
32.525	131	4	0	357.5	356.8	341.2	351.1	341.2	351.1	357	363.2	19.98	1818	0
32.525	131	0	0	0	0	340.4	350.8	340.4	350.8	357	363.2	20.76	1802	0
32.525	131	6	0	0	0	340.8	351	340.8	351	357	363.2	20.35	1807	0
32.525	131	3	0	0	0	341	351	341	351	357	363.2	20.12	1815	0
32.525	131	1	0	0	0	340.5	350.9	340.5	350.9	357	363.2	20.63	1805	0
32.525	131	5	0	0	0	341	351	341	351	357	363.2	20.1	1813	0
32.525	131	7	0	0	0	340.5	350.9	340.5	350.9	357	363.2	20.61	1802	0
32.775	132	2	0	0	0	342.3	351.9	342.3	351.9	359	362.2	19.68	1830	0
32.775	132	4	0	356.9	360.5	342.6	352	342.6	352	359	362.2	19.29	1837	0
32.775	132	0	0	0	0	342	351.7	342	351.7	359	362.2	20.05	1822	0
32.775	132	6	0	0	0	342.3	351.9	342.3	351.9	359	362.2	19.65	1826	0
32.775	132	3	0	0	0	342.5	352	342.5	352	359	362.2	19.42	1835	0
32.775	132	1	0	0	0	342.1	351.7	342.1	351.7	359	362.2	19.92	1825	0
32.775	132	5	0	0	0	342.5	352	342.5	352	359	362.2	19.4	1832	0
32.775	132	7	0	0	0	342.1	351.7	342.1	351.7	359	362.2	19.91	1822	0
33.025	133	2	0	0	0	344.4	353.8	344.4	353.8	362.9	363.6	20.95	1851	0
33.025	133	4	0	363.8	372.1	344.8	354.2	344.8	354.2	362.9	363.6	20.38	1857	0
33.025	133	0	0	0	0	343.9	353.4	343.9	353.4	362.9	363.6	21.5	1844	0
33.025	133	6	0	0	0	344.4	353.8	344.4	353.8	362.9	363.6	20.9	1847	0
33.025	133	3	0	0	0	344.6	354	344.6	354	362.9	363.6	20.58	1855	0
33.025	133	1	0	0	0	344.1	353.5	344.1	353.5	362.9	363.6	21.31	1847	0
33.025	133	5	0	0	0	344.7	354.1	344.7	354.1	362.9	363.6	20.55	1853	0
33.025	133	7	0	0	0	344.1	353.5	344.1	353.5	362.9	363.6	21.28	1844	0
33.275	134	2	0	0	0	346	355.2	346	355.2	367.3	363	22.7	1874	0
33.275	134	4	0	361.4	368.6	346.3	355.5	346.3	355.5	367.3	363	22.25	1880	0
33.275	134	0	0	0	0	345.6	354.9	345.6	354.9	367.3	363	23.13	1867	0
33.275	134	6	0	0	0	346	355.2	346	355.2	367.3	363	22.67	1870	0
33.275	134	3	0	0	0	346.2	355.4	346.2	355.4	367.3	363	22.41	1878	0
33.275	134	1	0	0	0	345.7	355	345.7	355	367.3	363	22.98	1870	0
33.275	134	5	0	0	0	346.2	355.4	346.2	355.4	367.3	363	22.39	1875	0
33.275	134	7	0	0	0	345.8	355	345.8	355	367.3	363	22.96	1867	0
33.525	135	2	0	0	0	348.2	355.5	348.2	355.5	364.8	361	17.47	1891	0
33.525	135	4	0	368.9	358.7	348.6	355.6	348.6	355.6	364.8	361	17	1897	0
33.525	135	0	0	0	0	347.7	355.4	347.7	355.4	364.8	361	17.92	1885	0
33.525	135	6	0	0	0	348.2	355.5	348.2	355.5	364.8	361	17.44	1887	0
33.525	135	3	0	0	0	348.5	355.6	348.5	355.6	364.8	361	17.17	1895	0
33.525	135	1	0	0	0	347.9	355.5	347.9	355.5	364.8	361	17.77	1887	0
33.525	135	5	0	0	0	348.5	355.6	348.5	355.6	364.8	361	17.14	1893	0
33.525	135	7	0	0	0	347.9	355.5	347.9	355.5	364.8	361	17.75	1884	0
33.775	136	2	0	0	0	348.5	356.9	348.5	356.9	367.4	359.6	19.16	1911	0
33.775	136	4	0	351.1	369.4	348.6	357.1	348.6	357.1	367.4	359.6	19.03	1916	0
33.775	136	0	0	0	0	348.4	356.6	348.4	356.6	367.4	359.6	19.29	1904	0
33.775	136	6	0	0	0	348.5	356.9	348.5	356.9	367.4	359.6	19.15	1906	0
33.775	136	3	0	0	0	348.5	357	348.5	357	367.4	359.6	19.07	1914	0
33.775	136	1	0	0	0	348.4	356.7	348.4	356.7	367.4	359.6	19.25	1907	0
33.775	136	5	0	0	0	348.5	357	348.5	357	367.4	359.6	19.07	1912	0
33.775	136	7	0	0	0	348.4	356.7	348.4	356.7	367.4	359.6	19.24	1904	0
34.025	137	2	0	0	0	350.3	356.1	350.3	356.1	373.9	357	23.65	1934	0
34.025	137	4	0	368	348.6	350.7	356	350.7	356	373.9	357	23.28	1939	0
34.025	137	0	0	0	0	349.9	356.2	349.9	356.2	373.9	357	24.01	1928	0
34.025	137	6	0	0	0	350.3	356.1	350.3	356.1	373.9	357	23.62	1930	0
34.025	137	3	0	0	0	350.6	356	350.6	356	373.9	357	23.41	1938	0
34.025	137	1	0	0	0	350.1	356.2	350.1	356.2	373.9	357	23.89	1931	0
34.025	137	5	0	0	0	350.6	356	350.6	356	373.9	357	23.39	1935	0
34.025	137	7	0	0	0	350.1	356.2	350.1	356.2	373.9	357	23.87	1927	0
34.275	138	2	0	0	0	352.2	354.1	352.2	354.1	379.6	356.7	27.56	1962	0
34.275	138	4	0	369.8	334.7	352.6	353.6	352.6	353.6	379.6	356.7	27.21	1966	0
34.275	138	0	0	0	0	351.8	354.5	351.8	354.5	379.6	356.7	27.92	1956	0
34.275	138	6	0	0	0	352.2	354	352.2	354	379.6	356.7	27.54	1957	0
34.275	138	3	0	0	0	352.4	353.8	352.4	353.8	379.6	356.7	27.33	1965	0
34.275	138	1	0	0	0	351.9	354.3	351.9	354.3	379.6	356.7	27.8	1958	0
34.275	138	5	0	0	0	352.4	353.8	352.4	353.8	379.6	356.7	27.32	1962	0
34.275	138	7	0	0	0	351.9	354.3	351.9	354.3	379.6	356.7	27.78	1955	0
34.525	139	2	0	0	0	356.2	356.4	356.2	356.4	378.7	362.4	23.27	1985	0
34.525	139	4	0	394.5	378.8	357	356.8	357	356.8	378.7	362.4	22.35	1988	0
34.525	139	0	0	0	0	355.4	356	355.4	356	378.7	362.4	24.15	1980	0
34.525	139	6	0	0	0	356.3	356.4	356.3	356.4	378.7	362.4	23.2	1981	0
34.525	139	3	0	0	0	356.7	356.7	356.7	356.7	378.7	362.4	22.67	1988	0
34.525	139	1	0	0	0	355.7	356.1	355.7	356.1	378.7	362.4	23.85	1982	0
34.525	139	5	0	0	0	356.8	356.7	356.8	356.7	378.7	362.4	22.63	1985	0
34.525	139	7	0	0	0	355.7	356.1	355.7	356.1	378.7	362.4	23.81	1979	0
34.775	140	2	0	0	0	357.8	356.5	357.8	356.5	381.8	361.1	24.46	2010	0
34.775	140	4	0	372.4	357.6	358.1	356.6	358.1	356.6	381.8	361.1	24.07	2013	0
34.775	140	0	0	0	0	357.4	356.5	357.4	356.5	381.8	361.1	24.83	2005	0
34.775	140	6	0	0	0	357.8	356.5	357.8	356.5	381.8	361.1	24.43	2005	0
34.775	140	3	0	0	0	358	356.6	358	356.6	381.8	361.1	24.21	2012	0
34.775	140	1	0	0	0	357.5	356.5	357.5	356.5	381.8	361.1	24.71	2007	0
34.775	140	5	0	0	0	358	356.6	358	356.6	381.8	361.1	24.19	2009	0
34.775	140	7	0	0	0	357.5	356.5	357.5	356.5	381.8	361.1	24.69	2004	0
35.025	141	2	0	0	0	359.7	358.5	359.7	358.5	383	359	23.3	2033	0
35.025	141	4	0	378.1	377.3	360.1	358.9	360.1	358.9	383	359	22.88	2035	0
35.025	141	0	0	0	0	359.3	358.1	359.3	358.1	383	359	23.72	2028	0
35.025	141	6	0	0	0	359.7	358.5	359.7	358.5	383	359	23.27	2028	0
35.025	141	3	0	0	0	360	358.8	360	358.8	383	359	23.03	2035	0
35.025	141	1	0	0	0	359.4	358.2	359.4	358.2	383	359	23.58	2031	0
35.025	141	5	0	0	0	360	358.8	360	358.8	383	359	23.01	2032	0
35.025	141	7	0	0	0	359.5	358.3	359.5	358.3	383	359	23.56	2027	0
35.275	142	2	0	0	0	361.9	360.3	361.9	360.3	384.5	362.9	22.79	2056	0
35.275	142	4	0	382.2	377.6	362.3	360.7	362.3	360.7	384.5	362.9	22.29	2058	0
35.275	142	0	0	0	0	361.4	359.9	361.4	359.9	384.5	362.9	23.28	2052	0
35.275	142	6	0	0	0	361.9	360.3	361.9	360.3	384.5	362.9	22.76	2051	0
35.275	142	3	0	0	0	362.2	360.6	362.2	360.6	384.5	362.9	22.47	2057	0
35.275	142	1	0	0	0	361.6	360.1	361.6	360.1	384.5	362.9	23.12	2054	0
35.275	142	5	0	0	0	362.2	360.6	362.2	360.6	384.5	362.9	22.44	2055	0
35.275	142	7	0	0	0	361.6	360.1	361.6	360.1	384.5	362.9	23.09	2050	0
35.525	143	2	0	0	0	364.3	359.9	364.3	359.9	381.9	367.8	19.37	2075	0
35.525	143	4	0	387	355.7	364.8	359.8	364.8	359.8	381.9	367.8	18.92	2077	0
35.525	143	0	0	0	0	363.8	359.9	363.8	359.9	381.9	367.8	19.81	2072	0
35.525	143	6	0	0	0	364.3	359.9	364.3	359.9	381.9	367.8	19.34	2070	0
35.525	143	3	0	0	0	364.6	359.9	364.6	359.9	381.9	367.8	19.08	2076	0
35.525	143	1	0	0	0	363.9	359.9	363.9	359.9	381.9	367.8	19.66	2073	0
35.525	143	5	0	0	0	364.6	359.9	364.6	359.9	381.9	367.8	19.06	2074	0
35.525	143	7	0	0	0	364	359.9	364	359.9	381.9	367.8	19.64	2070	0
35.775	144	2	0	0	0	366.3	359.7	366.3	359.7	379	367.8	15.12	2090	0
35.775	144	4	0	385.5	357.5	366.7	359.6	366.7	359.6	379	367.8	14.77	2091	0
35.775	144	0	0	0	0	365.9	359.7	365.9	359.7	379	367.8	15.46	2087	0
35.775	144	6	0	0	0	366.3	359.7	366.3	359.7	379	367.8	15.09	2086	0
35.775	144	3	0	0	0	366.6	359.6	366.6	359.6	379	367.8	14.89	2091	0
35.775	144	1	0	0	0	366	359.7	366	359.7	379	367.8	15.34	2089	0
35.775	144	5	0	0	0	366.6	359.6	366.6	359.6	379	367.8	14.88	2089	0
35.775	144	7	0	0	0	366	359.7	366	359.7	379	367.8	15.33	2085	0
36.025	145	2	0	0	0	367.5	361.7	367.5	361.7	381.1	372.9	17.61	2108	0
36.025	145	4	0	379.2	381.1	367.8	362.1	367.8	362.1	381.1	372.9	17.14	2109	0
36.025	145	0	0	0	0	367.3	361.3	367.3	361.3	381.1	372.9	18.07	2105	0
36.025	145	6	0	0	0	367.6	361.7	367.6	361.7	381.1	372.9	17.58	2103	0
36.025	145	3	0	0	0	367.7	361.9	367.7	361.9	381.1	372.9	17.31	2109	0
36.025	145	1	0	0	0	367.3	361.4	367.3	361.4	381.1	372.9	17.92	2107	0
36.025	145	5	0	0	0	367.7	362	367.7	362	381.1	372.9	17.29	2106	0
36.025	145	7	0	0	0	367.4	361.5	367.4	361.5	381.1	372.9	17.89	2103	0
36.275	146	2	0	0	0	368.3	361.9	368.3	361.9	382	370.4	16.14	2124	0
36.275	146	4	0	375	364.1	368.4	362	368.4	362	382	370.4	15.96	2125	0
36.275	146	0	0	0	0	368.1	361.9	368.1	361.9	382	370.4	16.32	2121	0
36.275	146	6	0	0	0	368.3	361.9	368.3	361.9	382	370.4	16.13	2119	0
36.275	146	3	0	0	0	368.4	362	368.4	362	382	370.4	16.02	2125	0
36.275	146	1	0	0	0	368.1	361.9	368.1	361.9	382	370.4	16.26	2123	0
36.275	146	5	0	0	0	368.4	362	368.4	362	382	370.4	16.01	2122	0
36.275	146	7	0	0	0	368.2	361.9	368.2	361.9	382	370.4	16.25	2119	0
36.525	147	2	0	0	0	372.3	362.1	372.3	362.1	384.8	369.7	14.56	2138	0
36.525	147	4	0	411	363.8	373.1	362.2	373.1	362.2	384.8	369.7	13.84	2138	0
36.525	147	0	0	0	0	371.5	362.1	371.5	362.1	384.8	369.7	15.26	2137	0
36.525	147	6	0	0	0	372.4	362.1	372.4	362.1	384.8	369.7	14.5	2134	0
36.525	147	3	0	0	0	372.8	362.1	372.8	362.1	384.8	369.7	14.09	2139	0
36.525	147	1	0	0	0	371.8	362.1	371.8	362.1	384.8	369.7	15.02	2138	0
36.525	147	5	0	0	0	372.9	362.1	372.9	362.1	384.8	369.7	14.06	2136	0
36.525	147	7	0	0	0	371.8	362.1	371.8	362.1	384.8	369.7	14.99	2134	0
36.775	148	2	0	0	0	372.5	362.6	372.5	362.6	383.3	372.9	14.96	2153	0
36.775	148	4	0	373.9	366.8	372.6	362.7	372.6	362.7	383.3	372.9	14.82	2153	0
36.775	148	0	0	0	0	372.4	362.5	372.4	362.5	383.3	372.9	15.1	2152	0
36.775	148	6	0	0	0	372.5	362.6	372.5	362.6	383.3	372.9	14.95	2149	0
36.775	148	3	0	0	0	372.6	362.6	372.6	362.6	383.3	372.9	14.87	2154	0
36.775	148	1	0	0	0	372.4	362.5	372.4	362.5	383.3	372.9	15.05	2153	0
36.775	148	5	0	0	0	372.6	362.6	372.6	362.6	383.3	372.9	14.87	2151	0
36.775	148	7	0	0	0	372.4	362.5	372.4	362.5	383.3	372.9	15.05	2150	0
37.025	149	2	0	0	0	374.3	364	374.3	364	389.3	375.3	18.68	2172	0
37.025	149	4	0	391.8	378.1	374.7	364.3	374.7	364.3	389.3	375.3	18.2	2171	0
37.025	149	0	0	0	0	374	363.7	374	363.7	389.3	375.3	19.14	2171	0
37.025	149	6	0	0	0	374.4	364.1	374.4	364.1	389.3	375.3	18.65	2167	0
37.025	149	3	0	0	0	374.6	364.2	374.6	364.2	389.3	375.3	18.37	2172	0
37.025	149	1	0	0	0	374.1	363.8	374.1	363.8	389.3	375.3	18.99	2172	0
37.025	149	5	0	0	0	374.6	364.2	374.6	364.2	389.3	375.3	18.35	2169	0
37.025	149	7	0	0	0	374.1	363.9	374.1	363.9	389.3	375.3	18.96	2168	0
37.275	150	2	0	0	0	374.1	365.6	374.1	365.6	386.4	379.4	18.53	2191	0
37.275	150	4	0	371.5	380.3	374.1	365.9	374.1	365.9	386.4	379.4	18.29	2190	0
37.275	150	0	0	0	0	374.1	365.3	374.1	365.3	386.4	379.4	18.76	2190	0
37.275	150	6	0	0	0	374.1	365.6	374.1	365.6	386.4	379.4	18.51	2186	0
37.275	150	3	0	0	0	374.1	365.8	374.1	365.8	386.4	379.4	18.37	2190	0
37.275	150	1	0	0	0	374.1	365.4	374.1	365.4	386.4	379.4	18.68	2191	0
37.275	150	5	0	0	0	374.1	365.8	374.1	365.8	386.4	379.4	18.36	2187	0
37.275	150	7	0	0	0	374.1	365.4	374.1	365.4	386.4	379.4	18.67	2187	0
37.525	151	2	0	0	0	374.3	368.8	374.3	368.8	391	385.2	23.46	2214	0
37.525	151	4	0	376	399.2	374.3	369.4	374.3	369.4	391	385.2	22.98	2213	0
37.525	151	0	0	0	0	374.2	368.1	374.2	368.1	391	385.2	23.94	2214	0
37.525	151	6	0	0	0	374.3	368.8	374.3	368.8	391	385.2	23.43	2209	0
37.525	151	3	0	0	0	374.3	369.2	374.3	369.2	391	385.2	23.15	2213	0
37.525	151	1	0	0	0	374.2	368.4	374.2	368.4	391	385.2	23.77	2214	0
37.525	151	5	0	0	0	374.3	369.2	374.3	369.2	391	385.2	23.12	2211	0
37.525	151	7	0	0	0	374.2	368.4	374.2	368.4	391	385.2	23.75	2211	0
37.775	152	2	0	0	0	374.5	370.6	374.5	370.6	395.7	384.2	25.17	2239	0
37.775	152	4	0	377.3	387.9	374.6	371	374.6	371	395.7	384.2	24.9	2238	0
37.775	152	0	0	0	0	374.5	370.2	374.5	370.2	395.7	384.2	25.44	2239	0
37.775	152	6	0	0	0	374.6	370.7	374.6	370.7	395.7	384.2	25.15	2234	0
37.775	152	3	0	0	0	374.6	370.9	374.6	370.9	395.7	384.2	24.99	2238	0
37.775	152	1	0	0	0	374.5	370.4	374.5	370.4	395.7	384.2	25.35	2240	0
37.775	152	5	0	0	0	374.6	370.9	374.6	370.9	395.7	384.2	24.98	2236	0
37.775	152	7	0	0	0	374.5	370.4	374.5	370.4	395.7	384.2	25.34	2236	0
38.025	153	2	0	0	0	376.5	371	376.5	371	398.5	385.1	26.12	2265	0
38.025	153	4	0	395	373.9	376.9	371.1	376.9	371.1	398.5	385.1	25.74	2263	0
38.025	153	0	0	0	0	376.1	370.9	376.1	370.9	398.5	385.1	26.49	2266	0
38.025	153	6	0	0	0	376.5	371	376.5	371	398.5	385.1	26.09	2261	0
38.025	153	3	0	0	0	376.7	371	376.7	371	398.5	385.1	25.87	2264	0
38.025	153	1	0	0	0	376.2	370.9	376.2	370.9	398.5	385.1	26.36	2266	0
38.025	153	5	0	0	0	376.8	371	376.8	371	398.5	385.1	25.85	2261	0
38.025	153	7	0	0	0	376.3	370.9	376.3	370.9	398.5	385.1	26.35	2263	0
38.275	154	2	0	0	0	378	370.6	378	370.6	400	385.9	26.76	2292	0
38.275	154	4	0	392.5	367.5	378.4	370.6	378.4	370.6	400	385.9	26.51	2290	0
38.275	154	0	0	0	0	377.7	370.7	377.7	370.7	400	385.9	27	2293	0
38.275	154	6	0	0	0	378	370.6	378	370.6	400	385.9	26.74	2287	0
38.275	154	3	0	0	0	378.2	370.6	378.2	370.6	400	385.9	26.6	2291	0
38.275	154	1	0	0	0	377.8	370.7	377.8	370.7	400	385.9	26.92	2293	0
38.275	154	5	0	0	0	378.3	370.6	378.3	370.6	400	385.9	26.59	2288	0
38.275	154	7	0	0	0	377.8	370.7	377.8	370.7	400	385.9	26.91	2289	0
38.525	155	2	0	0	0	379.7	372.6	379.7	372.6	393.1	392.9	24.31	2316	0
38.525	155	4	0	395.3	391.6	380	373	380	373	393.1	392.9	23.79	2314	0
38.525	155	0	0	0	0	379.3	372.2	379.3	372.2	393.1	392.9	24.81	2317	0
38.525	155	6	0	0	0	379.7	372.6	379.7	372.6	393.1	392.9	24.27	2312	0
38.525	155	3	0	0	0	379.9	372.9	379.9	372.9	393.1	392.9	23.97	2315	0
38.525	155	1	0	0	0	379.4	372.4	379.4	372.4	393.1	392.9	24.65	2318	0
38.525	155	5	0	0	0	379.9	372.9	379.9	372.9	393.1	392.9	23.95	2312	0
38.525	155	7	0	0	0	379.5	372.4	379.5	372.4	393.1	392.9	24.62	2314	0
38.775	156	2	0	0	0	381.2	375.6	381.2	375.6	387.5	395	20.44	2337	0
38.775	156	4	0	395.4	403.7	381.5	376.2	381.5	376.2	387.5	395	19.75	2333	0
38.775	156	0	0	0	0	380.9	375	380.9	375	387.5	395	21.1	2338	0
38.775	156	6	0	0	0	381.2	375.6	381.2	375.6	387.5	395	20.39	2332	0
38.775	156	3	0	0	0	381.4	376	381.4	376	387.5	395	19.99	2335	0
38.775	156	1	0	0	0	381	375.2	381	375.2	387.5	395	20.88	2338	0
38.775	156	5	0	0	0	381.4	376	381.4	376	387.5	395	19.96	2332	0
38.775	156	7	0	0	0	381	375.2	381	375.2	387.5	395	20.84	2335	0
39.025	157	2	0	0	0	381.7	376.7	381.7	376.7	382.6	394.4	17.8	2355	0
39.025	157	4	0	386.4	386.9	381.8	376.9	381.8	376.9	382.6	394.4	17.52	2351	0
39.025	157	0	0	0	0	381.6	376.4	381.6	376.4	382.6	394.4	18.07	2357	0
39.025	157	6	0	0	0	381.7	376.7	381.7	376.7	382.6	394.4	17.78	2350	0
39.025	157	3	0	0	0	381.8	376.9	381.8	376.9	382.6	394.4	17.62	2352	0
39.025	157	1	0	0	0	381.6	376.5	381.6	376.5	382.6	394.4	17.98	2356	0
39.025	157	5	0	0	0	381.8	376.9	381.8	376.9	382.6	394.4	17.6	2349	0
39.025	157	7	0	0	0	381.6	376.5	381.6	376.5	382.6	394.4	17.96	2353	0
39.275	158	2	0	0	0	380.9	377.7	380.9	377.7	380.3	396.5	18.87	2374	0
39.275	158	4	0	373.6	387.1	380.8	377.9	380.8	377.9	380.3	396.5	18.65	2370	0
39.275	158	0	0	0	0	381.1	377.5	381.1	377.5	380.3	396.5	19.09	2376	0
39.275	158	6	0	0	0	380.9	377.7	380.9	377.7	380.3	396.5	18.85	2369	0
39.275	158	3	0	0	0	380.8	377.8	380.8	377.8	380.3	396.5	18.72	2371	0
39.275	158	1	0	0	0	381	377.5	381	377.5	380.3	396.5	19.01	2375	0
39.275	158	5	0	0	0	380.8	377.8	380.8	377.8	380.3	396.5	18.71	2368	0
39.275	158	7	0	0	0	381	377.5	381	377.5	380.3	396.5	19	2372	0
39.525	159	2	0	0	0	380.7	377.6	380.7	377.6	381.4	397.2	19.6	2393	0
39.525	159	4	0	378.7	376.8	380.6	377.6	380.6	377.6	381.4	397.2	19.6	2389	0
39.525	159	0	0	0	0	380.8	377.6	380.8	377.6	381.4	397.2	19.61	2395	0
39.525	159	6	0	0	0	380.7	377.6	380.7	377.6	381.4	397.2	19.6	2388	0
39.525	159	3	0	0	0	380.7	377.6	380.7	377.6	381.4	397.2	19.6	2391	0
39.525	159	1	0	0	0	380.7	377.6	380.7	377.6	381.4	397.2	19.61	2395	0
39.525	159	5	0	0	0	380.7	377.6	380.7	377.6	381.4	397.2	19.6	2388	0
39.525	159	7	0	0	0	380.7	377.6	380.7	377.6	381.4	397.2	19.61	2392	0
39.775	160	2	0	0	0	380	379.4	380	379.4	380.4	400	20.61	2414	0
39.775	160	4	0	373.5	396.6	379.9	379.8	379.9	379.8	380.4	400	20.25	2409	0
39.775	160	0	0	0	0	380.2	379.1	380.2	379.1	380.4	400	20.95	2416	0
39.775	160	6	0	0	0	380	379.4	380	379.4	380.4	400	20.58	2409	0
39.775	160	3	0	0	0	379.9	379.6	379.9	379.6	380.4	400	20.38	2411	0
39.775	160	1	0	0	0	380.1	379.2	380.1	379.2	380.4	400	20.83	2416	0
39.775	160	5	0	0	0	379.9	379.6	379.9	379.6	380.4	400	20.36	2408	0
39.775	160	7	0	0	0	380.1	379.2	380.1	379.2	380.4	400	20.82	2412	0
