# _procNoiseCov=10 _measNoiseCov=10 iter_max=10 alpha=0.3
#Simulation_time,tracking_step,NodeID,TargetID,MeasurementX,MeasurementY,EstimateX,EstimateY,GroundTruthX,GroundTruthY,Error,ErrorAcc,ResultsDelay
#t_sim	t_step	NID	TID	Zx	Zy	X_x	X_y	Xx	Xy	GTx	GTy	Err	ErrAcc	Delay
0.025	1	2	0	0	0	119.5	98.48	119.5	98.48	120	100	1.612	1.612	0
0.025	1	4	0	0	0	119.6	98.74	119.6	98.74	120	100	1.336	1.336	0
0.025	1	0	0	114.6	84.76	119.3	98.16	119.3	98.16	120	100	1.957	1.957	0
0.025	1	6	0	0	0	119.4	98.41	119.4	98.41	120	100	1.693	1.693	0
0.025	1	3	0	0	0	119.5	98.66	119.5	98.66	120	100	1.419	1.419	0
0.025	1	1	0	0	0	119.4	98.28	119.4	98.28	120	100	1.828	1.828	0
0.025	1	5	0	0	0	119.5	98.61	119.5	98.61	120	100	1.474	1.474	0
0.025	1	7	0	0	0	119.4	98.23	119.4	98.23	120	100	1.879	1.879	0
0.275	2	2	0	0	0	120.3	99.66	120.3	99.66	123.6	106.1	7.216	8.828	0
0.275	2	4	0	0	0	120.2	99.48	120.2	99.48	123.6	106.1	7.44	8.776	0
0.275	2	0	0	128	110.5	120.5	99.89	120.5	99.89	123.6	106.1	6.936	8.893	0
0.275	2	6	0	0	0	120.3	99.71	120.3	99.71	123.6	106.1	7.151	8.844	0
0.275	2	3	0	0	0	120.2	99.53	120.2	99.53	123.6	106.1	7.372	8.792	0
0.275	2	1	0	0	0	120.4	99.8	120.4	99.8	123.6	106.1	7.041	8.869	0
0.275	2	5	0	0	0	120.2	99.57	120.2	99.57	123.6	106.1	7.329	8.802	0
0.275	2	7	0	0	0	120.4	99.84	120.4	99.84	123.6	106.1	6.999	8.879	0
0.525	3	2	0	0	0	122.9	100.2	122.9	100.2	130.1	105.8	9.144	17.97	0
0.525	3	4	0	0	0	122.4	100.1	122.4	100.1	130.1	105.8	9.572	18.35	0
0.525	3	0	0	146.3	105	123.5	100.3	123.5	100.3	130.1	105.8	8.616	17.51	0
0.525	3	6	0	0	0	123	100.2	123	100.2	130.1	105.8	9.02	17.86	0
0.525	3	3	0	0	0	122.6	100.1	122.6	100.1	130.1	105.8	9.442	18.23	0
0.525	3	1	0	0	0	123.3	100.3	123.3	100.3	130.1	105.8	8.813	17.68	0
0.525	3	5	0	0	0	122.7	100.2	122.7	100.2	130.1	105.8	9.358	18.16	0
0.525	3	7	0	0	0	123.3	100.3	123.3	100.3	130.1	105.8	8.734	17.61	0
0.775	4	2	0	0	0	125	100.5	125	100.5	136.8	108.7	14.39	32.36	0
0.775	4	4	0	0	0	124.6	100.4	124.6	100.4	136.8	108.7	14.75	33.09	0
0.775	4	0	0	143.4	103.2	125.5	100.6	125.5	100.6	136.8	108.7	13.94	31.45	0
0.775	4	6	0	0	0	125.1	100.5	125.1	100.5	136.8	108.7	14.28	32.15	0
0.775	4	3	0	0	0	124.7	100.5	124.7	100.5	136.8	108.7	14.64	32.87	0
0.775	4	1	0	0	0	125.3	100.6	125.3	100.6	136.8	108.7	14.11	31.79	0
0.775	4	5	0	0	0	124.8	100.5	124.8	100.5	136.8	108.7	14.57	32.73	0
0.775	4	7	0	0	0	125.4	100.6	125.4	100.6	136.8	108.7	14.04	31.66	0
1.025	5	2	0	0	0	126.4	101.4	126.4	101.4	134.8	111.3	13.01	45.37	0
1.025	5	4	0	0	0	126.1	101.3	126.1	101.3	134.8	111.3	13.31	46.4	0
1.025	5	0	0	138.6	109.6	126.7	101.6	126.7	101.6	134.8	111.3	12.64	44.09	0
1.025	5	6	0	0	0	126.5	101.5	126.5	101.5	134.8	111.3	12.92	45.07	0
1.025	5	3	0	0	0	126.2	101.3	126.2	101.3	134.8	111.3	13.22	46.09	0
1.025	5	1	0	0	0	126.6	101.6	126.6	101.6	134.8	111.3	12.78	44.57	0
1.025	5	5	0	0	0	126.2	101.3	126.2	101.3	134.8	111.3	13.16	45.89	0
1.025	5	7	0	0	0	126.6	101.6	126.6	101.6	134.8	111.3	12.72	44.38	0
1.275	6	2	0	0	0	127.5	102.5	127.5	102.5	134.2	114.6	13.83	59.19	0
1.275	6	4	0	0	0	127.2	102.3	127.2	102.3	134.2	114.6	14.1	60.5	0
1.275	6	0	0	136.9	112.2	127.7	102.8	127.7	102.8	134.2	114.6	13.49	57.58	0
1.275	6	6	0	0	0	127.5	102.6	127.5	102.6	134.2	114.6	13.75	58.82	0
1.275	6	3	0	0	0	127.3	102.4	127.3	102.4	134.2	114.6	14.02	60.11	0
1.275	6	1	0	0	0	127.6	102.7	127.6	102.7	134.2	114.6	13.61	58.18	0
1.275	6	5	0	0	0	127.4	102.4	127.4	102.4	134.2	114.6	13.96	59.85	0
1.275	6	7	0	0	0	127.7	102.7	127.7	102.7	134.2	114.6	13.56	57.94	0
1.525	7	2	0	0	0	128.9	103.6	128.9	103.6	139.9	120.9	20.44	79.64	0
1.525	7	4	0	0	0	128.7	103.4	128.7	103.4	139.9	120.9	20.76	81.26	0
1.525	7	0	0	142.1	113.4	129.3	103.9	129.3	103.9	139.9	120.9	20.05	77.62	0
1.525	7	6	0	0	0	129	103.7	129	103.7	139.9	120.9	20.35	79.17	0
1.525	7	3	0	0	0	128.7	103.5	128.7	103.5	139.9	120.9	20.66	80.77	0
1.525	7	1	0	0	0	129.1	103.8	129.1	103.8	139.9	120.9	20.2	78.38	0
1.525	7	5	0	0	0	128.8	103.5	128.8	103.5	139.9	120.9	20.6	80.45	0
1.525	7	7	0	0	0	129.2	103.8	129.2	103.8	139.9	120.9	20.14	78.08	0
1.775	8	2	0	0	0	130.4	105.5	130.4	105.5	142.4	118.4	17.54	97.18	0
1.775	8	4	0	0	0	130.1	105.2	130.1	105.2	142.4	118.4	17.98	99.24	0
1.775	8	0	0	143.5	122.7	130.7	106	130.7	106	142.4	118.4	16.99	94.62	0
1.775	8	6	0	0	0	130.5	105.6	130.5	105.6	142.4	118.4	17.41	96.58	0
1.775	8	3	0	0	0	130.2	105.3	130.2	105.3	142.4	118.4	17.85	98.62	0
1.775	8	1	0	0	0	130.6	105.8	130.6	105.8	142.4	118.4	17.2	95.57	0
1.775	8	5	0	0	0	130.3	105.4	130.3	105.4	142.4	118.4	17.76	98.21	0
1.775	8	7	0	0	0	130.7	105.9	130.7	105.9	142.4	118.4	17.12	95.19	0
2.025	9	2	0	0	0	130.2	107.4	130.2	107.4	146.6	122.7	22.34	119.5	0
2.025	9	4	0	0	0	130.3	107.1	130.3	107.1	146.6	122.7	22.58	121.8	0
2.025	9	0	0	128.6	124.1	130.2	107.8	130.2	107.8	146.6	122.7	22.05	116.7	0
2.025	9	6	0	0	0	130.2	107.5	130.2	107.5	146.6	122.7	22.27	118.9	0
2.025	9	3	0	0	0	130.3	107.2	130.3	107.2	146.6	122.7	22.5	121.1	0
2.025	9	1	0	0	0	130.2	107.7	130.2	107.7	146.6	122.7	22.16	117.7	0
2.025	9	5	0	0	0	130.3	107.2	130.3	107.2	146.6	122.7	22.46	120.7	0
2.025	9	7	0	0	0	130.2	107.7	130.2	107.7	146.6	122.7	22.11	117.3	0
2.275	10	2	0	0	0	133.7	109.2	133.7	109.2	152.8	124.1	24.23	143.7	0
2.275	10	4	0	0	0	133.1	108.9	133.1	108.9	152.8	124.1	24.9	146.7	0
2.275	10	0	0	164.7	125.4	134.4	109.7	134.4	109.7	152.8	124.1	23.39	140.1	0
2.275	10	6	0	0	0	133.8	109.3	133.8	109.3	152.8	124.1	24.03	142.9	0
2.275	10	3	0	0	0	133.3	109	133.3	109	152.8	124.1	24.7	145.8	0
2.275	10	1	0	0	0	134.1	109.5	134.1	109.5	152.8	124.1	23.7	141.4	0
2.275	10	5	0	0	0	133.4	109.1	133.4	109.1	152.8	124.1	24.57	145.2	0
2.275	10	7	0	0	0	134.2	109.6	134.2	109.6	152.8	124.1	23.58	140.9	0
2.525	11	2	0	0	0	135.5	109.9	135.5	109.9	156	123.9	24.77	168.5	0
2.525	11	4	0	0	0	135.2	109.8	135.2	109.8	156	123.9	25.15	171.9	0
2.525	11	0	0	151.6	115.8	136	110.1	136	110.1	156	123.9	24.29	164.3	0
2.525	11	6	0	0	0	135.6	110	135.6	110	156	123.9	24.65	167.5	0
2.525	11	3	0	0	0	135.3	109.8	135.3	109.8	156	123.9	25.03	170.9	0
2.525	11	1	0	0	0	135.8	110	135.8	110	156	123.9	24.47	165.9	0
2.525	11	5	0	0	0	135.3	109.9	135.3	109.9	156	123.9	24.96	170.2	0
2.525	11	7	0	0	0	135.9	110.1	135.9	110.1	156	123.9	24.4	165.3	0
2.775	12	2	0	0	0	138.8	111.2	138.8	111.2	159.7	122.9	23.92	192.4	0
2.775	12	4	0	0	0	138.2	111	138.2	111	159.7	122.9	24.54	196.4	0
2.775	12	0	0	168	122.5	139.5	111.5	139.5	111.5	159.7	122.9	23.14	187.5	0
2.775	12	6	0	0	0	139	111.3	139	111.3	159.7	122.9	23.73	191.3	0
2.775	12	3	0	0	0	138.4	111	138.4	111	159.7	122.9	24.35	195.2	0
2.775	12	1	0	0	0	139.2	111.4	139.2	111.4	159.7	122.9	23.43	189.3	0
2.775	12	5	0	0	0	138.5	111.1	138.5	111.1	159.7	122.9	24.23	194.4	0
2.775	12	7	0	0	0	139.4	111.4	139.4	111.4	159.7	122.9	23.31	188.6	0
3.025	13	2	0	0	0	140	113.6	140	113.6	160	125	23.03	215.5	0
3.025	13	4	0	0	0	139.7	113.1	139.7	113.1	160	125	23.46	219.9	0
3.025	13	0	0	150.5	134.7	140.3	114.1	140.3	114.1	160	125	22.49	210	0
3.025	13	6	0	0	0	140.1	113.7	140.1	113.7	160	125	22.91	214.2	0
3.025	13	3	0	0	0	139.8	113.3	139.8	113.3	160	125	23.33	218.5	0
3.025	13	1	0	0	0	140.2	113.9	140.2	113.9	160	125	22.7	212	0
3.025	13	5	0	0	0	139.9	113.3	139.9	113.3	160	125	23.25	217.7	0
3.025	13	7	0	0	0	140.2	114	140.2	114	160	125	22.62	211.2	0
3.275	14	2	0	0	0	143.3	115.2	143.3	115.2	158.8	123.5	17.56	233	0
3.275	14	4	0	0	0	142.7	114.9	142.7	114.9	158.8	123.5	18.23	238.1	0
3.275	14	0	0	173.1	129.9	144.1	115.6	144.1	115.6	158.8	123.5	16.72	226.7	0
3.275	14	6	0	0	0	143.5	115.3	143.5	115.3	158.8	123.5	17.36	231.5	0
3.275	14	3	0	0	0	142.9	115	142.9	115	158.8	123.5	18.02	236.6	0
3.275	14	1	0	0	0	143.8	115.5	143.8	115.5	158.8	123.5	17.03	229.1	0
3.275	14	5	0	0	0	143	115.1	143	115.1	158.8	123.5	17.89	235.6	0
3.275	14	7	0	0	0	143.9	115.5	143.9	115.5	158.8	123.5	16.91	228.1	0
3.525	15	2	0	0	0	143.7	117	143.7	117	159.4	122.9	16.81	249.8	0
3.525	15	4	0	0	0	143.6	116.7	143.6	116.7	159.4	122.9	17.03	255.1	0
3.525	15	0	0	146.5	133.1	143.8	117.4	143.8	117.4	159.4	122.9	16.54	243.2	0
3.525	15	6	0	0	0	143.7	117.1	143.7	117.1	159.4	122.9	16.75	248.3	0
3.525	15	3	0	0	0	143.6	116.8	143.6	116.8	159.4	122.9	16.97	253.5	0
3.525	15	1	0	0	0	143.8	117.3	143.8	117.3	159.4	122.9	16.64	245.7	0
3.525	15	5	0	0	0	143.6	116.9	143.6	116.9	159.4	122.9	16.92	252.5	0
3.525	15	7	0	0	0	143.8	117.4	143.8	117.4	159.4	122.9	16.6	244.7	0
3.775	16	2	0	0	0	145	119.5	145	119.5	160.5	122	15.63	265.5	0
3.775	16	4	0	0	0	144.8	119.1	144.8	119.1	160.5	122	15.94	271.1	0
3.775	16	0	0	157.2	141.7	145.3	120.1	145.3	120.1	160.5	122	15.25	258.5	0
3.775	16	6	0	0	0	145.1	119.6	145.1	119.6	160.5	122	15.54	263.8	0
3.775	16	3	0	0	0	144.9	119.2	144.9	119.2	160.5	122	15.85	269.4	0
3.775	16	1	0	0	0	145.2	119.9	145.2	119.9	160.5	122	15.39	261.1	0
3.775	16	5	0	0	0	144.9	119.3	144.9	119.3	160.5	122	15.78	268.3	0
3.775	16	7	0	0	0	145.3	119.9	145.3	119.9	160.5	122	15.33	260.1	0
4.025	17	2	0	0	0	146.5	118.9	146.5	118.9	165.1	125	19.55	285	0
4.025	17	4	0	0	0	146.2	119	146.2	119	165.1	125	19.79	290.9	0
4.025	17	0	0	159.6	113	146.8	118.8	146.8	118.8	165.1	125	19.26	277.7	0
4.025	17	6	0	0	0	146.6	118.9	146.6	118.9	165.1	125	19.48	283.3	0
4.025	17	3	0	0	0	146.3	118.9	146.3	118.9	165.1	125	19.72	289.1	0
4.025	17	1	0	0	0	146.7	118.8	146.7	118.8	165.1	125	19.37	280.5	0
4.025	17	5	0	0	0	146.4	118.9	146.4	118.9	165.1	125	19.67	287.9	0
4.025	17	7	0	0	0	146.8	118.8	146.8	118.8	165.1	125	19.32	279.4	0
4.275	18	2	0	0	0	148.2	119.7	148.2	119.7	164.8	129.4	19.17	304.2	0
4.275	18	4	0	0	0	147.9	119.6	147.9	119.6	164.8	129.4	19.5	310.4	0
4.275	18	0	0	163.2	127.2	148.6	119.9	148.6	119.9	164.8	129.4	18.75	296.5	0
4.275	18	6	0	0	0	148.3	119.8	148.3	119.8	164.8	129.4	19.07	302.4	0
4.275	18	3	0	0	0	148	119.6	148	119.6	164.8	129.4	19.4	308.5	0
4.275	18	1	0	0	0	148.4	119.8	148.4	119.8	164.8	129.4	18.9	299.4	0
4.275	18	5	0	0	0	148	119.7	148	119.7	164.8	129.4	19.34	307.3	0
4.275	18	7	0	0	0	148.5	119.9	148.5	119.9	164.8	129.4	18.84	298.2	0
4.525	19	2	0	0	0	149.2	121.3	149.2	121.3	164.4	129.5	17.35	321.5	0
4.525	19	4	0	0	0	149	121	149	121	164.4	129.5	17.65	328	0
4.525	19	0	0	157.5	135.2	149.4	121.6	149.4	121.6	164.4	129.5	16.98	313.5	0
4.525	19	6	0	0	0	149.2	121.4	149.2	121.4	164.4	129.5	17.27	319.6	0
4.525	19	3	0	0	0	149	121.1	149	121.1	164.4	129.5	17.56	326.1	0
4.525	19	1	0	0	0	149.3	121.5	149.3	121.5	164.4	129.5	17.12	316.5	0
4.525	19	5	0	0	0	149.1	121.1	149.1	121.1	164.4	129.5	17.5	324.8	0
4.525	19	7	0	0	0	149.3	121.5	149.3	121.5	164.4	129.5	17.07	315.3	0
4.775	20	2	0	0	0	151.1	121.7	151.1	121.7	171.2	128.7	21.31	342.8	0
4.775	20	4	0	0	0	150.7	121.6	150.7	121.6	171.2	128.7	21.67	349.7	0
4.775	20	0	0	168.2	125	151.5	121.8	151.5	121.8	171.2	128.7	20.87	334.4	0
4.775	20	6	0	0	0	151.2	121.7	151.2	121.7	171.2	128.7	21.21	340.9	0
4.775	20	3	0	0	0	150.8	121.6	150.8	121.6	171.2	128.7	21.56	347.6	0
4.775	20	1	0	0	0	151.3	121.7	151.3	121.7	171.2	128.7	21.04	337.5	0
4.775	20	5	0	0	0	150.9	121.6	150.9	121.6	171.2	128.7	21.49	346.3	0
4.775	20	7	0	0	0	151.4	121.8	151.4	121.8	171.2	128.7	20.97	336.3	0
5.025	21	2	0	0	0	154.4	121	154.4	121	168.8	131.8	18.01	360.8	0
5.025	21	4	0	0	0	153.8	121.1	153.8	121.1	168.8	131.8	18.43	368.1	0
5.025	21	0	0	184.1	115.1	155.1	120.9	155.1	120.9	168.8	131.8	17.5	351.9	0
5.025	21	6	0	0	0	154.6	121	154.6	121	168.8	131.8	17.89	358.7	0
5.025	21	3	0	0	0	154	121.1	154	121.1	168.8	131.8	18.3	365.9	0
5.025	21	1	0	0	0	154.9	120.9	154.9	120.9	168.8	131.8	17.69	355.2	0
5.025	21	5	0	0	0	154.1	121.1	154.1	121.1	168.8	131.8	18.22	364.5	0
5.025	21	7	0	0	0	155	120.9	155	120.9	168.8	131.8	17.61	353.9	0
5.275	22	2	0	0	0	155.6	122.8	155.6	122.8	170	135.5	19.22	380.1	0
5.275	22	4	0	0	0	155.3	122.5	155.3	122.5	170	135.5	19.61	387.7	0
5.275	22	0	0	166	138.8	155.9	123.2	155.9	123.2	170	135.5	18.74	370.6	0
5.275	22	6	0	0	0	155.7	122.9	155.7	122.9	170	135.5	19.11	377.9	0
5.275	22	3	0	0	0	155.4	122.6	155.4	122.6	170	135.5	19.49	385.4	0
5.275	22	1	0	0	0	155.8	123	155.8	123	170	135.5	18.92	374.1	0
5.275	22	5	0	0	0	155.5	122.6	155.5	122.6	170	135.5	19.42	383.9	0
5.275	22	7	0	0	0	155.8	123.1	155.8	123.1	170	135.5	18.85	372.7	0
5.525	23	2	0	0	0	157	122.6	157	122.6	170.5	134.9	18.3	398.4	0
5.525	23	4	0	0	0	156.7	122.6	156.7	122.6	170.5	134.9	18.48	406.2	0
5.525	23	0	0	169.4	120.4	157.3	122.6	157.3	122.6	170.5	134.9	18.07	388.7	0
5.525	23	6	0	0	0	157.1	122.6	157.1	122.6	170.5	134.9	18.24	396.1	0
5.525	23	3	0	0	0	156.8	122.6	156.8	122.6	170.5	134.9	18.42	403.8	0
5.525	23	1	0	0	0	157.2	122.6	157.2	122.6	170.5	134.9	18.15	392.3	0
5.525	23	5	0	0	0	156.9	122.6	156.9	122.6	170.5	134.9	18.39	402.3	0
5.525	23	7	0	0	0	157.2	122.6	157.2	122.6	170.5	134.9	18.12	390.8	0
5.775	24	2	0	0	0	159.1	124.5	159.1	124.5	168.4	135.4	14.35	412.7	0
5.775	24	4	0	0	0	158.8	124.1	158.8	124.1	168.4	135.4	14.85	421	0
5.775	24	0	0	178.4	141.6	159.6	124.9	159.6	124.9	168.4	135.4	13.73	402.4	0
5.775	24	6	0	0	0	159.3	124.6	159.3	124.6	168.4	135.4	14.21	410.3	0
5.775	24	3	0	0	0	158.9	124.2	158.9	124.2	168.4	135.4	14.7	418.5	0
5.775	24	1	0	0	0	159.5	124.7	159.5	124.7	168.4	135.4	13.96	406.2	0
5.775	24	5	0	0	0	159	124.3	159	124.3	168.4	135.4	14.6	416.9	0
5.775	24	7	0	0	0	159.5	124.8	159.5	124.8	168.4	135.4	13.87	404.7	0
6.025	25	2	0	0	0	160.3	125.9	160.3	125.9	167.4	140.3	16.07	428.8	0
6.025	25	4	0	0	0	160.1	125.7	160.1	125.7	167.4	140.3	16.42	437.5	0
6.025	25	0	0	170.2	138.8	160.6	126.3	160.6	126.3	167.4	140.3	15.64	418	0
6.025	25	6	0	0	0	160.3	126	160.3	126	167.4	140.3	15.97	426.3	0
6.025	25	3	0	0	0	160.1	125.7	160.1	125.7	167.4	140.3	16.31	434.8	0
6.025	25	1	0	0	0	160.5	126.1	160.5	126.1	167.4	140.3	15.8	422.1	0
6.025	25	5	0	0	0	160.2	125.8	160.2	125.8	167.4	140.3	16.24	433.1	0
6.025	25	7	0	0	0	160.5	126.2	160.5	126.2	167.4	140.3	15.74	420.5	0
6.275	26	2	0	0	0	162.9	128.2	162.9	128.2	173.8	138.8	15.2	444	0
6.275	26	4	0	0	0	162.4	127.8	162.4	127.8	173.8	138.8	15.82	453.3	0
6.275	26	0	0	186.4	148.8	163.5	128.8	163.5	128.8	173.8	138.8	14.42	432.4	0
6.275	26	6	0	0	0	163	128.4	163	128.4	173.8	138.8	15.02	441.3	0
6.275	26	3	0	0	0	162.6	127.9	162.6	127.9	173.8	138.8	15.63	450.5	0
6.275	26	1	0	0	0	163.3	128.6	163.3	128.6	173.8	138.8	14.71	436.8	0
6.275	26	5	0	0	0	162.7	128	162.7	128	173.8	138.8	15.51	448.6	0
6.275	26	7	0	0	0	163.3	128.6	163.3	128.6	173.8	138.8	14.59	435	0
6.525	27	2	0	0	0	162.6	129.3	162.6	129.3	170.9	138.9	12.69	456.7	0
6.525	27	4	0	0	0	162.6	129.1	162.6	129.1	170.9	138.9	12.84	466.1	0
6.525	27	0	0	159	138.6	162.5	129.6	162.5	129.6	170.9	138.9	12.51	445	0
6.525	27	6	0	0	0	162.5	129.4	162.5	129.4	170.9	138.9	12.65	453.9	0
6.525	27	3	0	0	0	162.6	129.2	162.6	129.2	170.9	138.9	12.79	463.3	0
6.525	27	1	0	0	0	162.5	129.5	162.5	129.5	170.9	138.9	12.57	449.3	0
6.525	27	5	0	0	0	162.6	129.2	162.6	129.2	170.9	138.9	12.76	461.4	0
6.525	27	7	0	0	0	162.5	129.5	162.5	129.5	170.9	138.9	12.55	447.6	0
6.775	28	2	0	0	0	163	129.3	163	129.3	169.8	143.6	15.77	472.4	0
6.775	28	4	0	0	0	162.9	129.3	162.9	129.3	169.8	143.6	15.82	481.9	0
6.775	28	0	0	166.5	129.3	163	129.4	163	129.4	169.8	143.6	15.72	460.7	0
6.775	28	6	0	0	0	163	129.3	163	129.3	169.8	143.6	15.76	469.7	0
6.775	28	3	0	0	0	162.9	129.3	162.9	129.3	169.8	143.6	15.81	479.1	0
6.775	28	1	0	0	0	163	129.3	163	129.3	169.8	143.6	15.74	465.1	0
6.775	28	5	0	0	0	162.9	129.3	162.9	129.3	169.8	143.6	15.8	477.2	0
6.775	28	7	0	0	0	163	129.3	163	129.3	169.8	143.6	15.73	463.3	0
7.025	29	2	0	0	0	163.1	131.8	163.1	131.8	176.6	142.6	17.3	489.7	0
7.025	29	4	0	0	0	163	131.4	163	131.4	176.6	142.6	17.59	499.5	0
7.025	29	0	0	164	154.1	163.1	132.3	163.1	132.3	176.6	142.6	16.95	477.6	0
7.025	29	6	0	0	0	163.1	131.9	163.1	131.9	176.6	142.6	17.22	486.9	0
7.025	29	3	0	0	0	163	131.5	163	131.5	176.6	142.6	17.5	496.6	0
7.025	29	1	0	0	0	163.1	132.1	163.1	132.1	176.6	142.6	17.08	482.2	0
7.025	29	5	0	0	0	163.1	131.6	163.1	131.6	176.6	142.6	17.45	494.7	0
7.025	29	7	0	0	0	163.1	132.2	163.1	132.2	176.6	142.6	17.03	480.4	0
7.275	30	2	0	0	0	165.2	132.7	165.2	132.7	177	144.4	16.62	506.4	0
7.275	30	4	0	0	0	164.9	132.5	164.9	132.5	177	144.4	17.02	516.5	0
7.275	30	0	0	184.9	140.2	165.7	132.9	165.7	132.9	177	144.4	16.13	493.8	0
7.275	30	6	0	0	0	165.4	132.7	165.4	132.7	177	144.4	16.51	503.4	0
7.275	30	3	0	0	0	165	132.5	165	132.5	177	144.4	16.9	513.5	0
7.275	30	1	0	0	0	165.5	132.8	165.5	132.8	177	144.4	16.31	498.5	0
7.275	30	5	0	0	0	165.1	132.6	165.1	132.6	177	144.4	16.82	511.5	0
7.275	30	7	0	0	0	165.6	132.8	165.6	132.8	177	144.4	16.24	496.6	0
7.525	31	2	0	0	0	166.4	133.1	166.4	133.1	177.3	145.9	16.79	523.2	0
7.525	31	4	0	0	0	166.2	133	166.2	133	177.3	145.9	17.01	533.6	0
7.525	31	0	0	176.3	137.1	166.7	133.2	166.7	133.2	177.3	145.9	16.53	510.3	0
7.525	31	6	0	0	0	166.4	133.2	166.4	133.2	177.3	145.9	16.73	520.1	0
7.525	31	3	0	0	0	166.2	133.1	166.2	133.1	177.3	145.9	16.95	530.4	0
7.525	31	1	0	0	0	166.6	133.2	166.6	133.2	177.3	145.9	16.63	515.1	0
7.525	31	5	0	0	0	166.3	133.1	166.3	133.1	177.3	145.9	16.9	528.4	0
7.525	31	7	0	0	0	166.6	133.2	166.6	133.2	177.3	145.9	16.59	513.2	0
7.775	32	2	0	0	0	166.6	134.3	166.6	134.3	180.8	143	16.65	539.8	0
7.775	32	4	0	0	0	166.6	134.1	166.6	134.1	180.8	143	16.81	550.4	0
7.775	32	0	0	168.7	145.1	166.7	134.6	166.7	134.6	180.8	143	16.45	526.7	0
7.775	32	6	0	0	0	166.7	134.4	166.7	134.4	180.8	143	16.6	536.7	0
7.775	32	3	0	0	0	166.6	134.2	166.6	134.2	180.8	143	16.76	547.2	0
7.775	32	1	0	0	0	166.7	134.5	166.7	134.5	180.8	143	16.52	531.6	0
7.775	32	5	0	0	0	166.6	134.2	166.6	134.2	180.8	143	16.73	545.1	0
7.775	32	7	0	0	0	166.7	134.5	166.7	134.5	180.8	143	16.49	529.7	0
8.025	33	2	0	0	0	167.7	137.1	167.7	137.1	178	142.4	11.64	551.5	0
8.025	33	4	0	0	0	167.5	136.6	167.5	136.6	178	142.4	12.03	562.4	0
8.025	33	0	0	177	161.6	167.9	137.7	167.9	137.7	178	142.4	11.17	537.9	0
8.025	33	6	0	0	0	167.7	137.2	167.7	137.2	178	142.4	11.53	548.3	0
8.025	33	3	0	0	0	167.5	136.7	167.5	136.7	178	142.4	11.91	559.1	0
8.025	33	1	0	0	0	167.8	137.4	167.8	137.4	178	142.4	11.35	543	0
8.025	33	5	0	0	0	167.6	136.8	167.6	136.8	178	142.4	11.84	556.9	0
8.025	33	7	0	0	0	167.8	137.5	167.8	137.5	178	142.4	11.28	540.9	0
8.275	34	2	0	0	0	168.5	139.2	168.5	139.2	177	148	12.19	563.6	0
8.275	34	4	0	0	0	168.4	138.8	168.4	138.8	177	148	12.59	575	0
8.275	34	0	0	176.1	158.3	168.7	139.7	168.7	139.7	177	148	11.68	549.6	0
8.275	34	6	0	0	0	168.6	139.3	168.6	139.3	177	148	12.07	560.4	0
8.275	34	3	0	0	0	168.4	138.9	168.4	138.9	177	148	12.47	571.6	0
8.275	34	1	0	0	0	168.7	139.5	168.7	139.5	177	148	11.87	554.8	0
8.275	34	5	0	0	0	168.4	139	168.4	139	177	148	12.39	569.3	0
8.275	34	7	0	0	0	168.7	139.6	168.7	139.6	177	148	11.8	552.7	0
8.525	35	2	0	0	0	170.2	140.4	170.2	140.4	183.5	153.9	18.95	582.6	0
8.525	35	4	0	0	0	169.9	140.2	169.9	140.2	183.5	153.9	19.33	594.3	0
8.525	35	0	0	185.1	150.8	170.6	140.7	170.6	140.7	183.5	153.9	18.48	568.1	0
8.525	35	6	0	0	0	170.3	140.5	170.3	140.5	183.5	153.9	18.84	579.2	0
8.525	35	3	0	0	0	170	140.2	170	140.2	183.5	153.9	19.22	590.8	0
8.525	35	1	0	0	0	170.4	140.6	170.4	140.6	183.5	153.9	18.66	573.5	0
8.525	35	5	0	0	0	170	140.3	170	140.3	183.5	153.9	19.14	588.5	0
8.525	35	7	0	0	0	170.5	140.6	170.5	140.6	183.5	153.9	18.59	571.3	0
8.775	36	2	0	0	0	172.7	144.5	172.7	144.5	188	156.6	19.42	602	0
8.775	36	4	0	0	0	172.3	143.7	172.3	143.7	188	156.6	20.32	614.6	0
8.775	36	0	0	192.9	159.7	173.2	144.9	173.2	144.9	188	156.6	18.84	586.9	0
8.775	36	6	0	0	0	172.8	144.1	172.8	144.1	188	156.6	19.7	598.9	0
8.775	36	3	0	0	0	172.4	144.1	172.4	144.1	188	156.6	19.96	610.7	0
8.775	36	1	0	175.4	166.5	173	144.9	173	144.9	188	156.6	19	592.5	0
8.775	36	5	0	0	0	172.5	143.7	172.5	143.7	188	156.6	20.15	608.6	0
8.775	36	7	0	0	0	173.1	144.5	173.1	144.5	188	156.6	19.17	590.5	0
9.025	37	2	0	0	0	175.4	145.5	175.4	145.5	187.3	155.2	15.32	617.3	0
9.025	37	4	0	0	0	174.8	145.3	174.8	145.3	187.3	155.2	15.98	630.6	0
9.025	37	0	0	177	162.1	175.5	145.9	175.5	145.9	187.3	155.2	15.03	601.9	0
9.025	37	6	0	0	0	174.8	145.7	174.8	145.7	187.3	155.2	15.66	614.5	0
9.025	37	3	0	0	0	175.1	145.4	175.1	145.4	187.3	155.2	15.69	626.4	0
9.025	37	1	0	197.8	139.9	175.5	145.8	175.5	145.8	187.3	155.2	15.08	607.6	0
9.025	37	5	0	0	0	174.7	145.5	174.7	145.5	187.3	155.2	15.92	624.5	0
9.025	37	7	0	0	0	175.2	145.9	175.2	145.9	187.3	155.2	15.29	605.8	0
9.275	38	2	0	0	0	178.5	149.6	178.5	149.6	190.6	156.5	13.9	631.2	0
9.275	38	4	0	0	0	177.8	148.9	177.8	148.9	190.6	156.5	14.91	645.5	0
9.275	38	0	0	195.3	175.7	178.9	150.2	178.9	150.2	190.6	156.5	13.3	615.2	0
9.275	38	6	0	0	0	178.2	149.5	178.2	149.5	190.6	156.5	14.25	628.8	0
9.275	38	3	0	0	0	178.1	149.2	178.1	149.2	190.6	156.5	14.5	640.9	0
9.275	38	1	0	192.4	160	178.8	150.1	178.8	150.1	190.6	156.5	13.45	621	0
9.275	38	5	0	0	0	177.9	149.1	177.9	149.1	190.6	156.5	14.73	639.3	0
9.275	38	7	0	0	0	178.6	150	178.6	150	190.6	156.5	13.67	619.5	0
9.525	39	2	0	0	0	178.7	150.4	178.7	150.4	188	157.4	11.55	642.8	0
9.525	39	4	0	0	0	178.6	150.3	178.6	150.3	188	157.4	11.73	657.3	0
9.525	39	0	0	181	168	178.8	150.9	178.8	150.9	188	157.4	11.23	626.5	0
9.525	39	6	0	0	0	178.7	150.8	178.7	150.8	188	157.4	11.39	640.2	0
9.525	39	3	0	0	0	178.7	150.3	178.7	150.3	188	157.4	11.69	652.6	0
9.525	39	1	0	179.8	140.8	178.8	150.7	178.8	150.7	188	157.4	11.36	632.4	0
9.525	39	5	0	0	0	178.6	150.5	178.6	150.5	188	157.4	11.58	650.9	0
9.525	39	7	0	0	0	178.8	150.9	178.8	150.9	188	157.4	11.26	630.7	0
9.775	40	2	0	0	0	180.3	151.3	180.3	151.3	189.1	163.7	15.16	658	0
9.775	40	4	0	0	0	180	151.3	180	151.3	189.1	163.7	15.35	672.6	0
9.775	40	0	0	182.1	154.5	180.4	151.6	180.4	151.6	189.1	163.7	14.86	641.3	0
9.775	40	6	0	0	0	180.1	151.6	180.1	151.6	189.1	163.7	15.02	655.2	0
9.775	40	3	0	0	0	180.1	151.3	180.1	151.3	189.1	163.7	15.3	667.9	0
9.775	40	1	0	189.9	149.5	180.4	151.5	180.4	151.5	189.1	163.7	14.99	647.4	0
9.775	40	5	0	0	0	180	151.5	180	151.5	189.1	163.7	15.21	666.1	0
9.775	40	7	0	185	162.1	180.3	151.7	180.3	151.7	189.1	163.7	14.89	645.6	0
10.025	41	2	0	0	0	185.2	154.8	185.2	154.8	195.5	163.4	13.46	671.4	0
10.025	41	4	0	0	0	184.2	154.3	184.2	154.3	195.5	163.4	14.52	687.1	0
10.025	41	0	0	212.6	160.8	185.7	155.3	185.7	155.3	195.5	163.4	12.79	654.1	0
10.025	41	6	0	0	0	184.8	154.8	184.8	154.8	195.5	163.4	13.78	669	0
10.025	41	3	0	0	0	184.7	154.5	184.7	154.5	195.5	163.4	14.1	682	0
10.025	41	1	0	205.4	168.8	185.6	155.1	185.6	155.1	195.5	163.4	12.97	660.3	0
10.025	41	5	0	0	0	184.4	154.5	184.4	154.5	195.5	163.4	14.31	680.4	0
10.025	41	7	0	181	173.9	185.3	155.1	185.3	155.1	195.5	163.4	13.17	658.8	0
10.275	42	2	0	0	0	188.9	155.4	188.9	155.4	200.2	169.5	18.01	689.4	0
10.275	42	4	0	0	0	188.4	155.3	188.4	155.3	200.2	169.5	18.36	705.5	0
10.275	42	0	0	202.7	155.1	189.7	155.6	189.7	155.6	200.2	169.5	17.36	671.5	0
10.275	42	6	0	0	0	189.3	155.5	189.3	155.5	200.2	169.5	17.66	686.6	0
10.275	42	3	0	0	0	188.6	155.3	188.6	155.3	200.2	169.5	18.29	700.3	0
10.275	42	1	0	196.3	155.5	189.4	155.5	189.4	155.5	200.2	169.5	17.63	678	0
10.275	42	5	0	0	0	188.8	155.4	188.8	155.4	200.2	169.5	18.05	698.4	0
10.275	42	7	0	216.8	165.4	189.6	155.6	189.6	155.6	200.2	169.5	17.4	676.2	0
10.525	43	2	0	0	0	190.9	158.8	190.9	158.8	201.8	170.5	16	705.4	0
10.525	43	4	0	0	0	190.6	158.4	190.6	158.4	201.8	170.5	16.52	722	0
10.525	43	0	0	197.7	175.8	191.2	159.5	191.2	159.5	201.8	170.5	15.32	686.8	0
10.525	43	6	0	0	0	190.9	159.1	190.9	159.1	201.8	170.5	15.79	702.4	0
10.525	43	3	0	0	0	190.7	158.5	190.7	158.5	201.8	170.5	16.37	716.7	0
10.525	43	1	0	196.5	164.5	191.1	159.2	191.1	159.2	201.8	170.5	15.58	693.6	0
10.525	43	5	0	0	0	190.7	158.7	190.7	158.7	201.8	170.5	16.23	714.7	0
10.525	43	7	0	198.2	174.2	191.1	159.4	191.1	159.4	201.8	170.5	15.45	691.6	0
10.775	44	2	0	0	0	194.1	162.7	194.1	162.7	202.4	172.9	13.12	718.6	0
10.775	44	4	0	0	0	193.7	161.9	193.7	161.9	202.4	172.9	13.96	736	0
10.775	44	0	0	209.2	170.2	194.7	163	194.7	163	202.4	172.9	12.5	699.3	0
10.775	44	6	0	0	0	194.3	162.3	194.3	162.3	202.4	172.9	13.28	715.7	0
10.775	44	3	0	0	0	193.8	162.2	193.8	162.2	202.4	172.9	13.64	730.3	0
10.775	44	1	0	201.3	184.3	194.5	162.9	194.5	162.9	202.4	172.9	12.68	706.2	0
10.775	44	5	0	0	0	193.9	162	193.9	162	202.4	172.9	13.75	728.4	0
10.775	44	7	0	207.4	171.3	194.6	162.7	194.6	162.7	202.4	172.9	12.79	704.4	0
11.025	45	2	0	0	0	197.6	166.8	197.6	166.8	202.1	177	11.12	729.7	0
11.025	45	4	0	0	0	197.1	166.1	197.1	166.1	202.1	177	12.02	748	0
11.025	45	0	0	212.2	191	198.2	167.4	198.2	167.4	202.1	177	10.31	709.6	0
11.025	45	6	0	0	0	197.6	166.8	197.6	166.8	202.1	177	11.14	726.9	0
11.025	45	3	0	0	0	197.3	166.3	197.3	166.3	202.1	177	11.69	742	0
11.025	45	1	0	208.8	177.3	198	167.2	198	167.2	202.1	177	10.58	716.8	0
11.025	45	5	0	0	0	197.3	166.3	197.3	166.3	202.1	177	11.71	740.1	0
11.025	45	7	0	208.5	174.4	198	167.2	198	167.2	202.1	177	10.59	715	0
11.275	46	2	0	0	0	198.3	171.4	198.3	171.4	200.7	181.2	10.11	739.8	0
11.275	46	4	0	0	0	198.1	170.5	198.1	170.5	200.7	181.2	11.07	759.1	0
11.275	46	0	0	195.3	186.1	198.3	171.9	198.3	171.9	200.7	181.2	9.687	719.3	0
11.275	46	6	0	0	0	198	171	198	171	200.7	181.2	10.59	737.5	0
11.275	46	3	0	0	0	198.2	170.9	198.2	170.9	200.7	181.2	10.66	752.7	0
11.275	46	1	0	209.2	195.5	198.4	171.8	198.4	171.8	200.7	181.2	9.758	726.6	0
11.275	46	5	0	0	0	198	170.6	198	170.6	200.7	181.2	10.97	751.1	0
11.275	46	7	0	196	177.7	198.1	171.5	198.1	171.5	200.7	181.2	10.06	725.1	0
11.525	47	2	0	0	0	200.7	174	200.7	174	204.2	187.9	14.39	754.2	0
11.525	47	4	0	0	0	200.5	173.6	200.5	173.6	204.2	187.9	14.82	773.9	0
11.525	47	0	0	197.3	178.5	201.1	174.5	201.1	174.5	204.2	187.9	13.8	733.1	0
11.525	47	6	0	0	0	201	174.1	201	174.1	204.2	187.9	14.19	751.6	0
11.525	47	3	0	0	0	200.5	173.7	200.5	173.7	204.2	187.9	14.7	767.4	0
11.525	47	1	0	209.9	183.4	200.9	174.3	200.9	174.3	204.2	187.9	14.03	740.6	0
11.525	47	5	0	0	0	200.7	173.8	200.7	173.8	204.2	187.9	14.56	765.7	0
11.525	47	7	0	232.1	195	201.1	174.4	201.1	174.4	204.2	187.9	13.9	739	0
11.775	48	2	0	0	0	203.2	174.7	203.2	174.7	208.2	185.4	11.77	766	0
11.775	48	4	0	0	0	202.6	174.6	202.6	174.6	208.2	185.4	12.12	786	0
11.775	48	0	0	211	183.7	203.3	175	203.3	175	208.2	185.4	11.51	744.6	0
11.775	48	6	0	0	0	202.7	174.9	202.7	174.9	208.2	185.4	11.84	763.5	0
11.775	48	3	0	0	0	202.9	174.6	202.9	174.6	208.2	185.4	11.98	779.4	0
11.775	48	1	0	220.3	171.6	203.3	174.9	203.3	174.9	208.2	185.4	11.59	752.2	0
11.775	48	5	0	0	0	202.6	174.7	202.6	174.7	208.2	185.4	12.03	777.7	0
11.775	48	7	0	197.2	176.1	203	175	203	175	208.2	185.4	11.63	750.6	0
12.025	49	2	0	0	0	205.4	177.7	205.4	177.7	212.7	185.8	10.86	776.8	0
12.025	49	4	0	0	0	204.8	177.2	204.8	177.2	212.7	185.8	11.68	797.7	0
12.025	49	0	0	201.1	190.2	205.4	178.1	205.4	178.1	212.7	185.8	10.67	755.3	0
12.025	49	6	0	0	0	204.7	177.6	204.7	177.6	212.7	185.8	11.46	774.9	0
12.025	49	3	0	0	0	205.1	177.4	205.1	177.4	212.7	185.8	11.3	790.7	0
12.025	49	1	0	231.8	189.8	205.5	178	205.5	178	212.7	185.8	10.65	762.8	0
12.025	49	5	0	0	0	204.7	177.3	204.7	177.3	212.7	185.8	11.69	789.4	0
12.025	49	7	0	205.5	181.5	205	177.9	205	177.9	212.7	185.8	11.03	761.6	0
12.275	50	2	0	0	0	207.3	179.8	207.3	179.8	219.1	183.9	12.47	789.3	0
12.275	50	4	0	0	0	207	179.4	207	179.4	219.1	183.9	12.93	810.6	0
12.275	50	0	0	225.9	183.1	207.8	180	207.8	180	219.1	183.9	11.98	767.3	0
12.275	50	6	0	0	0	207.4	179.6	207.4	179.6	219.1	183.9	12.39	787.3	0
12.275	50	3	0	0	0	207.1	179.5	207.1	179.5	219.1	183.9	12.78	803.4	0
12.275	50	1	0	206.5	190.7	207.6	179.9	207.6	179.9	219.1	183.9	12.15	775	0
12.275	50	5	0	0	0	207.2	179.5	207.2	179.5	219.1	183.9	12.73	802.1	0
12.275	50	7	0	211.2	188.6	207.7	179.9	207.7	179.9	219.1	183.9	12.1	773.7	0
12.525	51	2	0	0	0	210.2	182	210.2	182	222.3	186.2	12.8	802.1	0
12.525	51	4	0	0	0	210	181.6	210	181.6	222.3	186.2	13.11	823.7	0
12.525	51	0	0	226.8	194.3	211	182.4	211	182.4	222.3	186.2	11.89	779.1	0
12.525	51	6	0	0	0	210.9	182	210.9	182	222.3	186.2	12.16	799.5	0
12.525	51	3	0	0	0	210	181.8	210	181.8	222.3	186.2	13.1	816.5	0
12.525	51	1	0	205.5	188	210.6	182.3	210.6	182.3	222.3	186.2	12.3	787.3	0
12.525	51	5	0	0	0	210.4	181.8	210.4	181.8	222.3	186.2	12.67	814.8	0
12.525	51	7	0	236.6	187.5	211.1	182.3	211.1	182.3	222.3	186.2	11.88	785.6	0
12.775	52	2	0	0	0	215.2	182.8	215.2	182.8	226.3	183.9	11.08	813.2	0
12.775	52	4	0	0	0	214.5	182.6	214.5	182.6	226.3	183.9	11.85	835.6	0
12.775	52	0	0	246	175.8	216	182.8	216	182.8	226.3	183.9	10.28	789.4	0
12.775	52	6	0	0	0	215.3	182.5	215.3	182.5	226.3	183.9	11	810.5	0
12.775	52	3	0	0	0	214.7	182.7	214.7	182.7	226.3	183.9	11.59	828.1	0
12.775	52	1	0	223.9	196.1	215.7	182.8	215.7	182.8	226.3	183.9	10.56	797.8	0
12.775	52	5	0	0	0	214.8	182.5	214.8	182.5	226.3	183.9	11.54	826.3	0
12.775	52	7	0	222	185	215.8	182.6	215.8	182.6	226.3	183.9	10.51	796.1	0
13.025	53	2	0	0	0	218.1	185.2	218.1	185.2	225.3	185.2	7.268	820.4	0
13.025	53	4	0	0	0	217.4	184.8	217.4	184.8	225.3	185.2	7.981	843.5	0
13.025	53	0	0	229.4	213.7	218.2	185.7	218.2	185.7	225.3	185.2	7.114	796.5	0
13.025	53	6	0	0	0	217.6	185.3	217.6	185.3	225.3	185.2	7.767	818.2	0
13.025	53	3	0	0	0	217.7	184.9	217.7	184.9	225.3	185.2	7.649	835.8	0
13.025	53	1	0	235.8	180.7	218.2	185.5	218.2	185.5	225.3	185.2	7.085	804.9	0
13.025	53	5	0	0	0	217.4	185	217.4	185	225.3	185.2	7.98	834.3	0
13.025	53	7	0	210.8	181.8	217.9	185.6	217.9	185.6	225.3	185.2	7.408	803.5	0
13.275	54	2	0	0	0	217.9	185.1	217.9	185.1	222.5	187.3	5.086	825.5	0
13.275	54	4	0	0	0	217.7	185.1	217.7	185.1	222.5	187.3	5.214	848.7	0
13.275	54	0	0	216.6	181.5	217.7	185.1	217.7	185.1	222.5	187.3	5.167	801.7	0
13.275	54	6	0	0	0	217.6	185.2	217.6	185.2	222.5	187.3	5.296	823.5	0
13.275	54	3	0	0	0	217.8	185.1	217.8	185.1	222.5	187.3	5.135	840.9	0
13.275	54	1	0	222.8	184.4	217.8	185.1	217.8	185.1	222.5	187.3	5.108	810	0
13.275	54	5	0	0	0	217.6	185.2	217.6	185.2	222.5	187.3	5.276	839.6	0
13.275	54	7	0	211.5	190.9	217.6	185.2	217.6	185.2	222.5	187.3	5.242	808.8	0
13.525	55	2	0	0	0	218.8	185.6	218.8	185.6	228.4	188.6	10.08	835.6	0
13.525	55	4	0	0	0	218.8	185.4	218.8	185.4	228.4	188.6	10.05	858.8	0
13.525	55	0	0	0	0	219.2	185.5	219.2	185.5	228.4	188.6	9.661	811.4	0
13.525	55	6	0	0	0	219.3	185.4	219.3	185.4	228.4	188.6	9.628	833.2	0
13.525	55	3	0	0	0	218.7	185.5	218.7	185.5	228.4	188.6	10.13	851	0
13.525	55	1	0	215.4	191.3	219	185.6	219	185.6	228.4	188.6	9.871	819.9	0
13.525	55	5	0	0	0	219.1	185.4	219.1	185.4	228.4	188.6	9.832	849.4	0
13.525	55	7	0	242.8	182.4	219.3	185.4	219.3	185.4	228.4	188.6	9.58	818.4	0
13.775	56	2	0	0	0	221.1	190.2	221.1	190.2	233.8	195.4	13.76	849.4	0
13.775	56	4	0	0	0	221	189.5	221	189.5	233.8	195.4	14.1	872.9	0
13.775	56	0	0	0	0	221.1	189.9	221.1	189.9	233.8	195.4	13.9	825.3	0
13.775	56	6	0	0	0	221	189.1	221	189.1	233.8	195.4	14.26	847.4	0
13.775	56	3	0	231	203.2	221.1	189.9	221.1	189.9	233.8	195.4	13.9	864.9	0
13.775	56	1	0	223.5	219.3	221.1	190.2	221.1	190.2	233.8	195.4	13.78	833.7	0
13.775	56	5	0	0	0	221	189.2	221	189.2	233.8	195.4	14.24	863.6	0
13.775	56	7	0	232.7	190	221.1	189.5	221.1	189.5	233.8	195.4	14.1	832.5	0
14.025	57	2	0	0	0	227.2	189	227.2	189	239.1	197.1	14.39	863.7	0
14.025	57	4	0	0	0	226.6	189	226.6	189	239.1	197.1	14.91	887.8	0
14.025	57	0	0	0	0	226.9	189	226.9	189	239.1	197.1	14.6	839.9	0
14.025	57	6	0	0	0	226.3	189	226.3	189	239.1	197.1	15.13	862.6	0
14.025	57	3	0	248.4	185.2	227	189	227	189	239.1	197.1	14.61	879.5	0
14.025	57	1	0	252.3	186.9	227.2	189	227.2	189	239.1	197.1	14.41	848.1	0
14.025	57	5	0	0	0	226.4	189	226.4	189	239.1	197.1	15.11	878.8	0
14.025	57	7	0	242.5	187	226.6	189	226.6	189	239.1	197.1	14.89	847.4	0
14.275	58	2	0	0	0	233.4	191	233.4	191	244.1	197.2	12.4	876.1	0
14.275	58	4	0	0	0	232.5	191.1	232.5	191.1	244.1	197.2	13.11	900.9	0
14.275	58	0	0	0	0	232.6	190.6	232.6	190.6	244.1	197.2	13.29	853.2	0
14.275	58	6	0	0	0	231.6	190.8	231.6	190.8	244.1	197.2	14.04	876.6	0
14.275	58	3	0	260.1	209.6	233.1	191.1	233.1	191.1	244.1	197.2	12.61	892.2	0
14.275	58	1	0	267.3	185.4	233.1	190.8	233.1	190.8	244.1	197.2	12.74	860.8	0
14.275	58	5	0	0	0	231.9	191	231.9	191	244.1	197.2	13.69	892.4	0
14.275	58	7	0	227.2	198.4	232	190.6	232	190.6	244.1	197.2	13.8	861.2	0
14.525	59	2	0	0	0	235.4	189.4	235.4	189.4	245.8	197.4	13.06	889.2	0
14.525	59	4	0	0	0	234.9	189.7	234.9	189.7	245.8	197.4	13.33	914.2	0
14.525	59	0	0	0	0	235.6	189.9	235.6	189.9	245.8	197.4	12.58	865.7	0
14.525	59	6	0	0	0	235.1	190.2	235.1	190.2	245.8	197.4	12.85	889.4	0
14.525	59	3	0	235	178.5	235.1	189.5	235.1	189.5	245.8	197.4	13.27	905.4	0
14.525	59	1	0	252.6	180.5	235.6	189.6	235.6	189.6	245.8	197.4	12.78	873.6	0
14.525	59	5	0	0	0	234.9	189.9	234.9	189.9	245.8	197.4	13.13	905.6	0
14.525	59	7	0	251.4	203.5	235.4	190.1	235.4	190.1	245.8	197.4	12.64	873.8	0
14.775	60	2	0	0	0	238.8	194	238.8	194	246.9	201.2	10.82	900	0
14.775	60	4	0	0	0	238.5	193.6	238.5	193.6	246.9	201.2	11.29	925.5	0
14.775	60	0	0	0	0	239	194	239	194	246.9	201.2	10.68	876.4	0
14.775	60	6	0	0	0	238.7	193.7	238.7	193.7	246.9	201.2	11.15	900.6	0
14.775	60	3	0	247.5	207.6	238.6	193.8	238.6	193.8	246.9	201.2	11.07	916.5	0
14.775	60	1	0	250.2	208.5	238.9	194	238.9	194	246.9	201.2	10.68	884.3	0
14.775	60	5	0	0	0	238.5	193.6	238.5	193.6	246.9	201.2	11.29	916.9	0
14.775	60	7	0	260.4	211.8	238.9	193.8	238.9	193.8	246.9	201.2	10.89	884.7	0
15.025	61	2	0	0	0	240.1	197.7	240.1	197.7	246.1	207	11.11	911.1	0
15.025	61	4	0	0	0	240	197.2	240	197.2	246.1	207	11.49	937	0
15.025	61	0	0	0	0	239.7	198	239.7	198	246.1	207	11.02	887.4	0
15.025	61	6	0	0	0	239.6	197.6	239.6	197.6	246.1	207	11.39	912	0
15.025	61	3	0	252.5	202	240.1	197.4	240.1	197.4	246.1	207	11.31	927.8	0
15.025	61	1	0	240.7	213.8	239.9	197.9	239.9	197.9	246.1	207	11	895.3	0
15.025	61	5	0	0	0	239.8	197.4	239.8	197.4	246.1	207	11.5	928.4	0
15.025	61	7	0	236.2	224.4	239.6	197.9	239.6	197.9	246.1	207	11.19	895.9	0
15.275	62	2	0	0	0	240.4	200.4	240.4	200.4	246.2	206.1	8.087	919.2	0
15.275	62	4	0	0	0	240.2	200	240.2	200	246.2	206.1	8.553	945.6	0
15.275	62	0	0	0	0	240.6	200.4	240.6	200.4	246.2	206.1	7.961	895.4	0
15.275	62	6	0	0	0	240.4	200	240.4	200	246.2	206.1	8.43	920.4	0
15.275	62	3	0	235.1	205.8	240.3	200.2	240.3	200.2	246.2	206.1	8.336	936.1	0
15.275	62	1	0	248.9	217.1	240.6	200.5	240.6	200.5	246.2	206.1	7.954	903.3	0
15.275	62	5	0	0	0	240.3	199.9	240.3	199.9	246.2	206.1	8.566	936.9	0
15.275	62	7	0	244.8	206.3	240.5	200.2	240.5	200.2	246.2	206.1	8.173	904	0
15.525	63	2	0	0	0	240.9	203.6	240.9	203.6	245.9	206.7	5.915	925.1	0
15.525	63	4	0	0	0	241.1	203.1	241.1	203.1	245.9	206.7	6.066	951.6	0
15.525	63	0	0	0	0	241	203.5	241	203.5	245.9	206.7	5.906	901.3	0
15.525	63	6	0	0	0	241.2	203	241.2	203	245.9	206.7	6.072	926.5	0
15.525	63	3	0	247.2	210.7	241	203.4	241	203.4	245.9	206.7	5.984	942.1	0
15.525	63	1	0	232.3	224.2	240.9	203.6	240.9	203.6	245.9	206.7	5.891	909.2	0
15.525	63	5	0	0	0	241.2	202.9	241.2	202.9	245.9	206.7	6.099	943	0
15.525	63	7	0	253.5	207.9	241.1	203.2	241.1	203.2	245.9	206.7	5.981	910	0
15.775	64	2	0	0	0	242.7	205.2	242.7	205.2	244.2	210.7	5.672	930.8	0
15.775	64	4	0	0	0	242.3	204.9	242.3	204.9	244.2	210.7	6.11	957.8	0
15.775	64	0	0	0	0	243	205.5	243	205.5	244.2	210.7	5.345	906.7	0
15.775	64	6	0	0	0	242.5	205.2	242.5	205.2	244.2	210.7	5.77	932.3	0
15.775	64	3	0	237.1	203.7	242.5	205	242.5	205	244.2	210.7	5.938	948.1	0
15.775	64	1	0	261.8	216.2	242.9	205.4	242.9	205.4	244.2	210.7	5.446	914.6	0
15.775	64	5	0	0	0	242.3	205	242.3	205	244.2	210.7	6.011	949	0
15.775	64	7	0	246.8	219.4	242.8	205.4	242.8	205.4	244.2	210.7	5.5	915.5	0
16.025	65	2	0	0	0	240	208.7	240	208.7	243.9	212.2	5.261	936.1	0
16.025	65	4	0	0	0	240	208.3	240	208.3	243.9	212.2	5.449	963.2	0
16.025	65	0	0	0	0	240.6	208.8	240.6	208.8	243.9	212.2	4.721	911.4	0
16.025	65	6	0	0	0	240.7	208.5	240.7	208.5	243.9	212.2	4.918	937.2	0
16.025	65	3	0	219.1	217.6	239.9	208.5	239.9	208.5	243.9	212.2	5.436	953.5	0
16.025	65	1	0	235.9	221.3	240.3	208.8	240.3	208.8	243.9	212.2	4.962	919.6	0
16.025	65	5	0	0	0	240.4	208.4	240.4	208.4	243.9	212.2	5.213	954.3	0
16.025	65	7	0	243.9	227.3	240.7	208.7	240.7	208.7	243.9	212.2	4.734	920.3	0
16.275	66	2	0	0	0	239.3	212.5	239.3	212.5	241.4	212.6	2.11	938.2	0
16.275	66	4	0	0	0	239.3	212.1	239.3	212.1	241.4	212.6	2.175	965.4	0
16.275	66	0	0	0	0	239.8	212.2	239.8	212.2	241.4	212.6	1.658	913	0
16.275	66	6	0	0	0	239.8	211.8	239.8	211.8	241.4	212.6	1.802	939	0
16.275	66	3	0	227	227.6	239.2	212.3	239.2	212.3	241.4	212.6	2.202	955.7	0
16.275	66	1	0	239.6	228.9	239.5	212.4	239.5	212.4	241.4	212.6	1.87	921.4	0
16.275	66	5	0	0	0	239.5	211.8	239.5	211.8	241.4	212.6	2	956.3	0
16.275	66	7	0	246.3	217.9	239.8	211.9	239.8	211.9	241.4	212.6	1.66	921.9	0
16.525	67	2	0	0	0	239.1	214.5	239.1	214.5	242.9	215.3	3.866	942	0
16.525	67	4	0	0	0	238.8	214.6	238.8	214.6	242.9	215.3	4.133	969.5	0
16.525	67	0	0	0	0	239.6	214.4	239.6	214.4	242.9	215.3	3.473	916.5	0
16.525	67	6	0	0	0	239.3	214.4	239.3	214.4	242.9	215.3	3.724	942.7	0
16.525	67	3	0	224.4	231.3	238.9	214.6	238.9	214.6	242.9	215.3	4.062	959.8	0
16.525	67	1	0	250.6	210.9	239.4	214.4	239.4	214.4	242.9	215.3	3.628	925.1	0
16.525	67	5	0	0	0	239	214.5	239	214.5	242.9	215.3	3.969	960.2	0
16.525	67	7	0	241	228.6	239.5	214.3	239.5	214.3	242.9	215.3	3.536	925.4	0
16.775	68	2	0	0	0	238.8	215.7	238.8	215.7	244.2	220.1	7.049	949.1	0
16.775	68	4	0	0	0	238.5	215.5	238.5	215.5	244.2	220.1	7.359	976.9	0
16.775	68	0	0	0	0	240	215.8	240	215.8	244.2	220.1	6.068	922.6	0
16.775	68	6	0	0	0	239.7	215.7	239.7	215.7	244.2	220.1	6.351	949.1	0
16.775	68	3	0	213	215.1	238.5	215.6	238.5	215.6	244.2	220.1	7.362	967.1	0
16.775	68	1	0	248.7	222.5	239.4	215.8	239.4	215.8	244.2	220.1	6.507	931.6	0
16.775	68	5	0	0	0	239.1	215.6	239.1	215.6	244.2	220.1	6.896	967.1	0
16.775	68	7	0	265.6	224.6	240	215.8	240	215.8	244.2	220.1	6.058	931.5	0
17.025	69	2	0	0	0	239.7	218.4	239.7	218.4	247.1	218.1	7.394	956.5	0
17.025	69	4	0	0	0	239.6	218	239.6	218	247.1	218.1	7.512	984.4	0
17.025	69	0	0	0	0	239.8	218.9	239.8	218.9	247.1	218.1	7.381	930	0
17.025	69	6	0	0	0	239.7	218.5	239.7	218.5	247.1	218.1	7.47	956.5	0
17.025	69	3	0	241	214.3	239.7	218.1	239.7	218.1	247.1	218.1	7.458	974.6	0
17.025	69	1	0	243.8	233.8	239.8	218.7	239.8	218.7	247.1	218.1	7.368	938.9	0
17.025	69	5	0	0	0	239.6	218.2	239.6	218.2	247.1	218.1	7.504	974.6	0
17.025	69	7	0	239	243.3	239.7	218.8	239.7	218.8	247.1	218.1	7.422	938.9	0
17.275	70	2	0	0	0	240.7	218.8	240.7	218.8	250.2	224.3	10.99	967.5	0
17.275	70	4	0	0	0	240.8	218.7	240.8	218.7	250.2	224.3	10.94	995.3	0
17.275	70	0	0	0	0	240.9	218.8	240.9	218.8	250.2	224.3	10.83	940.8	0
17.275	70	6	0	0	0	241	218.6	241	218.6	250.2	224.3	10.78	967.3	0
17.275	70	3	0	245.7	219.8	240.7	218.8	240.7	218.8	250.2	224.3	10.99	985.6	0
17.275	70	1	0	234.5	223.5	240.8	218.8	240.8	218.8	250.2	224.3	10.92	949.9	0
17.275	70	5	0	0	0	241	218.6	241	218.6	250.2	224.3	10.85	985.5	0
17.275	70	7	0	259.3	214.8	241	218.7	241	218.7	250.2	224.3	10.78	949.7	0
17.525	71	2	0	0	0	243.6	220.1	243.6	220.1	252.1	223	8.978	976.5	0
17.525	71	4	0	0	0	243	219.8	243	219.8	252.1	223	9.589	1005	0
17.525	71	0	0	0	0	243.6	220	243.6	220	252.1	223	9.002	949.8	0
17.525	71	6	0	0	0	243	219.7	243	219.7	252.1	223	9.62	976.9	0
17.525	71	3	0	245.1	221.1	243.3	219.9	243.3	219.9	252.1	223	9.276	994.8	0
17.525	71	1	0	266.2	231.4	243.7	220.1	243.7	220.1	252.1	223	8.897	958.8	0
17.525	71	5	0	0	0	242.9	219.7	242.9	219.7	252.1	223	9.703	995.2	0
17.525	71	7	0	244.5	219.3	243.3	219.9	243.3	219.9	252.1	223	9.312	959	0
17.775	72	2	0	0	0	242.6	222.7	242.6	222.7	251	226.9	9.417	985.9	0
17.775	72	4	0	0	0	242.6	222.3	242.6	222.3	251	226.9	9.542	1014	0
17.775	72	0	0	0	0	243.1	222.1	243.1	222.1	251	226.9	9.243	959	0
17.775	72	6	0	0	0	243.2	221.6	243.2	221.6	251	226.9	9.404	986.3	0
17.775	72	3	0	232.2	238.8	242.5	222.6	242.5	222.6	251	226.9	9.508	1004	0
17.775	72	1	0	237.7	238.4	242.8	222.5	242.8	222.5	251	226.9	9.3	968.1	0
17.775	72	5	0	0	0	242.9	221.9	242.9	221.9	251	226.9	9.487	1005	0
17.775	72	7	0	259.8	208.4	243.3	221.7	243.3	221.7	251	226.9	9.303	968.3	0
18.025	73	2	0	0	0	243.3	223.4	243.3	223.4	254.4	229.1	12.4	998.3	0
18.025	73	4	0	0	0	243.3	223.5	243.3	223.5	254.4	229.1	12.41	1027	0
18.025	73	0	0	0	0	243.5	223.1	243.5	223.1	254.4	229.1	12.37	971.4	0
18.025	73	6	0	0	0	243.5	223.2	243.5	223.2	254.4	229.1	12.38	998.7	0
18.025	73	3	0	242	235.9	243.3	223.5	243.3	223.5	254.4	229.1	12.41	1017	0
18.025	73	1	0	245.6	219.2	243.4	223.3	243.4	223.3	254.4	229.1	12.38	980.4	0
18.025	73	5	0	0	0	243.4	223.4	243.4	223.4	254.4	229.1	12.39	1017	0
18.025	73	7	0	250	226.8	243.5	223.1	243.5	223.1	254.4	229.1	12.37	980.7	0
18.275	74	2	0	0	0	246.3	224.9	246.3	224.9	254.9	234.9	13.2	1011	0
18.275	74	4	0	0	0	246.2	225.5	246.2	225.5	254.9	234.9	12.85	1040	0
18.275	74	0	0	0	0	246.7	224.8	246.7	224.8	254.9	234.9	13.06	984.5	0
18.275	74	6	0	0	0	246.5	225.4	246.5	225.4	254.9	234.9	12.7	1011	0
18.275	74	3	0	243.3	231.4	246.2	225.2	246.2	225.2	254.9	234.9	13.04	1030	0
18.275	74	1	0	262.4	215.8	246.5	224.7	246.5	224.7	254.9	234.9	13.19	993.6	0
18.275	74	5	0	255.2	242.7	246.3	225.5	246.3	225.5	254.9	234.9	12.72	1030	0
18.275	74	7	0	260.2	230.5	246.6	225.1	246.6	225.1	254.9	234.9	12.85	993.5	0
18.525	75	2	0	0	0	249	229.5	249	229.5	257.4	239.3	12.85	1024	0
18.525	75	4	0	0	0	248.9	230	248.9	230	257.4	239.3	12.51	1052	0
18.525	75	0	0	0	0	249.2	229.4	249.2	229.4	257.4	239.3	12.83	997.3	0
18.525	75	6	0	0	0	249.1	229.9	249.1	229.9	257.4	239.3	12.48	1024	0
18.525	75	3	0	250.1	238	248.9	229.8	248.9	229.8	257.4	239.3	12.68	1042	0
18.525	75	1	0	259.2	237.3	249.1	229.4	249.1	229.4	257.4	239.3	12.89	1007	0
18.525	75	5	0	257.2	257.5	249	230	249	230	257.4	239.3	12.44	1042	0
18.525	75	7	0	260.7	234.8	249.2	229.6	249.2	229.6	257.4	239.3	12.65	1006	0
18.775	76	2	0	0	0	251.3	232.9	251.3	232.9	256.9	241.1	9.925	1034	0
18.775	76	4	0	0	0	251.7	232.3	251.7	232.3	256.9	241.1	10.22	1062	0
18.775	76	0	0	0	0	250.9	232.6	250.9	232.6	256.9	241.1	10.41	1008	0
18.775	76	6	0	0	0	251.4	231.9	251.4	231.9	256.9	241.1	10.69	1035	0
18.775	76	3	0	266.4	242.8	251.5	232.7	251.5	232.7	256.9	241.1	9.99	1052	0
18.775	76	1	0	243.8	258.8	251	232.9	251	232.9	256.9	241.1	10.12	1017	0
18.775	76	5	0	265.6	227.9	251.7	232	251.7	232	256.9	241.1	10.5	1053	0
18.775	76	7	0	252.9	226.6	251.1	232.2	251.1	232.2	256.9	241.1	10.62	1017	0
19.025	77	2	0	0	0	253.6	235.8	253.6	235.8	260	238.7	6.987	1041	0
19.025	77	4	0	0	0	253.5	235.5	253.5	235.5	260	238.7	7.26	1070	0
19.025	77	0	0	0	0	253.4	235.6	253.4	235.6	260	238.7	7.274	1015	0
19.025	77	6	0	0	0	253.3	235.2	253.3	235.2	260	238.7	7.554	1042	0
19.025	77	3	0	259.4	254.4	253.6	235.7	253.6	235.7	260	238.7	7.078	1060	0
19.025	77	1	0	266.1	242.5	253.5	235.7	253.5	235.7	260	238.7	7.087	1024	0
19.025	77	5	0	257.9	230.5	253.3	235.3	253.3	235.3	260	238.7	7.45	1060	0
19.025	77	7	0	251.5	249.8	253.3	235.4	253.3	235.4	260	238.7	7.459	1024	0
19.275	78	2	0	0	0	255.5	236	255.5	236	258.7	239.8	5.022	1046	0
19.275	78	4	0	0	0	255.5	236.2	255.5	236.2	258.7	239.8	4.841	1075	0
19.275	78	0	0	0	0	255.7	236.2	255.7	236.2	258.7	239.8	4.676	1020	0
19.275	78	6	0	0	0	255.7	236.4	255.7	236.4	258.7	239.8	4.494	1047	0
19.275	78	3	0	250.4	225.3	255.5	236	255.5	236	258.7	239.8	4.985	1065	0
19.275	78	1	0	266	239.7	255.6	236.1	255.6	236.1	258.7	239.8	4.878	1029	0
19.275	78	5	0	268.5	249.7	255.6	236.3	255.6	236.3	258.7	239.8	4.64	1065	0
19.275	78	7	0	262.1	238.2	255.7	236.4	255.7	236.4	258.7	239.8	4.531	1029	0
19.525	79	2	0	0	0	256.6	239	256.6	239	265.5	239.4	8.873	1055	0
19.525	79	4	0	0	0	256.7	238.7	256.7	238.7	265.5	239.4	8.81	1083	0
19.525	79	0	0	0	0	256.6	239	256.6	239	265.5	239.4	8.914	1029	0
19.525	79	6	0	0	0	256.7	238.7	256.7	238.7	265.5	239.4	8.851	1055	0
19.525	79	3	0	258.1	248.4	256.7	238.9	256.7	238.9	265.5	239.4	8.834	1073	0
19.525	79	1	0	260.3	250.3	256.6	239.1	256.6	239.1	265.5	239.4	8.904	1038	0
19.525	79	5	0	263.6	237	256.7	238.7	256.7	238.7	265.5	239.4	8.821	1074	0
19.525	79	7	0	255.5	250.9	256.6	238.9	256.6	238.9	265.5	239.4	8.888	1038	0
19.775	80	2	0	0	0	259.2	234.8	259.2	234.8	263.5	238.1	5.408	1061	0
19.775	80	4	0	0	0	259.3	235	259.3	235	263.5	238.1	5.284	1089	0
19.775	80	0	0	0	0	259.3	235	259.3	235	263.5	238.1	5.224	1034	0
19.775	80	6	0	0	0	259.4	235.1	259.4	235.1	263.5	238.1	5.099	1061	0
19.775	80	3	0	262.8	230.4	259.2	234.9	259.2	234.9	263.5	238.1	5.374	1079	0
19.775	80	1	0	264.8	213.9	259.3	234.9	259.3	234.9	263.5	238.1	5.336	1043	0
19.775	80	5	0	267.8	219.6	259.4	235	259.4	235	263.5	238.1	5.173	1079	0
19.775	80	7	0	273.1	235	259.4	235	259.4	235	263.5	238.1	5.133	1043	0
20.025	81	2	0	0	0	262	237.7	262	237.7	265.3	245	8.063	1069	0
20.025	81	4	0	0	0	261.9	237.9	261.9	237.9	265.3	245	7.913	1097	0
20.025	81	0	0	0	0	262.3	237.4	262.3	237.4	265.3	245	8.219	1042	0
20.025	81	6	0	0	0	262.2	237.6	262.2	237.6	265.3	245	8.06	1069	0
20.025	81	3	0	264.7	252.4	261.9	237.8	261.9	237.8	265.3	245	7.965	1087	0
20.025	81	1	0	270.6	237.8	262.1	237.5	262.1	237.5	265.3	245	8.163	1051	0
20.025	81	5	0	265.6	246.9	262	237.8	262	237.8	265.3	245	7.961	1087	0
20.025	81	7	0	281.8	241.4	262.3	237.4	262.3	237.4	265.3	245	8.164	1051	0
20.275	82	2	0	0	0	261.8	240.1	261.8	240.1	267	249.1	10.37	1079	0
20.275	82	4	0	0	0	261.4	240.2	261.4	240.2	267	249.1	10.5	1107	0
20.275	82	0	0	0	0	261.7	240.2	261.7	240.2	267	249.1	10.39	1052	0
20.275	82	6	0	0	0	261.2	240.3	261.2	240.3	267	249.1	10.53	1079	0
20.275	82	3	0	259.3	247	261.6	240.1	261.6	240.1	267	249.1	10.42	1097	0
20.275	82	1	0	274.9	242.2	261.8	240.1	261.8	240.1	267	249.1	10.36	1061	0
20.275	82	5	0	254.9	247.1	261.2	240.3	261.2	240.3	267	249.1	10.54	1097	0
20.275	82	7	0	247.5	255.1	261.4	240.2	261.4	240.2	267	249.1	10.47	1061	0
20.525	83	2	0	0	0	262.4	244.7	262.4	244.7	264.1	250.1	5.598	1085	0
20.525	83	4	0	0	0	262.4	244.6	262.4	244.6	264.1	250.1	5.69	1113	0
20.525	83	0	0	0	0	261.7	244.8	261.7	244.8	264.1	250.1	5.747	1058	0
20.525	83	6	0	0	0	261.7	244.7	261.7	244.7	264.1	250.1	5.841	1085	0
20.525	83	3	0	287.1	251.6	262.5	244.6	262.5	244.6	264.1	250.1	5.628	1103	0
20.525	83	1	0	253.6	261.1	262.1	244.8	262.1	244.8	264.1	250.1	5.647	1067	0
20.525	83	5	0	253.3	257	262	244.7	262	244.7	264.1	250.1	5.769	1103	0
20.525	83	7	0	257	260.6	261.6	244.8	261.6	244.8	264.1	250.1	5.824	1067	0
20.775	84	2	0	0	0	263.8	246.1	263.8	246.1	266	251.8	6.107	1091	0
20.775	84	4	0	0	0	263.2	246.3	263.2	246.3	266	251.8	6.16	1119	0
20.775	84	0	0	0	0	263.6	246	263.6	246	266	251.8	6.252	1064	0
20.775	84	6	0	0	0	263	246.3	263	246.3	266	251.8	6.323	1091	0
20.775	84	3	0	272.7	252.6	263.5	246.2	263.5	246.2	266	251.8	6.102	1109	0
20.775	84	1	0	277.3	244.2	263.8	246	263.8	246	266	251.8	6.175	1073	0
20.775	84	5	0	250.7	253.6	263	246.3	263	246.3	266	251.8	6.256	1109	0
20.775	84	7	0	267.2	250.7	263.3	246.1	263.3	246.1	266	251.8	6.304	1074	0
21.025	85	2	0	0	0	263.3	246.3	263.3	246.3	263.3	251.5	5.247	1096	0
21.025	85	4	0	0	0	263.2	246	263.2	246	263.3	251.5	5.521	1124	0
21.025	85	0	0	0	0	263.3	246.3	263.3	246.3	263.3	251.5	5.156	1070	0
21.025	85	6	0	0	0	263.2	246.1	263.2	246.1	263.3	251.5	5.431	1097	0
21.025	85	3	0	264.5	240.1	263.2	246.1	263.2	246.1	263.3	251.5	5.398	1114	0
21.025	85	1	0	261	256.6	263.3	246.3	263.3	246.3	263.3	251.5	5.159	1078	0
21.025	85	5	0	259	243.9	263.2	246	263.2	246	263.3	251.5	5.519	1115	0
21.025	85	7	0	268	243.3	263.3	246.2	263.3	246.2	263.3	251.5	5.279	1079	0
21.275	86	2	0	0	0	262.5	249.6	262.5	249.6	268.5	257.9	10.29	1106	0
21.275	86	4	0	0	0	262.8	249.1	262.8	249.1	268.5	257.9	10.48	1135	0
21.275	86	0	0	0	0	262.8	249	262.8	249	268.5	257.9	10.55	1080	0
21.275	86	6	0	0	0	263.1	248.6	263.1	248.6	268.5	257.9	10.77	1108	0
21.275	86	3	0	253.8	267.7	262.6	249.4	262.6	249.4	268.5	257.9	10.35	1125	0
21.275	86	1	0	256.2	265.7	262.6	249.4	262.6	249.4	268.5	257.9	10.39	1089	0
21.275	86	5	0	269.2	247.6	263	248.8	263	248.8	268.5	257.9	10.65	1126	0
21.275	86	7	0	269.5	243.2	263	248.7	263	248.7	268.5	257.9	10.7	1090	0
21.525	87	2	0	0	0	267.3	252.9	267.3	252.9	270.4	260.8	8.466	1115	0
21.525	87	4	0	0	0	267.4	252.6	267.4	252.6	270.4	260.8	8.695	1144	0
21.525	87	0	0	0	0	267.6	253.1	267.6	253.1	270.4	260.8	8.2	1088	0
21.525	87	6	0	0	0	267.7	252.8	267.7	252.8	270.4	260.8	8.434	1116	0
21.525	87	3	0	277.6	255	267.3	252.7	267.3	252.7	270.4	260.8	8.621	1133	0
21.525	87	1	0	274.8	270.8	267.5	253	267.5	253	270.4	260.8	8.297	1097	0
21.525	87	5	0	277.1	260.3	267.6	252.7	267.6	252.7	270.4	260.8	8.6	1134	0
21.525	87	7	0	298	269	267.7	253	267.7	253	270.4	260.8	8.276	1098	0
21.775	88	2	0	0	0	269.8	255.5	269.8	255.5	275.7	263.1	9.596	1124	0
21.775	88	4	0	0	0	269.8	255.8	269.8	255.8	275.7	263.1	9.375	1153	0
21.775	88	0	0	0	0	270.1	255.5	270.1	255.5	275.7	263.1	9.489	1098	0
21.775	88	6	0	0	0	270.1	255.7	270.1	255.7	275.7	263.1	9.264	1125	0
21.775	88	3	0	279.6	266.1	269.8	255.7	269.8	255.7	275.7	263.1	9.502	1143	0
21.775	88	1	0	267.2	254.6	269.9	255.5	269.9	255.5	275.7	263.1	9.577	1107	0
21.775	88	5	0	268	267.1	270	255.8	270	255.8	275.7	263.1	9.285	1143	0
21.775	88	7	0	297.6	266.2	270.1	255.6	270.1	255.6	275.7	263.1	9.359	1107	0
22.025	89	2	0	0	0	273.5	257.6	273.5	257.6	281.1	267.8	12.66	1137	0
22.025	89	4	0	0	0	273.5	257.2	273.5	257.2	281.1	267.8	12.95	1166	0
22.025	89	0	0	0	0	272.8	257.4	272.8	257.4	281.1	267.8	13.22	1111	0
22.025	89	6	0	0	0	272.8	257	272.8	257	281.1	267.8	13.5	1139	0
22.025	89	3	0	300.3	264.7	273.6	257.5	273.6	257.5	281.1	267.8	12.72	1155	0
22.025	89	1	0	274.6	271.2	273.1	257.6	273.1	257.6	281.1	267.8	12.89	1119	0
22.025	89	5	0	276.6	253.5	273.2	257.1	273.2	257.1	281.1	267.8	13.27	1157	0
22.025	89	7	0	0	0	272.7	257.2	272.7	257.2	281.1	267.8	13.45	1121	0
22.275	90	2	0	0	0	275.1	262.2	275.1	262.2	287.3	272.8	16.23	1153	0
22.275	90	4	0	0	0	275.1	261.9	275.1	261.9	287.3	272.8	16.44	1182	0
22.275	90	0	0	0	0	274.8	261.9	274.8	261.9	287.3	272.8	16.62	1128	0
22.275	90	6	0	0	0	274.8	261.6	274.8	261.6	287.3	272.8	16.83	1156	0
22.275	90	3	0	282.7	272.7	275.1	262.1	275.1	262.1	287.3	272.8	16.28	1172	0
22.275	90	1	0	280.2	286.1	274.9	262.1	274.9	262.1	287.3	272.8	16.39	1136	0
22.275	90	5	0	280	274.1	274.9	261.7	274.9	261.7	287.3	272.8	16.67	1173	0
22.275	90	7	0	0	0	274.8	261.7	274.8	261.7	287.3	272.8	16.79	1137	0
22.525	91	2	0	0	0	278.9	263.4	278.9	263.4	289.7	272.1	13.93	1167	0
22.525	91	4	0	0	0	279	263.2	279	263.2	289.7	272.1	13.94	1196	0
22.525	91	0	0	0	0	278.5	263.1	278.5	263.1	289.7	272.1	14.4	1142	0
22.525	91	6	0	0	0	278.5	263	278.5	263	289.7	272.1	14.41	1170	0
22.525	91	3	0	294.3	271.4	279	263.3	279	263.3	289.7	272.1	13.86	1186	0
22.525	91	1	0	288.6	267.2	278.7	263.3	278.7	263.3	289.7	272.1	14.16	1150	0
22.525	91	5	0	291.7	263.8	278.8	263.1	278.8	263.1	289.7	272.1	14.18	1187	0
22.525	91	7	0	0	0	278.4	263	278.4	263	289.7	272.1	14.49	1152	0
22.775	92	2	0	0	0	282.4	268.8	282.4	268.8	295.8	278.6	16.61	1184	0
22.775	92	4	0	0	0	283.2	268.8	283.2	268.8	295.8	278.6	15.98	1212	0
22.775	92	0	0	0	0	281.9	268.3	281.9	268.3	295.8	278.6	17.27	1159	0
22.775	92	6	0	0	0	282.8	268.3	282.8	268.3	295.8	278.6	16.63	1187	0
22.775	92	3	0	299	286.5	282.9	268.8	282.9	268.8	295.8	278.6	16.19	1202	0
22.775	92	1	0	276.9	287.5	282	268.6	282	268.6	295.8	278.6	17.03	1167	0
22.775	92	5	0	311.1	286.5	283.1	268.5	283.1	268.5	295.8	278.6	16.2	1204	0
22.775	92	7	0	0	0	282.3	268.2	282.3	268.2	295.8	278.6	17.05	1169	0
23.025	93	2	0	0	0	287	268.5	287	268.5	298	276.9	13.88	1198	0
23.025	93	4	0	0	0	286.8	269	286.8	269	298	276.9	13.77	1226	0
23.025	93	0	0	0	0	286.4	268.4	286.4	268.4	298	276.9	14.39	1174	0
23.025	93	6	0	0	0	286.2	268.9	286.2	268.9	298	276.9	14.29	1201	0
23.025	93	3	0	307.9	269.7	287	268.8	287	268.8	298	276.9	13.75	1216	0
23.025	93	1	0	302.6	258.9	286.7	268.4	286.7	268.4	298	276.9	14.15	1181	0
23.025	93	5	0	290.3	279.5	286.5	269	286.5	269	298	276.9	14.01	1218	0
23.025	93	7	0	0	0	286.2	268.7	286.2	268.7	298	276.9	14.42	1183	0
23.275	94	2	0	0	0	288.9	271.7	288.9	271.7	295.6	279.3	10.06	1208	0
23.275	94	4	0	0	0	288.6	271.8	288.6	271.8	295.6	279.3	10.19	1236	0
23.275	94	0	0	0	0	288.7	271.6	288.7	271.6	295.6	279.3	10.29	1184	0
23.275	94	6	0	0	0	288.4	271.7	288.4	271.7	295.6	279.3	10.42	1211	0
23.275	94	3	0	295.8	275.3	288.8	271.8	288.8	271.8	295.6	279.3	10.09	1226	0
23.275	94	1	0	302.3	283.6	288.9	271.6	288.9	271.6	295.6	279.3	10.15	1191	0
23.275	94	5	0	288.8	287.4	288.4	271.8	288.4	271.8	295.6	279.3	10.33	1228	0
23.275	94	7	0	0	0	288.5	271.7	288.5	271.7	295.6	279.3	10.39	1194	0
23.525	95	2	0	0	0	290.4	272.6	290.4	272.6	295.7	285.4	13.82	1221	0
23.525	95	4	0	0	0	290.7	272.8	290.7	272.8	295.7	285.4	13.51	1250	0
23.525	95	0	0	0	0	290.2	272.5	290.2	272.5	295.7	285.4	13.95	1198	0
23.525	95	6	0	0	0	290.5	272.8	290.5	272.8	295.7	285.4	13.62	1225	0
23.525	95	3	0	297	274.1	290.6	272.7	290.6	272.7	295.7	285.4	13.64	1239	0
23.525	95	1	0	0	0	290.3	272.5	290.3	272.5	295.7	285.4	13.94	1205	0
23.525	95	5	0	302.1	281.4	290.6	272.8	290.6	272.8	295.7	285.4	13.52	1242	0
23.525	95	7	0	0	0	290.3	272.7	290.3	272.7	295.7	285.4	13.81	1208	0
23.775	96	2	0	0	0	293.1	271.8	293.1	271.8	301.9	284.3	15.27	1237	0
23.775	96	4	0	0	0	293.3	271.9	293.3	271.9	301.9	284.3	15.07	1265	0
23.775	96	0	0	0	0	292.6	272.1	292.6	272.1	301.9	284.3	15.37	1213	0
23.775	96	6	0	0	0	292.8	272.2	292.8	272.2	301.9	284.3	15.16	1240	0
23.775	96	3	0	312.3	261.1	293.3	271.8	293.3	271.8	301.9	284.3	15.16	1254	0
23.775	96	1	0	0	0	292.8	271.9	292.8	271.9	301.9	284.3	15.35	1221	0
23.775	96	5	0	298.7	276.2	293.1	272.1	293.1	272.1	301.9	284.3	15.08	1257	0
23.775	96	7	0	0	0	292.6	272.2	292.6	272.2	301.9	284.3	15.28	1223	0
24.025	97	2	0	0	0	295.2	276.3	295.2	276.3	302.8	291	16.61	1253	0
24.025	97	4	0	0	0	295.4	276.7	295.4	276.7	302.8	291	16.08	1281	0
24.025	97	0	0	0	0	294.8	275.6	294.8	275.6	302.8	291	17.38	1231	0
24.025	97	6	0	0	0	295.1	276.1	295.1	276.1	302.8	291	16.81	1257	0
24.025	97	3	0	307.7	300.3	295.4	276.6	295.4	276.6	302.8	291	16.23	1271	0
24.025	97	1	0	0	0	295	275.9	295	275.9	302.8	291	17.08	1238	0
24.025	97	5	0	304.6	294.5	295.3	276.5	295.3	276.5	302.8	291	16.36	1273	0
24.025	97	7	0	0	0	294.9	275.7	294.9	275.7	302.8	291	17.21	1240	0
24.275	98	2	0	0	0	297.6	277.9	297.6	277.9	299.9	297.6	19.88	1273	0
24.275	98	4	0	0	0	297.9	278	297.9	278	299.9	297.6	19.74	1301	0
24.275	98	0	0	0	0	297.2	277.5	297.2	277.5	299.9	297.6	20.34	1251	0
24.275	98	6	0	0	0	297.5	277.6	297.5	277.6	299.9	297.6	20.18	1277	0
24.275	98	3	0	310.6	290.5	297.8	278	297.8	278	299.9	297.6	19.74	1290	0
24.275	98	1	0	0	0	297.3	277.7	297.3	277.7	299.9	297.6	20.13	1258	0
24.275	98	5	0	308.9	280.5	297.7	277.8	297.7	277.8	299.9	297.6	19.93	1293	0
24.275	98	7	0	0	0	297.3	277.5	297.3	277.5	299.9	297.6	20.33	1260	0
24.525	99	2	0	0	0	296.2	280.9	296.2	280.9	297.3	295.2	14.35	1288	0
24.525	99	4	0	0	0	296.1	281.4	296.1	281.4	297.3	295.2	13.83	1314	0
24.525	99	0	0	0	0	296.4	280.5	296.4	280.5	297.3	295.2	14.74	1266	0
24.525	99	6	0	0	0	296.3	281.1	296.3	281.1	297.3	295.2	14.2	1291	0
24.525	99	3	0	288.8	293.9	296.2	281.2	296.2	281.2	297.3	295.2	14.03	1304	0
24.525	99	1	0	0	0	296.4	280.6	296.4	280.6	297.3	295.2	14.63	1272	0
24.525	99	5	0	291	301.3	296.2	281.3	296.2	281.3	297.3	295.2	13.93	1307	0
24.525	99	7	0	0	0	296.4	280.7	296.4	280.7	297.3	295.2	14.53	1275	0
24.775	100	2	0	0	0	295.5	282.7	295.5	282.7	294.6	295	12.25	1300	0
24.775	100	4	0	0	0	295.2	283.3	295.2	283.3	294.6	295	11.65	1326	0
24.775	100	0	0	0	0	295.5	282.7	295.5	282.7	294.6	295	12.3	1278	0
24.775	100	6	0	0	0	295.2	283.3	295.2	283.3	294.6	295	11.68	1303	0
24.775	100	3	0	296.8	283.1	295.4	283	295.4	283	294.6	295	11.93	1316	0
24.775	100	1	0	0	0	295.6	282.6	295.6	282.6	294.6	295	12.37	1285	0
24.775	100	5	0	284.4	304.1	295.2	283.4	295.2	283.4	294.6	295	11.57	1318	0
24.775	100	7	0	0	0	295.4	283	295.4	283	294.6	295	11.99	1287	0
25.025	101	2	0	0	0	296.6	286.5	296.6	286.5	300.9	296.8	11.18	1311	0
25.025	101	4	0	0	0	296.6	287	296.6	287	300.9	296.8	10.69	1337	0
25.025	101	0	0	0	0	296.3	286	296.3	286	300.9	296.8	11.73	1290	0
25.025	101	6	0	0	0	296.2	286.6	296.2	286.6	300.9	296.8	11.21	1314	0
25.025	101	3	0	308.8	302	296.6	286.8	296.6	286.8	300.9	296.8	10.85	1327	0
25.025	101	1	0	0	0	296.5	286.1	296.5	286.1	300.9	296.8	11.53	1296	0
25.025	101	5	0	294.4	307.1	296.4	286.9	296.4	286.9	300.9	296.8	10.87	1329	0
25.025	101	7	0	0	0	296.2	286.2	296.2	286.2	300.9	296.8	11.55	1298	0
25.275	102	2	0	0	0	297	289.4	297	289.4	306.1	300.3	14.27	1325	0
25.275	102	4	0	307.7	310.9	297.2	289.8	297.2	289.8	306.1	300.3	13.79	1351	0
25.275	102	0	0	0	0	297	288.8	297	288.8	306.1	300.3	14.71	1304	0
25.275	102	6	0	0	0	297.3	289.3	297.3	289.3	306.1	300.3	14.19	1328	0
25.275	102	3	0	288.5	295.8	297.1	289.7	297.1	289.7	306.1	300.3	13.97	1341	0
25.275	102	1	0	0	0	296.9	289.1	296.9	289.1	306.1	300.3	14.57	1311	0
25.275	102	5	0	301.7	288.1	297.3	289.6	297.3	289.6	306.1	300.3	13.91	1343	0
25.275	102	7	0	0	0	297.1	289	297.1	289	306.1	300.3	14.52	1313	0
25.525	103	2	0	0	0	300	291.3	300	291.3	306.5	303.3	13.56	1339	0
25.525	103	4	0	303.4	292.9	300.6	291.7	300.6	291.7	306.5	303.3	13.02	1364	0
25.525	103	0	0	0	0	299.8	291.1	299.8	291.1	306.5	303.3	13.94	1318	0
25.525	103	6	0	0	0	300.3	291.4	300.3	291.4	306.5	303.3	13.36	1342	0
25.525	103	3	0	308	299.1	300.3	291.5	300.3	291.5	306.5	303.3	13.23	1354	0
25.525	103	1	0	0	0	299.8	291.1	299.8	291.1	306.5	303.3	13.83	1325	0
25.525	103	5	0	320.6	302.6	300.5	291.6	300.5	291.6	306.5	303.3	13.11	1356	0
25.525	103	7	0	0	0	300	291.2	300	291.2	306.5	303.3	13.7	1327	0
25.775	104	2	0	0	0	302.2	293.4	302.2	293.4	308.1	304.2	12.24	1351	0
25.775	104	4	0	302.1	305.2	302.7	293.8	302.7	293.8	308.1	304.2	11.68	1375	0
25.775	104	0	0	0	0	302.1	293.1	302.1	293.1	308.1	304.2	12.57	1331	0
25.775	104	6	0	0	0	302.6	293.5	302.6	293.5	308.1	304.2	11.97	1354	0
25.775	104	3	0	305.7	296.4	302.5	293.7	302.5	293.7	308.1	304.2	11.91	1366	0
25.775	104	1	0	0	0	302.1	293.2	302.1	293.2	308.1	304.2	12.5	1337	0
25.775	104	5	0	322.9	299.4	302.8	293.7	302.8	293.7	308.1	304.2	11.74	1368	0
25.775	104	7	0	0	0	302.4	293.3	302.4	293.3	308.1	304.2	12.31	1339	0
26.025	105	2	0	0	0	304.9	293.4	304.9	293.4	310.3	301.5	9.751	1361	0
26.025	105	4	0	309.5	305	305.3	293.6	305.3	293.6	310.3	301.5	9.349	1385	0
26.025	105	0	0	0	0	304.5	293.5	304.5	293.5	310.3	301.5	9.89	1341	0
26.025	105	6	0	0	0	305	293.7	305	293.7	310.3	301.5	9.46	1363	0
26.025	105	3	0	314	282.4	305.1	293.5	305.1	293.5	310.3	301.5	9.528	1376	0
26.025	105	1	0	0	0	304.7	293.4	304.7	293.4	310.3	301.5	9.886	1347	0
26.025	105	5	0	316.3	293.4	305.2	293.7	305.2	293.7	310.3	301.5	9.341	1377	0
26.025	105	7	0	0	0	304.7	293.6	304.7	293.6	310.3	301.5	9.691	1349	0
26.275	106	2	0	0	0	306.3	295.7	306.3	295.7	309.2	300.2	5.368	1366	0
26.275	106	4	0	297.6	317	306.3	295.8	306.3	295.8	309.2	300.2	5.241	1390	0
26.275	106	0	0	0	0	306	295.1	306	295.1	309.2	300.2	5.97	1347	0
26.275	106	6	0	0	0	306	295.3	306	295.3	309.2	300.2	5.814	1369	0
26.275	106	3	0	322.1	302	306.4	295.8	306.4	295.8	309.2	300.2	5.216	1381	0
26.275	106	1	0	0	0	306.2	295.4	306.2	295.4	309.2	300.2	5.686	1353	0
26.275	106	5	0	311.9	285.1	306.2	295.6	306.2	295.6	309.2	300.2	5.501	1383	0
26.275	106	7	0	0	0	306	295.1	306	295.1	309.2	300.2	5.986	1355	0
26.525	107	2	0	0	0	308	298.5	308	298.5	315.6	305.4	10.27	1376	0
26.525	107	4	0	310.3	318	308.4	298.8	308.4	298.8	315.6	305.4	9.817	1400	0
26.525	107	0	0	0	0	307.8	297.9	307.8	297.9	315.6	305.4	10.84	1358	0
26.525	107	6	0	0	0	308.2	298.2	308.2	298.2	315.6	305.4	10.35	1379	0
26.525	107	3	0	311.9	308.9	308.2	298.8	308.2	298.8	315.6	305.4	9.958	1391	0
26.525	107	1	0	0	0	307.9	298.2	307.9	298.2	315.6	305.4	10.62	1363	0
26.525	107	5	0	321.8	295.6	308.3	298.5	308.3	298.5	315.6	305.4	10	1393	0
26.525	107	7	0	0	0	308	297.9	308	297.9	315.6	305.4	10.68	1365	0
26.775	108	2	0	0	0	310.2	299.7	310.2	299.7	319.7	310.9	14.63	1391	0
26.775	108	4	0	310.8	299.8	310.5	300	310.5	300	319.7	310.9	14.2	1414	0
26.775	108	0	0	0	0	310	299.6	310	299.6	319.7	310.9	14.92	1373	0
26.775	108	6	0	0	0	310.3	299.9	310.3	299.9	319.7	310.9	14.46	1394	0
26.775	108	3	0	318.5	304	310.4	299.9	310.4	299.9	319.7	310.9	14.37	1405	0
26.775	108	1	0	0	0	310	299.6	310	299.6	319.7	310.9	14.84	1378	0
26.775	108	5	0	323.6	310.3	310.5	300	310.5	300	319.7	310.9	14.26	1407	0
26.775	108	7	0	0	0	310.1	299.7	310.1	299.7	319.7	310.9	14.73	1380	0
27.025	109	2	0	0	0	311.8	302.6	311.8	302.6	323.2	310.4	13.81	1405	0
27.025	109	4	0	323.4	320.1	312.1	303.3	312.1	303.3	323.2	310.4	13.13	1427	0
27.025	109	0	0	0	0	311.6	302.4	311.6	302.4	323.2	310.4	14.11	1387	0
27.025	109	6	0	0	0	311.9	303.1	311.9	303.1	323.2	310.4	13.38	1407	0
27.025	109	3	0	311.4	298.3	312	303	312	303	323.2	310.4	13.42	1419	0
27.025	109	1	0	0	0	311.6	302.3	311.6	302.3	323.2	310.4	14.07	1392	0
27.025	109	5	0	316.3	320.7	312.1	303.3	312.1	303.3	323.2	310.4	13.15	1420	0
27.025	109	7	0	0	0	311.7	302.7	311.7	302.7	323.2	310.4	13.78	1394	0
27.275	110	2	0	0	0	314.1	304.3	314.1	304.3	323	309.9	10.45	1415	0
27.275	110	4	0	310.8	310.5	314.1	304.4	314.1	304.4	323	309.9	10.47	1438	0
27.275	110	0	0	0	0	313.6	303.9	313.6	303.9	323	309.9	11.14	1398	0
27.275	110	6	0	0	0	313.5	304	313.5	304	323	309.9	11.14	1418	0
27.275	110	3	0	338.1	313.9	314.2	304.4	314.2	304.4	323	309.9	10.36	1429	0
27.275	110	1	0	0	0	313.9	304.1	313.9	304.1	323	309.9	10.78	1403	0
27.275	110	5	0	312	300.3	313.8	304.2	313.8	304.2	323	309.9	10.8	1431	0
27.275	110	7	0	0	0	313.4	303.9	313.4	303.9	323	309.9	11.25	1405	0
27.525	111	2	0	0	0	316.2	306.7	316.2	306.7	323.8	310.7	8.618	1424	0
27.525	111	4	0	335.4	312.6	316.6	306.8	316.6	306.8	323.8	310.7	8.193	1446	0
27.525	111	0	0	0	0	315.8	306.1	315.8	306.1	323.8	310.7	9.213	1407	0
27.525	111	6	0	0	0	316.3	306.3	316.3	306.3	323.8	310.7	8.751	1427	0
27.525	111	3	0	315.6	323.4	316.4	306.8	316.4	306.8	323.8	310.7	8.316	1437	0
27.525	111	1	0	0	0	315.9	306.4	315.9	306.4	323.8	310.7	8.98	1412	0
27.525	111	5	0	320.6	306.4	316.5	306.6	316.5	306.6	323.8	310.7	8.399	1440	0
27.525	111	7	0	0	0	316	306.1	316	306.1	323.8	310.7	9.072	1414	0
27.775	112	2	0	0	0	316.6	309.6	316.6	309.6	327.1	311.1	10.57	1435	0
27.775	112	4	0	318.6	321.7	316.9	309.9	316.9	309.9	327.1	311.1	10.24	1456	0
27.775	112	0	0	0	0	316.7	309	316.7	309	327.1	311.1	10.62	1418	0
27.775	112	6	0	0	0	317	309.3	317	309.3	327.1	311.1	10.26	1437	0
27.775	112	3	0	311.9	322.5	316.8	309.8	316.8	309.8	327.1	311.1	10.4	1448	0
27.775	112	1	0	0	0	316.6	309.2	316.6	309.2	327.1	311.1	10.65	1423	0
27.775	112	5	0	326.5	313.2	317	309.7	317	309.7	327.1	311.1	10.19	1450	0
27.775	112	7	0	0	0	316.9	309.1	316.9	309.1	327.1	311.1	10.44	1425	0
28.025	113	2	0	0	0	321.4	310	321.4	310	329	315.9	9.651	1444	0
28.025	113	4	0	347.5	300.7	322.3	310.6	322.3	310.6	329	315.9	8.56	1465	0
28.025	113	0	0	0	0	320.9	310.3	320.9	310.3	329	315.9	9.865	1428	0
28.025	113	6	0	0	0	321.9	310.9	321.9	310.9	329	315.9	8.711	1446	0
28.025	113	3	0	322	303.3	321.9	310.3	321.9	310.3	329	315.9	9.07	1457	0
28.025	113	1	0	0	0	321	310.1	321	310.1	329	315.9	9.935	1433	0
28.025	113	5	0	343.2	339.1	322.3	310.8	322.3	310.8	329	315.9	8.464	1458	0
28.025	113	7	0	0	0	321.3	310.6	321.3	310.6	329	315.9	9.308	1434	0
28.275	114	2	0	0	0	324.4	310.3	324.4	310.3	335.9	313.5	11.94	1456	0
28.275	114	4	0	327.7	321.7	324.7	310.7	324.7	310.7	335.9	313.5	11.5	1476	0
28.275	114	0	0	0	0	323.9	310.5	323.9	310.5	335.9	313.5	12.34	1440	0
28.275	114	6	0	0	0	324.3	310.9	324.3	310.9	335.9	313.5	11.87	1458	0
28.275	114	3	0	338.7	294.6	324.6	310.4	324.6	310.4	335.9	313.5	11.66	1469	0
28.275	114	1	0	0	0	324.1	310.3	324.1	310.3	335.9	313.5	12.21	1445	0
28.275	114	5	0	333.9	316.7	324.6	310.8	324.6	310.8	335.9	313.5	11.61	1470	0
28.275	114	7	0	0	0	324	310.7	324	310.7	335.9	313.5	12.16	1446	0
28.525	115	2	0	0	0	327.2	309.7	327.2	309.7	337.4	319	13.81	1470	0
28.525	115	4	0	331.2	323.9	327.8	309.2	327.8	309.2	337.4	319	13.7	1490	0
28.525	115	0	0	0	0	327	309.4	327	309.4	337.4	319	14.2	1454	0
28.525	115	6	0	0	0	327.6	308.9	327.6	308.9	337.4	319	14.08	1472	0
28.525	115	3	0	332	313.6	327.6	309.5	327.6	309.5	337.4	319	13.69	1482	0
28.525	115	1	0	0	0	327	309.7	327	309.7	337.4	319	14.02	1459	0
28.525	115	5	0	350.4	275.6	327.8	309	327.8	309	337.4	319	13.87	1484	0
28.525	115	7	0	0	0	327.3	309.1	327.3	309.1	337.4	319	14.19	1460	0
28.775	116	2	0	0	0	329.3	311.7	329.3	311.7	343.8	320.6	17.02	1487	0
28.775	116	4	0	346.2	313.7	329.7	311.8	329.7	311.8	343.8	320.6	16.69	1506	0
28.775	116	0	0	0	0	329	311.2	329	311.2	343.8	320.6	17.57	1472	0
28.775	116	6	0	0	0	329.3	311.4	329.3	311.4	343.8	320.6	17.21	1489	0
28.775	116	3	0	331.3	326.7	329.5	311.8	329.5	311.8	343.8	320.6	16.77	1499	0
28.775	116	1	0	0	0	329.1	311.5	329.1	311.5	343.8	320.6	17.34	1476	0
28.775	116	5	0	328.6	316.1	329.5	311.6	329.5	311.6	343.8	320.6	16.89	1501	0
28.775	116	7	0	0	0	329.1	311.2	329.1	311.2	343.8	320.6	17.47	1478	0
29.025	117	2	0	0	0	332.1	315.9	332.1	315.9	349.2	325.4	19.55	1507	0
29.025	117	4	0	337.2	339.2	332.2	316.3	332.2	316.3	349.2	325.4	19.23	1526	0
29.025	117	0	0	0	0	331.4	315	331.4	315	349.2	325.4	20.58	1492	0
29.025	117	6	0	0	0	331.6	315.4	331.6	315.4	349.2	325.4	20.22	1509	0
29.025	117	3	0	351.2	331.8	332.3	316.2	332.3	316.2	349.2	325.4	19.24	1518	0
29.025	117	1	0	0	0	331.8	315.3	331.8	315.3	349.2	325.4	20.11	1496	0
29.025	117	5	0	0	0	331.9	316	331.9	316	349.2	325.4	19.66	1520	0
29.025	117	7	0	0	0	331.4	315	331.4	315	349.2	325.4	20.57	1498	0
29.275	118	2	0	0	0	333.8	317.6	333.8	317.6	347.3	323.7	14.81	1521	0
29.275	118	4	0	349.9	324.9	334.1	317.8	334.1	317.8	347.3	323.7	14.45	1540	0
29.275	118	0	0	0	0	333.4	317.1	333.4	317.1	347.3	323.7	15.39	1508	0
29.275	118	6	0	0	0	333.7	317.3	333.7	317.3	347.3	323.7	15	1524	0
29.275	118	3	0	335.9	327.1	334	317.7	334	317.7	347.3	323.7	14.54	1533	0
29.275	118	1	0	0	0	333.6	317.3	333.6	317.3	347.3	323.7	15.15	1512	0
29.275	118	5	0	0	0	334	317.6	334	317.6	347.3	323.7	14.66	1535	0
29.275	118	7	0	0	0	333.5	317.1	333.5	317.1	347.3	323.7	15.29	1514	0
29.525	119	2	0	0	0	335	318.8	335	318.8	351.7	323.5	17.38	1539	0
29.525	119	4	0	331.7	323.1	334.9	318.9	334.9	318.9	351.7	323.5	17.39	1557	0
29.525	119	0	0	0	0	334.6	318.4	334.6	318.4	351.7	323.5	17.8	1525	0
29.525	119	6	0	0	0	334.6	318.5	334.6	318.5	351.7	323.5	17.8	1542	0
29.525	119	3	0	348.2	326.1	335	318.9	335	318.9	351.7	323.5	17.32	1550	0
29.525	119	1	0	0	0	334.8	318.6	334.8	318.6	351.7	323.5	17.59	1529	0
29.525	119	5	0	0	0	334.8	318.7	334.8	318.7	351.7	323.5	17.59	1552	0
29.525	119	7	0	0	0	334.6	318.4	334.6	318.4	351.7	323.5	17.87	1531	0
29.775	120	2	0	0	0	335.3	321.9	335.3	321.9	354.9	323.4	19.64	1558	0
29.775	120	4	0	336.3	328.1	335.4	322	335.4	322	354.9	323.4	19.62	1577	0
29.775	120	0	0	0	0	335.2	321.1	335.2	321.1	354.9	323.4	19.86	1545	0
29.775	120	6	0	0	0	335.2	321.3	335.2	321.3	354.9	323.4	19.83	1562	0
29.775	120	3	0	339	343.7	335.4	322.1	335.4	322.1	354.9	323.4	19.6	1570	0
29.775	120	1	0	0	0	335.3	321.5	335.3	321.5	354.9	323.4	19.75	1549	0
29.775	120	5	0	0	0	335.3	321.7	335.3	321.7	354.9	323.4	19.71	1572	0
29.775	120	7	0	0	0	335.2	321.1	335.2	321.1	354.9	323.4	19.88	1551	0
30.025	121	2	0	0	0	338.1	322	338.1	322	359.8	327.8	22.5	1581	0
30.025	121	4	0	364.6	325.4	338.6	322.1	338.6	322.1	359.8	327.8	21.95	1599	0
30.025	121	0	0	0	0	337.5	321.8	337.5	321.8	359.8	327.8	23.06	1568	0
30.025	121	6	0	0	0	338.1	321.9	338.1	321.9	359.8	327.8	22.49	1585	0
30.025	121	3	0	0	0	338.4	322	338.4	322	359.8	327.8	22.14	1592	0
30.025	121	1	0	0	0	337.7	321.9	337.7	321.9	359.8	327.8	22.87	1572	0
30.025	121	5	0	0	0	338.4	322	338.4	322	359.8	327.8	22.13	1594	0
30.025	121	7	0	0	0	337.7	321.9	337.7	321.9	359.8	327.8	22.86	1574	0
30.275	122	2	0	0	0	340.7	324	340.7	324	365.6	331.2	25.88	1607	0
30.275	122	4	0	366.1	344	341.3	324.5	341.3	324.5	365.6	331.2	25.21	1624	0
30.275	122	0	0	0	0	340.2	323.6	340.2	323.6	365.6	331.2	26.53	1595	0
30.275	122	6	0	0	0	340.8	324.1	340.8	324.1	365.6	331.2	25.83	1610	0
30.275	122	3	0	0	0	341.1	324.3	341.1	324.3	365.6	331.2	25.44	1617	0
30.275	122	1	0	0	0	340.4	323.8	340.4	323.8	365.6	331.2	26.31	1598	0
30.275	122	5	0	0	0	341.1	324.3	341.1	324.3	365.6	331.2	25.41	1620	0
30.275	122	7	0	0	0	340.4	323.8	340.4	323.8	365.6	331.2	26.28	1601	0
30.525	123	2	0	0	0	345.5	324.7	345.5	324.7	369.2	329.9	24.33	1631	0
30.525	123	4	0	390.3	330.3	346.4	324.8	346.4	324.8	369.2	329.9	23.34	1648	0
30.525	123	0	0	0	0	344.5	324.5	344.5	324.5	369.2	329.9	25.29	1620	0
30.525	123	6	0	0	0	345.5	324.7	345.5	324.7	369.2	329.9	24.26	1635	0
30.525	123	3	0	0	0	346.1	324.8	346.1	324.8	369.2	329.9	23.69	1641	0
30.525	123	1	0	0	0	344.8	324.6	344.8	324.6	369.2	329.9	24.97	1623	0
30.525	123	5	0	0	0	346.1	324.8	346.1	324.8	369.2	329.9	23.64	1643	0
30.525	123	7	0	0	0	344.9	324.6	344.9	324.6	369.2	329.9	24.92	1625	0
30.775	124	2	0	0	0	347.7	325.3	347.7	325.3	371.2	334.2	25.11	1656	0
30.775	124	4	0	368.4	331.4	348.2	325.4	348.2	325.4	371.2	334.2	24.57	1672	0
30.775	124	0	0	0	0	347.2	325.2	347.2	325.2	371.2	334.2	25.63	1646	0
30.775	124	6	0	0	0	347.7	325.3	347.7	325.3	371.2	334.2	25.07	1660	0
30.775	124	3	0	0	0	348	325.4	348	325.4	371.2	334.2	24.76	1666	0
30.775	124	1	0	0	0	347.3	325.2	347.3	325.2	371.2	334.2	25.46	1649	0
30.775	124	5	0	0	0	348	325.4	348	325.4	371.2	334.2	24.74	1668	0
30.775	124	7	0	0	0	347.4	325.2	347.4	325.2	371.2	334.2	25.43	1651	0
31.025	125	2	0	0	0	350	326	350	326	374.8	338.7	27.79	1684	0
31.025	125	4	0	372.4	332.7	350.6	326.1	350.6	326.1	374.8	338.7	27.26	1699	0
31.025	125	0	0	0	0	349.5	325.9	349.5	325.9	374.8	338.7	28.3	1674	0
31.025	125	6	0	0	0	350.1	326	350.1	326	374.8	338.7	27.75	1687	0
31.025	125	3	0	0	0	350.4	326.1	350.4	326.1	374.8	338.7	27.45	1693	0
31.025	125	1	0	0	0	349.7	325.9	349.7	325.9	374.8	338.7	28.13	1677	0
31.025	125	5	0	0	0	350.4	326.1	350.4	326.1	374.8	338.7	27.42	1696	0
31.025	125	7	0	0	0	349.7	325.9	349.7	325.9	374.8	338.7	28.1	1679	0
31.275	126	2	0	0	0	352	326.9	352	326.9	381.6	335.9	30.91	1715	0
31.275	126	4	0	370.9	335.3	352.5	327.1	352.5	327.1	381.6	335.9	30.43	1730	0
31.275	126	0	0	0	0	351.6	326.7	351.6	326.7	381.6	335.9	31.37	1705	0
31.275	126	6	0	0	0	352.1	326.9	352.1	326.9	381.6	335.9	30.87	1718	0
31.275	126	3	0	0	0	352.3	327	352.3	327	381.6	335.9	30.6	1724	0
31.275	126	1	0	0	0	351.8	326.8	351.8	326.8	381.6	335.9	31.21	1708	0
31.275	126	5	0	0	0	352.3	327	352.3	327	381.6	335.9	30.58	1726	0
31.275	126	7	0	0	0	351.8	326.8	351.8	326.8	381.6	335.9	31.19	1710	0
31.525	127	2	0	0	0	356.3	328.5	356.3	328.5	382.9	333.8	27.18	1742	0
31.525	127	4	0	396.5	344.1	357.1	328.9	357.1	328.9	382.9	333.8	26.26	1756	0
31.525	127	0	0	0	0	355.4	328.2	355.4	328.2	382.9	333.8	28.07	1734	0
31.525	127	6	0	0	0	356.3	328.6	356.3	328.6	382.9	333.8	27.11	1745	0
31.525	127	3	0	0	0	356.8	328.7	356.8	328.7	382.9	333.8	26.58	1750	0
31.525	127	1	0	0	0	355.7	328.3	355.7	328.3	382.9	333.8	27.77	1736	0
31.525	127	5	0	0	0	356.9	328.8	356.9	328.8	382.9	333.8	26.54	1753	0
31.525	127	7	0	0	0	355.8	328.3	355.8	328.3	382.9	333.8	27.73	1738	0
31.775	128	2	0	0	0	356.7	329.1	356.7	329.1	381.2	334.7	25.13	1767	0
31.775	128	4	0	360.3	334.6	356.8	329.3	356.8	329.3	381.2	334.7	24.94	1781	0
31.775	128	0	0	0	0	356.5	329	356.5	329	381.2	334.7	25.31	1759	0
31.775	128	6	0	0	0	356.7	329.1	356.7	329.1	381.2	334.7	25.12	1771	0
31.775	128	3	0	0	0	356.8	329.2	356.8	329.2	381.2	334.7	25.01	1775	0
31.775	128	1	0	0	0	356.6	329	356.6	329	381.2	334.7	25.25	1761	0
31.775	128	5	0	0	0	356.8	329.2	356.8	329.2	381.2	334.7	25	1778	0
31.775	128	7	0	0	0	356.6	329	356.6	329	381.2	334.7	25.24	1763	0
32.025	129	2	0	0	0	359.4	331.4	359.4	331.4	385.3	340.6	27.49	1795	0
32.025	129	4	0	385.1	352.6	359.9	331.8	359.9	331.8	385.3	340.6	26.82	1808	0
32.025	129	0	0	0	0	358.9	330.9	358.9	330.9	385.3	340.6	28.13	1787	0
32.025	129	6	0	0	0	359.4	331.4	359.4	331.4	385.3	340.6	27.44	1798	0
32.025	129	3	0	0	0	359.7	331.6	359.7	331.6	385.3	340.6	27.06	1802	0
32.025	129	1	0	0	0	359	331.1	359	331.1	385.3	340.6	27.92	1789	0
32.025	129	5	0	0	0	359.8	331.7	359.8	331.7	385.3	340.6	27.02	1805	0
32.025	129	7	0	0	0	359.1	331.1	359.1	331.1	385.3	340.6	27.88	1791	0
32.275	130	2	0	0	0	361.7	332.6	361.7	332.6	387.3	337.8	26.12	1821	0
32.275	130	4	0	384	344.6	362.2	332.9	362.2	332.9	387.3	337.8	25.56	1833	0
32.275	130	0	0	0	0	361.2	332.3	361.2	332.3	387.3	337.8	26.66	1814	0
32.275	130	6	0	0	0	361.8	332.6	361.8	332.6	387.3	337.8	26.08	1824	0
32.275	130	3	0	0	0	362.1	332.8	362.1	332.8	387.3	337.8	25.76	1828	0
32.275	130	1	0	0	0	361.4	332.4	361.4	332.4	387.3	337.8	26.48	1815	0
32.275	130	5	0	0	0	362.1	332.8	362.1	332.8	387.3	337.8	25.73	1830	0
32.275	130	7	0	0	0	361.4	332.4	361.4	332.4	387.3	337.8	26.45	1817	0
32.525	131	2	0	0	0	363.9	334.1	363.9	334.1	386.8	342.8	24.46	1845	0
32.525	131	4	0	384.7	348.5	364.4	334.5	364.4	334.5	386.8	342.8	23.9	1857	0
32.525	131	0	0	0	0	363.5	333.8	363.5	333.8	386.8	342.8	25.01	1839	0
32.525	131	6	0	0	0	364	334.2	364	334.2	386.8	342.8	24.42	1848	0
32.525	131	3	0	0	0	364.2	334.4	364.2	334.4	386.8	342.8	24.1	1852	0
32.525	131	1	0	0	0	363.6	333.9	363.6	333.9	386.8	342.8	24.82	1840	0
32.525	131	5	0	0	0	364.3	334.4	364.3	334.4	386.8	342.8	24.07	1854	0
32.525	131	7	0	0	0	363.6	333.9	363.6	333.9	386.8	342.8	24.8	1842	0
32.775	132	2	0	0	0	366.9	333.7	366.9	333.7	388.1	346	24.46	1870	0
32.775	132	4	0	395.7	329.7	367.6	333.7	367.6	333.7	388.1	346	23.94	1881	0
32.775	132	0	0	0	0	366.3	333.8	366.3	333.8	388.1	346	24.97	1864	0
32.775	132	6	0	0	0	367	333.7	367	333.7	388.1	346	24.42	1873	0
32.775	132	3	0	0	0	367.4	333.7	367.4	333.7	388.1	346	24.12	1876	0
32.775	132	1	0	0	0	366.5	333.8	366.5	333.8	388.1	346	24.8	1865	0
32.775	132	5	0	0	0	367.4	333.7	367.4	333.7	388.1	346	24.1	1879	0
32.775	132	7	0	0	0	366.6	333.8	366.6	333.8	388.1	346	24.78	1867	0
33.025	133	2	0	0	0	369.3	334.8	369.3	334.8	393.3	345.8	26.42	1896	0
33.025	133	4	0	391.4	345	369.8	335	369.8	335	393.3	345.8	25.87	1907	0
33.025	133	0	0	0	0	368.8	334.6	368.8	334.6	393.3	345.8	26.96	1891	0
33.025	133	6	0	0	0	369.3	334.8	369.3	334.8	393.3	345.8	26.38	1899	0
33.025	133	3	0	0	0	369.6	334.9	369.6	334.9	393.3	345.8	26.06	1903	0
33.025	133	1	0	0	0	369	334.7	369	334.7	393.3	345.8	26.78	1892	0
33.025	133	5	0	0	0	369.7	334.9	369.7	334.9	393.3	345.8	26.04	1905	0
33.025	133	7	0	0	0	369	334.7	369	334.7	393.3	345.8	26.75	1894	0
33.275	134	2	0	0	0	371.9	333.8	371.9	333.8	391.6	352.6	27.25	1923	0
33.275	134	4	0	396.9	323.7	372.5	333.6	372.5	333.6	391.6	352.6	26.98	1934	0
33.275	134	0	0	0	0	371.4	333.9	371.4	333.9	391.6	352.6	27.52	1918	0
33.275	134	6	0	0	0	372	333.7	372	333.7	391.6	352.6	27.23	1927	0
33.275	134	3	0	0	0	372.3	333.6	372.3	333.6	391.6	352.6	27.07	1930	0
33.275	134	1	0	0	0	371.6	333.9	371.6	333.9	391.6	352.6	27.43	1919	0
33.275	134	5	0	0	0	372.3	333.6	372.3	333.6	391.6	352.6	27.06	1932	0
33.275	134	7	0	0	0	371.6	333.9	371.6	333.9	391.6	352.6	27.42	1921	0
33.525	135	2	0	0	0	375.3	334.1	375.3	334.1	396	356.7	30.68	1954	0
33.525	135	4	0	407.3	337.8	376	334.2	376	334.2	396	356.7	30.16	1964	0
33.525	135	0	0	0	0	374.6	334.1	374.6	334.1	396	356.7	31.19	1949	0
33.525	135	6	0	0	0	375.3	334.1	375.3	334.1	396	356.7	30.64	1957	0
33.525	135	3	0	0	0	375.8	334.2	375.8	334.2	396	356.7	30.34	1960	0
33.525	135	1	0	0	0	374.8	334.1	374.8	334.1	396	356.7	31.02	1950	0
33.525	135	5	0	0	0	375.8	334.2	375.8	334.2	396	356.7	30.32	1962	0
33.525	135	7	0	0	0	374.9	334.1	374.9	334.1	396	356.7	30.99	1952	0
33.775	136	2	0	0	0	376	336.3	376	336.3	400	355.2	30.57	1985	0
33.775	136	4	0	382.1	357.1	376.2	336.7	376.2	336.7	400	355.2	30.15	1994	0
33.775	136	0	0	0	0	375.8	335.9	375.8	335.9	400	355.2	30.98	1980	0
33.775	136	6	0	0	0	376	336.3	376	336.3	400	355.2	30.54	1988	0
33.775	136	3	0	0	0	376.1	336.6	376.1	336.6	400	355.2	30.29	1990	0
33.775	136	1	0	0	0	375.8	336	375.8	336	400	355.2	30.84	1981	0
33.775	136	5	0	0	0	376.1	336.6	376.1	336.6	400	355.2	30.28	1992	0
33.775	136	7	0	0	0	375.9	336	375.9	336	400	355.2	30.82	1983	0
34.025	137	2	0	0	0	378.3	337.2	378.3	337.2	400	361.8	32.85	2017	0
34.025	137	4	0	400.5	345.3	378.8	337.4	378.8	337.4	400	361.8	32.38	2027	0
34.025	137	0	0	0	0	377.8	337	377.8	337	400	361.8	33.31	2014	0
34.025	137	6	0	0	0	378.3	337.2	378.3	337.2	400	361.8	32.81	2021	0
34.025	137	3	0	0	0	378.6	337.3	378.6	337.3	400	361.8	32.54	2023	0
34.025	137	1	0	0	0	378	337	378	337	400	361.8	33.15	2014	0
34.025	137	5	0	0	0	378.6	337.3	378.6	337.3	400	361.8	32.52	2025	0
34.025	137	7	0	0	0	378	337.1	378	337.1	400	361.8	33.13	2016	0
34.275	138	2	0	0	0	380.4	339.8	380.4	339.8	400	363.6	30.82	2048	0
34.275	138	4	0	400.8	364.9	380.9	340.4	380.9	340.4	400	363.6	30.11	2057	0
34.275	138	0	0	0	0	380	339.3	380	339.3	400	363.6	31.51	2045	0
34.275	138	6	0	0	0	380.5	339.9	380.5	339.9	400	363.6	30.77	2051	0
34.275	138	3	0	0	0	380.8	340.2	380.8	340.2	400	363.6	30.36	2053	0
34.275	138	1	0	0	0	380.2	339.5	380.2	339.5	400	363.6	31.28	2045	0
34.275	138	5	0	0	0	380.8	340.2	380.8	340.2	400	363.6	30.32	2055	0
34.275	138	7	0	0	0	380.2	339.5	380.2	339.5	400	363.6	31.24	2047	0
34.525	139	2	0	0	0	381.4	340.8	381.4	340.8	398.7	362.4	27.62	2076	0
34.525	139	4	0	390.4	350.5	381.6	341.1	381.6	341.1	398.7	362.4	27.28	2084	0
34.525	139	0	0	0	0	381.2	340.6	381.2	340.6	398.7	362.4	27.95	2073	0
34.525	139	6	0	0	0	381.4	340.9	381.4	340.9	398.7	362.4	27.59	2079	0
34.525	139	3	0	0	0	381.6	341	381.6	341	398.7	362.4	27.4	2081	0
34.525	139	1	0	0	0	381.3	340.7	381.3	340.7	398.7	362.4	27.84	2073	0
34.525	139	5	0	0	0	381.6	341	381.6	341	398.7	362.4	27.38	2082	0
34.525	139	7	0	0	0	381.3	340.7	381.3	340.7	398.7	362.4	27.82	2075	0
34.775	140	2	0	0	0	383.6	343	383.6	343	400	366.9	29.03	2105	0
34.775	140	4	0	404.1	363.4	384	343.4	384	343.4	400	366.9	28.4	2113	0
34.775	140	0	0	0	0	383.1	342.6	383.1	342.6	400	366.9	29.63	2103	0
34.775	140	6	0	0	0	383.6	343	383.6	343	400	366.9	28.98	2108	0
34.775	140	3	0	0	0	383.9	343.3	383.9	343.3	400	366.9	28.62	2109	0
34.775	140	1	0	0	0	383.3	342.7	383.3	342.7	400	366.9	29.42	2103	0
34.775	140	5	0	0	0	383.9	343.3	383.9	343.3	400	366.9	28.59	2111	0
34.775	140	7	0	0	0	383.3	342.7	383.3	342.7	400	366.9	29.39	2105	0
35.025	141	2	0	0	0	386.7	345.4	386.7	345.4	400	371.8	29.58	2135	0
35.025	141	4	0	416.4	368.5	387.4	345.9	387.4	345.9	400	371.8	28.82	2141	0
35.025	141	0	0	0	0	386.1	344.9	386.1	344.9	400	371.8	30.32	2133	0
35.025	141	6	0	0	0	386.7	345.5	386.7	345.5	400	371.8	29.52	2137	0
35.025	141	3	0	0	0	387.1	345.8	387.1	345.8	400	371.8	29.09	2138	0
35.025	141	1	0	0	0	386.3	345.1	386.3	345.1	400	371.8	30.07	2133	0
35.025	141	5	0	0	0	387.2	345.8	387.2	345.8	400	371.8	29.05	2140	0
35.025	141	7	0	0	0	386.3	345.1	386.3	345.1	400	371.8	30.03	2135	0
35.275	142	2	0	0	0	387.5	347.6	387.5	347.6	393.2	374.8	27.73	2162	0
35.275	142	4	0	395.2	368.7	387.8	348.1	387.8	348.1	393.2	374.8	27.21	2169	0
35.275	142	0	0	0	0	387.3	347.2	387.3	347.2	393.2	374.8	28.23	2161	0
35.275	142	6	0	0	0	387.5	347.7	387.5	347.7	393.2	374.8	27.69	2165	0
35.275	142	3	0	0	0	387.7	348	387.7	348	393.2	374.8	27.39	2166	0
35.275	142	1	0	0	0	387.4	347.3	387.4	347.3	393.2	374.8	28.06	2161	0
35.275	142	5	0	0	0	387.7	348	387.7	348	393.2	374.8	27.37	2167	0
35.275	142	7	0	0	0	387.4	347.4	387.4	347.4	393.2	374.8	28.04	2163	0
35.525	143	2	0	0	0	388.8	351	388.8	351	393.2	377.8	27.16	2189	0
35.525	143	4	0	400.7	382.6	389.1	351.7	389.1	351.7	393.2	377.8	26.43	2195	0
35.525	143	0	0	0	0	388.5	350.3	388.5	350.3	393.2	377.8	27.87	2189	0
35.525	143	6	0	0	0	388.8	351	388.8	351	393.2	377.8	27.11	2192	0
35.525	143	3	0	0	0	389	351.4	389	351.4	393.2	377.8	26.69	2192	0
35.525	143	1	0	0	0	388.6	350.5	388.6	350.5	393.2	377.8	27.63	2188	0
35.525	143	5	0	0	0	389	351.5	389	351.5	393.2	377.8	26.65	2194	0
35.525	143	7	0	0	0	388.6	350.6	388.6	350.6	393.2	377.8	27.6	2190	0
35.775	144	2	0	0	0	388.8	354	388.8	354	392.5	380.9	27.18	2217	0
35.775	144	4	0	388.7	382.3	388.8	354.6	388.8	354.6	392.5	380.9	26.53	2222	0
35.775	144	0	0	0	0	388.8	353.3	388.8	353.3	392.5	380.9	27.8	2217	0
35.775	144	6	0	0	0	388.8	354	388.8	354	392.5	380.9	27.13	2219	0
35.775	144	3	0	0	0	388.8	354.4	388.8	354.4	392.5	380.9	26.75	2219	0
35.775	144	1	0	0	0	388.8	353.6	388.8	353.6	392.5	380.9	27.59	2216	0
35.775	144	5	0	0	0	388.8	354.4	388.8	354.4	392.5	380.9	26.72	2221	0
35.775	144	7	0	0	0	388.8	353.6	388.8	353.6	392.5	380.9	27.56	2218	0
36.025	145	2	0	0	0	390.1	356.8	390.1	356.8	390	386.4	29.52	2246	0
36.025	145	4	0	402.4	384.1	390.3	357.5	390.3	357.5	390	386.4	28.89	2250	0
36.025	145	0	0	0	0	389.8	356.2	389.8	356.2	390	386.4	30.12	2247	0
36.025	145	6	0	0	0	390.1	356.9	390.1	356.9	390	386.4	29.47	2249	0
36.025	145	3	0	0	0	390.2	357.3	390.2	357.3	390	386.4	29.11	2248	0
36.025	145	1	0	0	0	389.9	356.4	389.9	356.4	390	386.4	29.92	2246	0
36.025	145	5	0	0	0	390.3	357.3	390.3	357.3	390	386.4	29.08	2250	0
36.025	145	7	0	0	0	389.9	356.5	389.9	356.5	390	386.4	29.89	2248	0
36.275	146	2	0	0	0	389.6	359.1	389.6	359.1	387.7	384.1	25.1	2271	0
36.275	146	4	0	384.9	380.2	389.5	359.6	389.5	359.6	387.7	384.1	24.6	2275	0
36.275	146	0	0	0	0	389.7	358.6	389.7	358.6	387.7	384.1	25.58	2273	0
36.275	146	6	0	0	0	389.6	359.1	389.6	359.1	387.7	384.1	25.06	2274	0
36.275	146	3	0	0	0	389.6	359.4	389.6	359.4	387.7	384.1	24.77	2273	0
36.275	146	1	0	0	0	389.6	358.8	389.6	358.8	387.7	384.1	25.42	2271	0
36.275	146	5	0	0	0	389.6	359.4	389.6	359.4	387.7	384.1	24.75	2275	0
36.275	146	7	0	0	0	389.6	358.8	389.6	358.8	387.7	384.1	25.39	2273	0
36.525	147	2	0	0	0	390.8	360.8	390.8	360.8	387.6	388.4	27.78	2299	0
36.525	147	4	0	401.8	377.4	391	361.2	391	361.2	387.6	388.4	27.42	2302	0
36.525	147	0	0	0	0	390.5	360.5	390.5	360.5	387.6	388.4	28.13	2301	0
36.525	147	6	0	0	0	390.8	360.9	390.8	360.9	387.6	388.4	27.76	2302	0
36.525	147	3	0	0	0	390.9	361.1	390.9	361.1	387.6	388.4	27.55	2301	0
36.525	147	1	0	0	0	390.6	360.6	390.6	360.6	387.6	388.4	28.02	2299	0
36.525	147	5	0	0	0	390.9	361.1	390.9	361.1	387.6	388.4	27.53	2302	0
36.525	147	7	0	0	0	390.6	360.6	390.6	360.6	387.6	388.4	28	2301	0
36.775	148	2	0	0	0	390.7	362.9	390.7	362.9	389.2	389	26.14	2325	0
36.775	148	4	0	390.5	382.8	390.8	363.4	390.8	363.4	389.2	389	25.69	2328	0
36.775	148	0	0	0	0	390.7	362.5	390.7	362.5	389.2	389	26.57	2327	0
36.775	148	6	0	0	0	390.7	363	390.7	363	389.2	389	26.11	2328	0
36.775	148	3	0	0	0	390.7	363.2	390.7	363.2	389.2	389	25.85	2326	0
36.775	148	1	0	0	0	390.7	362.7	390.7	362.7	389.2	389	26.42	2326	0
36.775	148	5	0	0	0	390.7	363.3	390.7	363.3	389.2	389	25.83	2328	0
36.775	148	7	0	0	0	390.7	362.7	390.7	362.7	389.2	389	26.4	2328	0
37.025	149	2	0	0	0	390.8	367	390.8	367	385.1	387.8	21.55	2347	0
37.025	149	4	0	391.2	405.5	390.8	367.8	390.8	367.8	385.1	387.8	20.74	2349	0
37.025	149	0	0	0	0	390.8	366.2	390.8	366.2	385.1	387.8	22.33	2350	0
37.025	149	6	0	0	0	390.8	367.1	390.8	367.1	385.1	387.8	21.49	2349	0
37.025	149	3	0	0	0	390.8	367.5	390.8	367.5	385.1	387.8	21.02	2347	0
37.025	149	1	0	0	0	390.8	366.5	390.8	366.5	385.1	387.8	22.07	2348	0
37.025	149	5	0	0	0	390.8	367.6	390.8	367.6	385.1	387.8	20.98	2349	0
37.025	149	7	0	0	0	390.8	366.5	390.8	366.5	385.1	387.8	22.03	2350	0
37.275	150	2	0	0	0	390.5	368.3	390.5	368.3	386.7	391.2	23.25	2370	0
37.275	150	4	0	387.9	380.3	390.5	368.6	390.5	368.6	386.7	391.2	22.92	2372	0
37.275	150	0	0	0	0	390.6	368	390.6	368	386.7	391.2	23.58	2373	0
37.275	150	6	0	0	0	390.5	368.3	390.5	368.3	386.7	391.2	23.23	2372	0
37.275	150	3	0	0	0	390.5	368.5	390.5	368.5	386.7	391.2	23.04	2370	0
37.275	150	1	0	0	0	390.5	368.1	390.5	368.1	386.7	391.2	23.47	2371	0
37.275	150	5	0	0	0	390.5	368.5	390.5	368.5	386.7	391.2	23.02	2372	0
37.275	150	7	0	0	0	390.5	368.1	390.5	368.1	386.7	391.2	23.45	2373	0
37.525	151	2	0	0	0	391.5	371.7	391.5	371.7	385.8	393.3	22.37	2392	0
37.525	151	4	0	401.4	403.8	391.7	372.4	391.7	372.4	385.8	393.3	21.75	2394	0
37.525	151	0	0	0	0	391.3	371	391.3	371	385.8	393.3	22.97	2396	0
37.525	151	6	0	0	0	391.5	371.7	391.5	371.7	385.8	393.3	22.32	2395	0
37.525	151	3	0	0	0	391.7	372.1	391.7	372.1	385.8	393.3	21.97	2392	0
37.525	151	1	0	0	0	391.4	371.2	391.4	371.2	385.8	393.3	22.77	2394	0
37.525	151	5	0	0	0	391.7	372.1	391.7	372.1	385.8	393.3	21.94	2394	0
37.525	151	7	0	0	0	391.4	371.3	391.4	371.3	385.8	393.3	22.74	2396	0
37.775	152	2	0	0	0	390.7	373.8	390.7	373.8	388.5	393	19.31	2412	0
37.775	152	4	0	382.5	394.3	390.5	374.3	390.5	374.3	388.5	393	18.81	2412	0
37.775	152	0	0	0	0	390.8	373.4	390.8	373.4	388.5	393	19.8	2416	0
37.775	152	6	0	0	0	390.7	373.9	390.7	373.9	388.5	393	19.27	2414	0
37.775	152	3	0	0	0	390.6	374.2	390.6	374.2	388.5	393	18.98	2411	0
37.775	152	1	0	0	0	390.8	373.5	390.8	373.5	388.5	393	19.63	2414	0
37.775	152	5	0	0	0	390.6	374.2	390.6	374.2	388.5	393	18.96	2413	0
37.775	152	7	0	0	0	390.8	373.5	390.8	373.5	388.5	393	19.61	2415	0
38.025	153	2	0	0	0	389.9	377.3	389.9	377.3	388.3	396.9	19.65	2431	0
38.025	153	4	0	382.7	410.6	389.8	378.1	389.8	378.1	388.3	396.9	18.9	2431	0
38.025	153	0	0	0	0	390.1	376.6	390.1	376.6	388.3	396.9	20.37	2436	0
38.025	153	6	0	0	0	389.9	377.4	389.9	377.4	388.3	396.9	19.6	2434	0
38.025	153	3	0	0	0	389.8	377.8	389.8	377.8	388.3	396.9	19.17	2431	0
38.025	153	1	0	0	0	390	376.9	390	376.9	388.3	396.9	20.13	2434	0
38.025	153	5	0	0	0	389.8	377.9	389.8	377.9	388.3	396.9	19.13	2432	0
38.025	153	7	0	0	0	390	376.9	390	376.9	388.3	396.9	20.09	2435	0
38.275	154	2	0	0	0	389.9	379.9	389.9	379.9	385.6	400	20.57	2452	0
38.275	154	4	0	389.3	403.8	389.8	380.4	389.8	380.4	385.6	400	20.01	2451	0
38.275	154	0	0	0	0	389.9	379.3	389.9	379.3	385.6	400	21.11	2457	0
38.275	154	6	0	0	0	389.9	379.9	389.9	379.9	385.6	400	20.53	2454	0
38.275	154	3	0	0	0	389.8	380.2	389.8	380.2	385.6	400	20.21	2451	0
38.275	154	1	0	0	0	389.9	379.5	389.9	379.5	385.6	400	20.93	2455	0
38.275	154	5	0	0	0	389.8	380.3	389.8	380.3	385.6	400	20.18	2452	0
38.275	154	7	0	0	0	389.9	379.5	389.9	379.5	385.6	400	20.9	2456	0
38.525	155	2	0	0	0	389.6	382.3	389.6	382.3	385.3	400	18.24	2470	0
38.525	155	4	0	387.1	405	389.5	382.8	389.5	382.8	385.3	400	17.72	2469	0
38.525	155	0	0	0	0	389.6	381.8	389.6	381.8	385.3	400	18.75	2476	0
38.525	155	6	0	0	0	389.6	382.3	389.6	382.3	385.3	400	18.2	2472	0
38.525	155	3	0	0	0	389.6	382.6	389.6	382.6	385.3	400	17.9	2469	0
38.525	155	1	0	0	0	389.6	381.9	389.6	381.9	385.3	400	18.58	2473	0
38.525	155	5	0	0	0	389.6	382.6	389.6	382.6	385.3	400	17.88	2470	0
38.525	155	7	0	0	0	389.6	382	389.6	382	385.3	400	18.55	2475	0
38.775	156	2	0	0	0	388.8	382.4	388.8	382.4	379.5	400	19.91	2490	0
38.775	156	4	0	381.6	383.5	388.7	382.5	388.7	382.5	379.5	400	19.77	2489	0
38.775	156	0	0	0	0	389	382.3	389	382.3	379.5	400	20.04	2496	0
38.775	156	6	0	0	0	388.8	382.4	388.8	382.4	379.5	400	19.9	2492	0
38.775	156	3	0	0	0	388.7	382.5	388.7	382.5	379.5	400	19.82	2488	0
38.775	156	1	0	0	0	388.9	382.4	388.9	382.4	379.5	400	19.99	2493	0
38.775	156	5	0	0	0	388.7	382.5	388.7	382.5	379.5	400	19.81	2490	0
38.775	156	7	0	0	0	388.9	382.4	388.9	382.4	379.5	400	19.99	2495	0
39.025	157	2	0	0	0	388.7	384.4	388.7	384.4	381.8	400	17.08	2507	0
39.025	157	4	0	387.7	403.2	388.7	384.8	388.7	384.8	381.8	400	16.7	2505	0
39.025	157	0	0	0	0	388.8	384	388.8	384	381.8	400	17.44	2514	0
39.025	157	6	0	0	0	388.7	384.4	388.7	384.4	381.8	400	17.05	2509	0
39.025	157	3	0	0	0	388.7	384.6	388.7	384.6	381.8	400	16.83	2505	0
39.025	157	1	0	0	0	388.7	384.1	388.7	384.1	381.8	400	17.32	2511	0
39.025	157	5	0	0	0	388.7	384.7	388.7	384.7	381.8	400	16.82	2507	0
39.025	157	7	0	0	0	388.7	384.1	388.7	384.1	381.8	400	17.3	2512	0
39.275	158	2	0	0	0	387.6	387.3	387.6	387.3	375	400	17.86	2525	0
39.275	158	4	0	376.7	414.8	387.4	387.9	387.4	387.9	375	400	17.27	2523	0
39.275	158	0	0	0	0	387.8	386.7	387.8	386.7	375	400	18.43	2532	0
39.275	158	6	0	0	0	387.6	387.3	387.6	387.3	375	400	17.82	2527	0
39.275	158	3	0	0	0	387.4	387.7	387.4	387.7	375	400	17.48	2523	0
39.275	158	1	0	0	0	387.7	386.9	387.7	386.9	375	400	18.24	2529	0
39.275	158	5	0	0	0	387.4	387.7	387.4	387.7	375	400	17.45	2524	0
39.275	158	7	0	0	0	387.7	386.9	387.7	386.9	375	400	18.21	2530	0
39.525	159	2	0	0	0	386.6	387.6	386.6	387.6	374.2	396.3	15.2	2540	0
39.525	159	4	0	377.7	390	386.4	387.7	386.4	387.7	374.2	396.3	14.96	2538	0
39.525	159	0	0	0	0	386.8	387.5	386.8	387.5	374.2	396.3	15.42	2548	0
39.525	159	6	0	0	0	386.6	387.6	386.6	387.6	374.2	396.3	15.18	2542	0
39.525	159	3	0	0	0	386.5	387.6	386.5	387.6	374.2	396.3	15.05	2538	0
39.525	159	1	0	0	0	386.8	387.5	386.8	387.5	374.2	396.3	15.35	2544	0
39.525	159	5	0	0	0	386.5	387.6	386.5	387.6	374.2	396.3	15.04	2539	0
39.525	159	7	0	0	0	386.8	387.5	386.8	387.5	374.2	396.3	15.33	2546	0
39.775	160	2	0	0	0	385.6	388.4	385.6	388.4	374.7	396.1	13.33	2553	0
39.775	160	4	0	376.3	396.6	385.4	388.6	385.4	388.6	374.7	396.1	13.05	2551	0
39.775	160	0	0	0	0	385.8	388.2	385.8	388.2	374.7	396.1	13.6	2561	0
39.775	160	6	0	0	0	385.6	388.4	385.6	388.4	374.7	396.1	13.31	2556	0
39.775	160	3	0	0	0	385.5	388.5	385.5	388.5	374.7	396.1	13.15	2551	0
39.775	160	1	0	0	0	385.8	388.3	385.8	388.3	374.7	396.1	13.51	2558	0
39.775	160	5	0	0	0	385.5	388.5	385.5	388.5	374.7	396.1	13.13	2552	0
39.775	160	7	0	0	0	385.8	388.3	385.8	388.3	374.7	396.1	13.49	2559	0
