# _procNoiseCov=10 _measNoiseCov=10 iter_max=10 alpha=0.3
#Simulation_time,tracking_step,NodeID,TargetID,MeasurementX,MeasurementY,EstimateX,EstimateY,GroundTruthX,GroundTruthY,Error,ErrorAcc,ResultsDelay
#t_sim	t_step	NID	TID	Zx	Zy	X_x	X_y	Xx	Xy	GTx	GTy	Err	ErrAcc	Delay
0.025	1	2	0	0	0	120.5	100.8	120.5	100.8	120	100	0.9713	0.9713	0
0.025	1	4	0	0	0	120.4	100.7	120.4	100.7	120	100	0.8048	0.8048	0
0.025	1	0	0	124.8	108.5	120.6	101	120.6	101	120	100	1.179	1.179	0
0.025	1	6	0	0	0	120.5	100.9	120.5	100.9	120	100	1.02	1.02	0
0.025	1	3	0	0	0	120.4	100.7	120.4	100.7	120	100	0.855	0.855	0
0.025	1	1	0	0	0	120.5	101	120.5	101	120	100	1.101	1.101	0
0.025	1	5	0	0	0	120.4	100.8	120.4	100.8	120	100	0.8877	0.8877	0
0.025	1	7	0	0	0	120.6	101	120.6	101	120	100	1.132	1.132	0
0.275	2	2	0	0	0	121.5	101.7	121.5	101.7	119.2	105.7	4.584	5.555	0
0.275	2	4	0	0	0	121.3	101.6	121.3	101.6	119.2	105.7	4.64	5.445	0
0.275	2	0	0	130.6	109.6	121.7	101.9	121.7	101.9	119.2	105.7	4.531	5.71	0
0.275	2	6	0	0	0	121.5	101.8	121.5	101.8	119.2	105.7	4.57	5.589	0
0.275	2	3	0	0	0	121.4	101.6	121.4	101.6	119.2	105.7	4.622	5.477	0
0.275	2	1	0	0	0	121.6	101.9	121.6	101.9	119.2	105.7	4.548	5.65	0
0.275	2	5	0	0	0	121.4	101.6	121.4	101.6	119.2	105.7	4.61	5.498	0
0.275	2	7	0	0	0	121.7	101.9	121.7	101.9	119.2	105.7	4.541	5.673	0
0.525	3	2	0	0	0	119.7	102.7	119.7	102.7	116.5	109.3	7.368	12.92	0
0.525	3	4	0	0	0	120	102.5	120	102.5	116.5	109.3	7.66	13.1	0
0.525	3	0	0	103.8	111.6	119.4	103	119.4	103	116.5	109.3	7.01	12.72	0
0.525	3	6	0	0	0	119.7	102.8	119.7	102.8	116.5	109.3	7.284	12.87	0
0.525	3	3	0	0	0	119.9	102.6	119.9	102.6	116.5	109.3	7.572	13.05	0
0.525	3	1	0	0	0	119.5	102.9	119.5	102.9	116.5	109.3	7.143	12.79	0
0.525	3	5	0	0	0	119.9	102.6	119.9	102.6	116.5	109.3	7.514	13.01	0
0.525	3	7	0	0	0	119.5	102.9	119.5	102.9	116.5	109.3	7.09	12.76	0
0.775	4	2	0	0	0	119.9	102.9	119.9	102.9	116.4	110.1	8.012	20.94	0
0.775	4	4	0	0	0	119.9	102.9	119.9	102.9	116.4	110.1	8.051	21.16	0
0.775	4	0	0	121.6	104.4	119.9	103	119.9	103	116.4	110.1	7.964	20.68	0
0.775	4	6	0	0	0	119.9	102.9	119.9	102.9	116.4	110.1	8.001	20.87	0
0.775	4	3	0	0	0	119.9	102.9	119.9	102.9	116.4	110.1	8.039	21.09	0
0.775	4	1	0	0	0	119.9	102.9	119.9	102.9	116.4	110.1	7.982	20.77	0
0.775	4	5	0	0	0	119.9	102.9	119.9	102.9	116.4	110.1	8.031	21.04	0
0.775	4	7	0	0	0	119.9	103	119.9	103	116.4	110.1	7.974	20.74	0
1.025	5	2	0	0	0	119.8	101.7	119.8	101.7	115.1	111.3	10.74	31.67	0
1.025	5	4	0	0	0	119.8	101.9	119.8	101.9	115.1	111.3	10.55	31.71	0
1.025	5	0	0	119	90.29	119.8	101.4	119.8	101.4	115.1	111.3	10.97	31.65	0
1.025	5	6	0	0	0	119.8	101.6	119.8	101.6	115.1	111.3	10.79	31.66	0
1.025	5	3	0	0	0	119.8	101.8	119.8	101.8	115.1	111.3	10.61	31.7	0
1.025	5	1	0	0	0	119.8	101.5	119.8	101.5	115.1	111.3	10.88	31.65	0
1.025	5	5	0	0	0	119.8	101.8	119.8	101.8	115.1	111.3	10.64	31.69	0
1.025	5	7	0	0	0	119.8	101.5	119.8	101.5	115.1	111.3	10.91	31.65	0
1.275	6	2	0	0	0	120.8	103.8	120.8	103.8	115.1	114	11.69	43.36	0
1.275	6	4	0	0	0	120.6	103.4	120.6	103.4	115.1	114	11.92	43.63	0
1.275	6	0	0	129.3	122.9	121	104.2	121	104.2	115.1	114	11.42	43.07	0
1.275	6	6	0	0	0	120.8	103.9	120.8	103.9	115.1	114	11.63	43.29	0
1.275	6	3	0	0	0	120.7	103.5	120.7	103.5	115.1	114	11.85	43.55	0
1.275	6	1	0	0	0	120.9	104	120.9	104	115.1	114	11.52	43.18	0
1.275	6	5	0	0	0	120.7	103.6	120.7	103.6	115.1	114	11.81	43.49	0
1.275	6	7	0	0	0	120.9	104.1	120.9	104.1	115.1	114	11.48	43.13	0
1.525	7	2	0	0	0	120.5	104.7	120.5	104.7	113.8	117.4	14.37	57.74	0
1.525	7	4	0	0	0	120.5	104.5	120.5	104.5	113.8	117.4	14.56	58.19	0
1.525	7	0	0	117.7	113.1	120.4	105	120.4	105	113.8	117.4	14.14	57.21	0
1.525	7	6	0	0	0	120.5	104.8	120.5	104.8	113.8	117.4	14.32	57.61	0
1.525	7	3	0	0	0	120.5	104.6	120.5	104.6	113.8	117.4	14.5	58.05	0
1.525	7	1	0	0	0	120.4	104.9	120.4	104.9	113.8	117.4	14.23	57.4	0
1.525	7	5	0	0	0	120.5	104.6	120.5	104.6	113.8	117.4	14.46	57.96	0
1.525	7	7	0	0	0	120.4	104.9	120.4	104.9	113.8	117.4	14.19	57.32	0
1.775	8	2	0	0	0	121.6	105.2	121.6	105.2	117.8	115.6	11.09	68.82	0
1.775	8	4	0	0	0	121.4	105.1	121.4	105.1	117.8	115.6	11.12	69.3	0
1.775	8	0	0	131.8	109.4	121.8	105.3	121.8	105.3	117.8	115.6	11.06	68.27	0
1.775	8	6	0	0	0	121.7	105.2	121.7	105.2	117.8	115.6	11.08	68.69	0
1.775	8	3	0	0	0	121.5	105.1	121.5	105.1	117.8	115.6	11.11	69.16	0
1.775	8	1	0	0	0	121.8	105.3	121.8	105.3	117.8	115.6	11.07	68.47	0
1.775	8	5	0	0	0	121.5	105.1	121.5	105.1	117.8	115.6	11.1	69.06	0
1.775	8	7	0	0	0	121.8	105.3	121.8	105.3	117.8	115.6	11.07	68.39	0
2.025	9	2	0	0	0	120.9	107.4	120.9	107.4	122.5	122.1	14.83	83.65	0
2.025	9	4	0	0	0	121	107	121	107	122.5	122.1	15.2	84.5	0
2.025	9	0	0	114.3	127.1	120.8	107.9	120.8	107.9	122.5	122.1	14.37	82.63	0
2.025	9	6	0	0	0	120.9	107.5	120.9	107.5	122.5	122.1	14.72	83.41	0
2.025	9	3	0	0	0	121	107.1	121	107.1	122.5	122.1	15.09	84.24	0
2.025	9	1	0	0	0	120.8	107.7	120.8	107.7	122.5	122.1	14.54	83.01	0
2.025	9	5	0	0	0	120.9	107.2	120.9	107.2	122.5	122.1	15.01	84.07	0
2.025	9	7	0	0	0	120.8	107.8	120.8	107.8	122.5	122.1	14.47	82.86	0
2.275	10	2	0	0	0	121.2	109.1	121.2	109.1	124.6	123.7	14.95	98.6	0
2.275	10	4	0	0	0	121.2	108.8	121.2	108.8	124.6	123.7	15.28	99.78	0
2.275	10	0	0	124.4	124.7	121.3	109.6	121.3	109.6	124.6	123.7	14.53	97.17	0
2.275	10	6	0	0	0	121.2	109.2	121.2	109.2	124.6	123.7	14.85	98.26	0
2.275	10	3	0	0	0	121.2	108.9	121.2	108.9	124.6	123.7	15.18	99.42	0
2.275	10	1	0	0	0	121.3	109.4	121.3	109.4	124.6	123.7	14.69	97.7	0
2.275	10	5	0	0	0	121.2	109	121.2	109	124.6	123.7	15.12	99.19	0
2.275	10	7	0	0	0	121.3	109.5	121.3	109.5	124.6	123.7	14.63	97.49	0
2.525	11	2	0	0	0	120.9	111.8	120.9	111.8	124	128.4	16.83	115.4	0
2.525	11	4	0	0	0	121	111.4	121	111.4	124	128.4	17.31	117.1	0
2.525	11	0	0	118.4	136	120.9	112.5	120.9	112.5	124	128.4	16.24	113.4	0
2.525	11	6	0	0	0	120.9	112	120.9	112	124	128.4	16.7	115	0
2.525	11	3	0	0	0	121	111.5	121	111.5	124	128.4	17.16	116.6	0
2.525	11	1	0	0	0	120.9	112.2	120.9	112.2	124	128.4	16.46	114.2	0
2.525	11	5	0	0	0	121	111.6	121	111.6	124	128.4	17.07	116.3	0
2.525	11	7	0	0	0	120.9	112.3	120.9	112.3	124	128.4	16.38	113.9	0
2.775	12	2	0	0	0	121	114.5	121	114.5	123.3	125.7	11.41	126.8	0
2.775	12	4	0	0	0	121	114	121	114	123.3	125.7	11.9	129	0
2.775	12	0	0	121.8	138.4	121	115.2	121	115.2	123.3	125.7	10.8	124.2	0
2.775	12	6	0	0	0	121	114.7	121	114.7	123.3	125.7	11.27	126.2	0
2.775	12	3	0	0	0	121	114.2	121	114.2	123.3	125.7	11.76	128.3	0
2.775	12	1	0	0	0	121	114.9	121	114.9	123.3	125.7	11.03	125.2	0
2.775	12	5	0	0	0	121	114.3	121	114.3	123.3	125.7	11.66	127.9	0
2.775	12	7	0	0	0	121	115	121	115	123.3	125.7	10.94	124.8	0
3.025	13	2	0	0	0	121.6	116.6	121.6	116.6	125.3	129.2	13.15	140	0
3.025	13	4	0	0	0	121.5	116.2	121.5	116.2	125.3	129.2	13.55	142.5	0
3.025	13	0	0	126.9	134.3	121.7	117	121.7	117	125.3	129.2	12.66	136.9	0
3.025	13	6	0	0	0	121.6	116.7	121.6	116.7	125.3	129.2	13.04	139.3	0
3.025	13	3	0	0	0	121.5	116.3	121.5	116.3	125.3	129.2	13.43	141.8	0
3.025	13	1	0	0	0	121.7	116.9	121.7	116.9	125.3	129.2	12.84	138	0
3.025	13	5	0	0	0	121.6	116.4	121.6	116.4	125.3	129.2	13.35	141.3	0
3.025	13	7	0	0	0	121.7	116.9	121.7	116.9	125.3	129.2	12.77	137.6	0
3.275	14	2	0	0	0	123.1	117.9	123.1	117.9	123.7	134.8	16.91	156.9	0
3.275	14	4	0	0	0	122.9	117.6	122.9	117.6	123.7	134.8	17.19	159.7	0
3.275	14	0	0	136.6	129.8	123.4	118.2	123.4	118.2	123.7	134.8	16.58	153.5	0
3.275	14	6	0	0	0	123.2	118	123.2	118	123.7	134.8	16.84	156.1	0
3.275	14	3	0	0	0	122.9	117.7	122.9	117.7	123.7	134.8	17.1	158.9	0
3.275	14	1	0	0	0	123.3	118.1	123.3	118.1	123.7	134.8	16.7	154.7	0
3.275	14	5	0	0	0	123	117.8	123	117.8	123.7	134.8	17.05	158.3	0
3.275	14	7	0	0	0	123.4	118.2	123.4	118.2	123.7	134.8	16.65	154.2	0
3.525	15	2	0	0	0	122.9	119.6	122.9	119.6	126.3	134.8	15.54	172.5	0
3.525	15	4	0	0	0	122.9	119.3	122.9	119.3	126.3	134.8	15.84	175.6	0
3.525	15	0	0	120.8	134.6	122.9	120	122.9	120	126.3	134.8	15.17	168.6	0
3.525	15	6	0	0	0	122.9	119.7	122.9	119.7	126.3	134.8	15.45	171.6	0
3.525	15	3	0	0	0	122.9	119.4	122.9	119.4	126.3	134.8	15.75	174.6	0
3.525	15	1	0	0	0	122.9	119.8	122.9	119.8	126.3	134.8	15.31	170	0
3.525	15	5	0	0	0	122.9	119.4	122.9	119.4	126.3	134.8	15.69	174	0
3.525	15	7	0	0	0	122.9	119.9	122.9	119.9	126.3	134.8	15.25	169.5	0
3.775	16	2	0	0	0	122.5	121.5	122.5	121.5	128.1	133.3	13.11	185.6	0
3.775	16	4	0	0	0	122.5	121.1	122.5	121.1	128.1	133.3	13.4	189	0
3.775	16	0	0	118.4	138.3	122.4	121.9	122.4	121.9	128.1	133.3	12.77	181.4	0
3.775	16	6	0	0	0	122.4	121.6	122.4	121.6	128.1	133.3	13.03	184.6	0
3.775	16	3	0	0	0	122.5	121.2	122.5	121.2	128.1	133.3	13.31	187.9	0
3.775	16	1	0	0	0	122.4	121.8	122.4	121.8	128.1	133.3	12.9	182.9	0
3.775	16	5	0	0	0	122.5	121.3	122.5	121.3	128.1	133.3	13.26	187.3	0
3.775	16	7	0	0	0	122.4	121.8	122.4	121.8	128.1	133.3	12.84	182.3	0
4.025	17	2	0	0	0	122.4	121.6	122.4	121.6	131.9	132.1	14.13	199.7	0
4.025	17	4	0	0	0	122.4	121.6	122.4	121.6	131.9	132.1	14.15	203.1	0
4.025	17	0	0	122.1	122.5	122.4	121.7	122.4	121.7	131.9	132.1	14.09	195.5	0
4.025	17	6	0	0	0	122.4	121.6	122.4	121.6	131.9	132.1	14.12	198.7	0
4.025	17	3	0	0	0	122.4	121.6	122.4	121.6	131.9	132.1	14.14	202.1	0
4.025	17	1	0	0	0	122.4	121.7	122.4	121.7	131.9	132.1	14.11	197	0
4.025	17	5	0	0	0	122.4	121.6	122.4	121.6	131.9	132.1	14.14	201.4	0
4.025	17	7	0	0	0	122.4	121.7	122.4	121.7	131.9	132.1	14.1	196.4	0
4.275	18	2	0	0	0	123.3	122.6	123.3	122.6	136.3	132.9	16.59	216.3	0
4.275	18	4	0	0	0	123.1	122.4	123.1	122.4	136.3	132.9	16.81	219.9	0
4.275	18	0	0	131.1	131.3	123.5	122.8	123.5	122.8	136.3	132.9	16.31	211.8	0
4.275	18	6	0	0	0	123.3	122.6	123.3	122.6	136.3	132.9	16.53	215.2	0
4.275	18	3	0	0	0	123.2	122.5	123.2	122.5	136.3	132.9	16.74	218.8	0
4.275	18	1	0	0	0	123.4	122.7	123.4	122.7	136.3	132.9	16.42	213.5	0
4.275	18	5	0	0	0	123.2	122.5	123.2	122.5	136.3	132.9	16.7	218.1	0
4.275	18	7	0	0	0	123.4	122.8	123.4	122.8	136.3	132.9	16.38	212.8	0
4.525	19	2	0	0	0	123.8	125	123.8	125	134.9	135.9	15.6	231.9	0
4.525	19	4	0	0	0	123.7	124.6	123.7	124.6	134.9	135.9	15.97	235.9	0
4.525	19	0	0	128.1	147	123.9	125.6	123.9	125.6	134.9	135.9	15.14	226.9	0
4.525	19	6	0	0	0	123.8	125.2	123.8	125.2	134.9	135.9	15.49	230.7	0
4.525	19	3	0	0	0	123.7	124.7	123.7	124.7	134.9	135.9	15.86	234.7	0
4.525	19	1	0	0	0	123.8	125.4	123.8	125.4	134.9	135.9	15.31	228.8	0
4.525	19	5	0	0	0	123.7	124.8	123.7	124.8	134.9	135.9	15.78	233.9	0
4.525	19	7	0	0	0	123.9	125.5	123.9	125.5	134.9	135.9	15.24	228	0
4.775	20	2	0	0	0	125	125.4	125	125.4	132.9	139.1	15.75	247.6	0
4.775	20	4	0	0	0	124.8	125.3	124.8	125.3	132.9	139.1	15.95	251.9	0
4.775	20	0	0	136.3	128.7	125.3	125.6	125.3	125.6	132.9	139.1	15.5	242.4	0
4.775	20	6	0	0	0	125.1	125.5	125.1	125.5	132.9	139.1	15.69	246.4	0
4.775	20	3	0	0	0	124.9	125.4	124.9	125.4	132.9	139.1	15.89	250.6	0
4.775	20	1	0	0	0	125.2	125.5	125.2	125.5	132.9	139.1	15.59	244.4	0
4.775	20	5	0	0	0	124.9	125.4	124.9	125.4	132.9	139.1	15.85	249.7	0
4.775	20	7	0	0	0	125.2	125.5	125.2	125.5	132.9	139.1	15.56	243.6	0
5.025	21	2	0	0	0	127.3	126.7	127.3	126.7	139.2	142.6	19.83	267.5	0
5.025	21	4	0	0	0	126.9	126.5	126.9	126.5	139.2	142.6	20.25	272.1	0
5.025	21	0	0	147.4	138.4	127.8	127	127.8	127	139.2	142.6	19.3	261.7	0
5.025	21	6	0	0	0	127.4	126.8	127.4	126.8	139.2	142.6	19.7	266.1	0
5.025	21	3	0	0	0	127	126.6	127	126.6	139.2	142.6	20.13	270.7	0
5.025	21	1	0	0	0	127.6	126.9	127.6	126.9	139.2	142.6	19.49	263.9	0
5.025	21	5	0	0	0	127.1	126.6	127.1	126.6	139.2	142.6	20.04	269.8	0
5.025	21	7	0	0	0	127.7	127	127.7	127	139.2	142.6	19.42	263	0
5.275	22	2	0	0	0	127.3	127.8	127.3	127.8	138.4	143.9	19.57	287	0
5.275	22	4	0	0	0	127.2	127.6	127.2	127.6	138.4	143.9	19.75	291.9	0
5.275	22	0	0	126.7	137.2	127.3	128.1	127.3	128.1	138.4	143.9	19.34	281.1	0
5.275	22	6	0	0	0	127.3	127.9	127.3	127.9	138.4	143.9	19.51	285.6	0
5.275	22	3	0	0	0	127.2	127.7	127.2	127.7	138.4	143.9	19.69	290.4	0
5.275	22	1	0	0	0	127.3	128	127.3	128	138.4	143.9	19.42	283.3	0
5.275	22	5	0	0	0	127.2	127.7	127.2	127.7	138.4	143.9	19.66	289.4	0
5.275	22	7	0	0	0	127.3	128	127.3	128	138.4	143.9	19.39	282.4	0
5.525	23	2	0	0	0	126.8	129.1	126.8	129.1	136.4	147.7	20.93	308	0
5.525	23	4	0	0	0	126.9	128.9	126.9	128.9	136.4	147.7	21.11	313	0
5.525	23	0	0	123.1	140.6	126.8	129.4	126.8	129.4	136.4	147.7	20.71	301.8	0
5.525	23	6	0	0	0	126.8	129.2	126.8	129.2	136.4	147.7	20.88	306.5	0
5.525	23	3	0	0	0	126.9	128.9	126.9	128.9	136.4	147.7	21.06	311.5	0
5.525	23	1	0	0	0	126.8	129.3	126.8	129.3	136.4	147.7	20.79	304.1	0
5.525	23	5	0	0	0	126.9	129	126.9	129	136.4	147.7	21.02	310.5	0
5.525	23	7	0	0	0	126.8	129.3	126.8	129.3	136.4	147.7	20.76	303.2	0
5.775	24	2	0	0	0	126.8	132.9	126.8	132.9	141.4	151.8	23.89	331.9	0
5.775	24	4	0	0	0	126.8	132.2	126.8	132.2	141.4	151.8	24.42	337.4	0
5.775	24	0	0	126.9	166.6	126.8	133.7	126.8	133.7	141.4	151.8	23.25	325	0
5.775	24	6	0	0	0	126.8	133.1	126.8	133.1	141.4	151.8	23.74	330.3	0
5.775	24	3	0	0	0	126.8	132.4	126.8	132.4	141.4	151.8	24.26	335.7	0
5.775	24	1	0	0	0	126.8	133.4	126.8	133.4	141.4	151.8	23.49	327.6	0
5.775	24	5	0	0	0	126.8	132.5	126.8	132.5	141.4	151.8	24.16	334.6	0
5.775	24	7	0	0	0	126.8	133.5	126.8	133.5	141.4	151.8	23.39	326.6	0
6.025	25	2	0	0	0	129	137.2	129	137.2	139.4	158	23.28	355.1	0
6.025	25	4	0	0	0	128.6	136.4	128.6	136.4	139.4	158	24.16	361.6	0
6.025	25	0	0	148.1	175.9	129.4	138.2	129.4	138.2	139.4	158	22.19	347.2	0
6.025	25	6	0	0	0	129.1	137.5	129.1	137.5	139.4	158	23.03	353.3	0
6.025	25	3	0	0	0	128.7	136.7	128.7	136.7	139.4	158	23.89	359.6	0
6.025	25	1	0	0	0	129.2	137.8	129.2	137.8	139.4	158	22.6	350.2	0
6.025	25	5	0	0	0	128.8	136.8	128.8	136.8	139.4	158	23.72	358.3	0
6.025	25	7	0	0	0	129.3	138	129.3	138	139.4	158	22.44	349	0
6.275	26	2	0	0	0	129	141	129	141	141	164.1	26.05	381.2	0
6.275	26	4	0	0	0	128.9	140.3	128.9	140.3	141	164.1	26.7	388.3	0
6.275	26	0	0	128.6	174.7	129	141.9	129	141.9	141	164.1	25.25	372.5	0
6.275	26	6	0	0	0	129	141.2	129	141.2	141	164.1	25.86	379.1	0
6.275	26	3	0	0	0	128.9	140.5	128.9	140.5	141	164.1	26.5	386.1	0
6.275	26	1	0	0	0	129	141.6	129	141.6	141	164.1	25.55	375.7	0
6.275	26	5	0	0	0	128.9	140.7	128.9	140.7	141	164.1	26.38	384.7	0
6.275	26	7	0	0	0	129	141.7	129	141.7	141	164.1	25.43	374.4	0
6.525	27	2	0	0	0	131.6	143.4	131.6	143.4	139.1	166.4	24.18	405.4	0
6.525	27	4	0	0	0	131.1	142.9	131.1	142.9	139.1	166.4	24.76	413	0
6.525	27	0	0	155.4	164.1	132.2	144	132.2	144	139.1	166.4	23.46	395.9	0
6.525	27	6	0	0	0	131.7	143.5	131.7	143.5	139.1	166.4	24.01	403.2	0
6.525	27	3	0	0	0	131.3	143.1	131.3	143.1	139.1	166.4	24.59	410.7	0
6.525	27	1	0	0	0	132	143.7	132	143.7	139.1	166.4	23.73	399.4	0
6.525	27	5	0	0	0	131.4	143.2	131.4	143.2	139.1	166.4	24.47	409.2	0
6.525	27	7	0	0	0	132	143.8	132	143.8	139.1	166.4	23.62	398	0
6.775	28	2	0	0	0	131.7	146	131.7	146	141.4	168.2	24.19	429.6	0
6.775	28	4	0	0	0	131.6	145.5	131.6	145.5	141.4	168.2	24.66	437.7	0
6.775	28	0	0	132	169.4	131.7	146.6	131.7	146.6	141.4	168.2	23.61	419.5	0
6.775	28	6	0	0	0	131.7	146.2	131.7	146.2	141.4	168.2	24.06	427.2	0
6.775	28	3	0	0	0	131.6	145.7	131.6	145.7	141.4	168.2	24.52	435.2	0
6.775	28	1	0	0	0	131.7	146.4	131.7	146.4	141.4	168.2	23.83	423.3	0
6.775	28	5	0	0	0	131.7	145.8	131.7	145.8	141.4	168.2	24.43	433.6	0
6.775	28	7	0	0	0	131.7	146.5	131.7	146.5	141.4	168.2	23.74	421.8	0
7.025	29	2	0	0	0	132.5	147.7	132.5	147.7	142.8	171.9	26.3	455.9	0
7.025	29	4	0	0	0	132.4	147.4	132.4	147.4	142.8	171.9	26.66	464.3	0
7.025	29	0	0	139.9	162.7	132.7	148.1	132.7	148.1	142.8	171.9	25.85	445.4	0
7.025	29	6	0	0	0	132.5	147.8	132.5	147.8	142.8	171.9	26.19	453.4	0
7.025	29	3	0	0	0	132.4	147.5	132.4	147.5	142.8	171.9	26.55	461.8	0
7.025	29	1	0	0	0	132.6	148	132.6	148	142.8	171.9	26.01	449.3	0
7.025	29	5	0	0	0	132.4	147.6	132.4	147.6	142.8	171.9	26.48	460.1	0
7.025	29	7	0	0	0	132.6	148	132.6	148	142.8	171.9	25.95	447.7	0
7.275	30	2	0	0	0	133.3	149.3	133.3	149.3	141.6	171.3	23.51	479.4	0
7.275	30	4	0	0	0	133.1	149	133.1	149	141.6	171.3	23.83	488.2	0
7.275	30	0	0	140.3	163.2	133.5	149.7	133.5	149.7	141.6	171.3	23.1	468.5	0
7.275	30	6	0	0	0	133.3	149.4	133.3	149.4	141.6	171.3	23.41	476.8	0
7.275	30	3	0	0	0	133.2	149.1	133.2	149.1	141.6	171.3	23.74	485.5	0
7.275	30	1	0	0	0	133.4	149.5	133.4	149.5	141.6	171.3	23.25	472.5	0
7.275	30	5	0	0	0	133.2	149.1	133.2	149.1	141.6	171.3	23.67	483.8	0
7.275	30	7	0	0	0	133.4	149.6	133.4	149.6	141.6	171.3	23.19	470.9	0
7.525	31	2	0	0	0	134.6	151.3	134.6	151.3	148.5	173.7	26.35	505.7	0
7.525	31	4	0	0	0	134.4	151	134.4	151	148.5	173.7	26.79	514.9	0
7.525	31	0	0	146.4	169.4	134.9	151.8	134.9	151.8	148.5	173.7	25.8	494.3	0
7.525	31	6	0	0	0	134.7	151.4	134.7	151.4	148.5	173.7	26.22	503	0
7.525	31	3	0	0	0	134.4	151.1	134.4	151.1	148.5	173.7	26.65	512.2	0
7.525	31	1	0	0	0	134.8	151.6	134.8	151.6	148.5	173.7	26	498.5	0
7.525	31	5	0	0	0	134.5	151.1	134.5	151.1	148.5	173.7	26.57	510.3	0
7.525	31	7	0	0	0	134.8	151.7	134.8	151.7	148.5	173.7	25.92	496.8	0
7.775	32	2	0	0	0	135.2	152.6	135.2	152.6	152.1	170.8	24.79	530.5	0
7.775	32	4	0	0	0	135.1	152.4	135.1	152.4	152.1	170.8	25.06	540	0
7.775	32	0	0	140.8	164.3	135.4	153	135.4	153	152.1	170.8	24.44	518.7	0
7.775	32	6	0	0	0	135.3	152.7	135.3	152.7	152.1	170.8	24.71	527.7	0
7.775	32	3	0	0	0	135.2	152.5	135.2	152.5	152.1	170.8	24.98	537.1	0
7.775	32	1	0	0	0	135.3	152.8	135.3	152.8	152.1	170.8	24.57	523.1	0
7.775	32	5	0	0	0	135.2	152.5	135.2	152.5	152.1	170.8	24.92	535.3	0
7.775	32	7	0	0	0	135.4	152.9	135.4	152.9	152.1	170.8	24.52	521.4	0
8.025	33	2	0	0	0	137.1	155.7	137.1	155.7	155.4	169.5	22.97	553.5	0
8.025	33	4	0	0	0	136.8	155.1	136.8	155.1	155.4	169.5	23.56	563.6	0
8.025	33	0	0	153.9	182.6	137.5	156.3	137.5	156.3	155.4	169.5	22.24	541	0
8.025	33	6	0	0	0	137.2	155.8	137.2	155.8	155.4	169.5	22.8	550.5	0
8.025	33	3	0	0	0	136.9	155.3	136.9	155.3	155.4	169.5	23.38	560.5	0
8.025	33	1	0	0	0	137.4	156.1	137.4	156.1	155.4	169.5	22.52	545.6	0
8.025	33	5	0	0	0	137	155.4	137	155.4	155.4	169.5	23.27	558.5	0
8.025	33	7	0	0	0	137.4	156.2	137.4	156.2	155.4	169.5	22.41	543.8	0
8.275	34	2	0	0	0	140.8	157	140.8	157	157.9	175.2	24.93	578.4	0
8.275	34	4	0	0	0	140.2	156.8	140.2	156.8	157.9	175.2	25.59	589.2	0
8.275	34	0	0	174.3	168.9	141.7	157.4	141.7	157.4	157.9	175.2	24.11	565.1	0
8.275	34	6	0	0	0	141	157.1	141	157.1	157.9	175.2	24.73	575.3	0
8.275	34	3	0	0	0	140.4	156.8	140.4	156.8	157.9	175.2	25.39	585.9	0
8.275	34	1	0	0	0	141.4	157.2	141.4	157.2	157.9	175.2	24.41	570	0
8.275	34	5	0	0	0	140.5	156.9	140.5	156.9	157.9	175.2	25.26	583.8	0
8.275	34	7	0	0	0	141.5	157.3	141.5	157.3	157.9	175.2	24.29	568.1	0
8.525	35	2	0	0	0	143.7	159.3	143.7	159.3	155.2	174	18.66	597	0
8.525	35	4	0	0	0	143.1	158.9	143.1	158.9	155.2	174	19.31	608.5	0
8.525	35	0	0	168.4	179.8	144.3	159.8	144.3	159.8	155.2	174	17.84	582.9	0
8.525	35	6	0	0	0	143.8	159.4	143.8	159.4	155.2	174	18.47	593.7	0
8.525	35	3	0	0	0	143.3	159	143.3	159	155.2	174	19.11	605	0
8.525	35	1	0	0	0	144.1	159.7	144.1	159.7	155.2	174	18.15	588.2	0
8.525	35	5	0	0	0	143.4	159.1	143.4	159.1	155.2	174	18.99	602.8	0
8.525	35	7	0	0	0	144.2	159.7	144.2	159.7	155.2	174	18.02	586.1	0
8.775	36	2	0	0	0	144.4	161.3	144.4	161.3	153.3	180.5	21.18	618.2	0
8.775	36	4	0	0	0	144.3	160.9	144.3	160.9	153.3	180.5	21.58	630	0
8.775	36	0	0	151.1	178.4	144.7	161.7	144.7	161.7	153.3	180.5	20.67	603.6	0
8.775	36	6	0	0	0	144.5	161.4	144.5	161.4	153.3	180.5	21.06	614.8	0
8.775	36	3	0	0	0	144.3	161	144.3	161	153.3	180.5	21.46	626.5	0
8.775	36	1	0	0	0	144.6	161.6	144.6	161.6	153.3	180.5	20.86	609	0
8.775	36	5	0	0	0	144.3	161.1	144.3	161.1	153.3	180.5	21.38	624.2	0
8.775	36	7	0	0	0	144.6	161.6	144.6	161.6	153.3	180.5	20.79	606.9	0
9.025	37	2	0	0	0	145.6	166	145.6	166	153.8	183.2	19.07	637.3	0
9.025	37	4	0	0	0	145.5	165.4	145.5	165.4	153.8	183.2	19.64	649.7	0
9.025	37	0	0	148.4	197.4	145.9	167.2	145.9	167.2	153.8	183.2	17.89	621.5	0
9.025	37	6	0	0	0	145.9	166.6	145.9	166.6	153.8	183.2	18.42	633.2	0
9.025	37	3	0	0	0	145.5	165.5	145.5	165.5	153.8	183.2	19.55	646	0
9.025	37	1	0	0	0	145.8	166.7	145.8	166.7	153.8	183.2	18.39	627.4	0
9.025	37	5	0	0	0	145.7	165.9	145.7	165.9	153.8	183.2	19.1	643.3	0
9.025	37	7	0	159.6	187.8	145.9	167.1	145.9	167.1	153.8	183.2	17.97	624.8	0
9.275	38	2	0	0	0	146.9	169.1	146.9	169.1	151.3	187.3	18.79	656.1	0
9.275	38	4	0	0	0	146.8	168.7	146.8	168.7	151.3	187.3	19.13	668.8	0
9.275	38	0	0	154.6	183.7	147.2	169.9	147.2	169.9	151.3	187.3	17.92	639.4	0
9.275	38	6	0	0	0	147.1	169.6	147.1	169.6	151.3	187.3	18.24	651.4	0
9.275	38	3	0	0	0	146.8	168.8	146.8	168.8	151.3	187.3	19.1	665.1	0
9.275	38	1	0	0	0	147.1	169.5	147.1	169.5	151.3	187.3	18.29	645.7	0
9.275	38	5	0	0	0	146.9	169.1	146.9	169.1	151.3	187.3	18.72	662	0
9.275	38	7	0	153.1	189.6	147.2	169.9	147.2	169.9	151.3	187.3	17.95	642.8	0
9.525	39	2	0	0	0	148	174.7	148	174.7	153.8	190.8	17.09	673.2	0
9.525	39	4	0	0	0	147.9	174	147.9	174	153.8	190.8	17.83	686.7	0
9.525	39	0	0	154.9	214.1	148.3	176	148.3	176	153.8	190.8	15.78	655.2	0
9.525	39	6	0	0	0	148.1	175.3	148.1	175.3	153.8	190.8	16.46	667.9	0
9.525	39	3	0	0	0	147.9	174.2	147.9	174.2	153.8	190.8	17.68	682.8	0
9.525	39	1	0	0	0	148.2	175.5	148.2	175.5	153.8	190.8	16.31	662	0
9.525	39	5	0	0	0	148	174.6	148	174.6	153.8	190.8	17.25	679.2	0
9.525	39	7	0	152.8	193.8	148.3	175.9	148.3	175.9	153.8	190.8	15.92	658.7	0
9.775	40	2	0	0	0	151.3	177.8	151.3	177.8	158.9	197.1	20.75	693.9	0
9.775	40	4	0	0	0	150.9	177.4	150.9	177.4	158.9	197.1	21.25	707.9	0
9.775	40	0	0	173	194.9	152	178.6	152	178.6	158.9	197.1	19.73	674.9	0
9.775	40	6	0	0	0	151.7	178.3	151.7	178.3	158.9	197.1	20.19	688.1	0
9.775	40	3	0	0	0	151	177.5	151	177.5	158.9	197.1	21.17	704	0
9.775	40	1	0	0	0	151.7	178.3	151.7	178.3	158.9	197.1	20.16	682.2	0
9.775	40	5	0	0	0	151.2	177.8	151.2	177.8	158.9	197.1	20.78	700	0
9.775	40	7	0	165.3	194.1	152	178.6	152	178.6	158.9	197.1	19.8	678.5	0
10.025	41	2	0	0	0	152.1	181.4	152.1	181.4	159.6	194.9	15.37	709.3	0
10.025	41	4	0	0	0	152.1	181	152.1	181	159.6	194.9	15.75	723.7	0
10.025	41	0	0	150.3	203.7	152.5	182.3	152.5	182.3	159.6	194.9	14.43	689.3	0
10.025	41	6	0	0	0	152.5	181.9	152.5	181.9	159.6	194.9	14.78	702.9	0
10.025	41	3	0	0	0	152.1	181.1	152.1	181.1	159.6	194.9	15.71	719.7	0
10.025	41	1	0	0	0	152.3	182	152.3	182	159.6	194.9	14.84	697	0
10.025	41	5	0	0	0	152.3	181.4	152.3	181.4	159.6	194.9	15.32	715.3	0
10.025	41	7	0	167.9	198.8	152.5	182.3	152.5	182.3	159.6	194.9	14.47	693	0
10.275	42	2	0	0	0	155.5	185.4	155.5	185.4	166	195.5	14.54	723.8	0
10.275	42	4	0	0	0	155.3	184.9	155.3	184.9	166	195.5	15.04	738.7	0
10.275	42	0	0	170.1	205.7	156.4	186.2	156.4	186.2	166	195.5	13.38	702.7	0
10.275	42	6	0	0	0	156.2	185.7	156.2	185.7	166	195.5	13.81	716.7	0
10.275	42	3	0	0	0	155.3	185	155.3	185	166	195.5	14.98	734.7	0
10.275	42	1	0	153.7	190.4	156	185.9	156	185.9	166	195.5	13.88	710.9	0
10.275	42	5	0	0	0	155.7	185.2	155.7	185.2	166	195.5	14.49	729.8	0
10.275	42	7	0	187.2	202.2	156.4	186.1	156.4	186.1	166	195.5	13.41	706.4	0
10.525	43	2	0	0	0	158.9	188.2	158.9	188.2	166	195.9	10.49	734.3	0
10.525	43	4	0	0	0	158.4	187.7	158.4	187.7	166	195.9	11.13	749.8	0
10.525	43	0	0	165.2	199.9	159.4	188.6	159.4	188.6	166	195.9	9.863	712.6	0
10.525	43	6	0	0	0	159	188.1	159	188.1	166	195.9	10.46	727.2	0
10.525	43	3	0	0	0	158.6	187.9	158.6	187.9	166	195.9	10.91	745.6	0
10.525	43	1	0	171.9	197	159.2	188.4	159.2	188.4	166	195.9	10.08	721	0
10.525	43	5	0	0	0	158.6	187.8	158.6	187.8	166	195.9	10.89	740.7	0
10.525	43	7	0	175.4	194.2	159.2	188.4	159.2	188.4	166	195.9	10.06	716.4	0
10.775	44	2	0	0	0	160.6	189.2	160.6	189.2	167.1	201.7	14.05	748.4	0
10.775	44	4	0	0	0	160.4	188.9	160.4	188.9	167.1	201.7	14.4	764.2	0
10.775	44	0	0	173	182.1	161.1	189.1	161.1	189.1	167.1	201.7	13.89	726.5	0
10.775	44	6	0	0	0	161	188.9	161	188.9	167.1	201.7	14.21	741.4	0
10.775	44	3	0	0	0	160.4	189.1	160.4	189.1	167.1	201.7	14.25	759.8	0
10.775	44	1	0	157.5	204.4	160.9	189.2	160.9	189.2	167.1	201.7	13.92	734.9	0
10.775	44	5	0	0	0	160.7	188.8	160.7	188.8	167.1	201.7	14.36	755.1	0
10.775	44	7	0	172.3	192.3	161.1	189	161.1	189	167.1	201.7	14.02	730.5	0
11.025	45	2	0	0	0	160.3	190.4	160.3	190.4	166.2	201.5	12.57	760.9	0
11.025	45	4	0	0	0	160.3	190.5	160.3	190.5	166.2	201.5	12.46	776.7	0
11.025	45	0	0	161.2	196.9	160.2	191	160.2	191	166.2	201.5	12.03	738.5	0
11.025	45	6	0	0	0	160.3	191.1	160.3	191.1	166.2	201.5	11.91	753.3	0
11.025	45	3	0	0	0	160.3	190.4	160.3	190.4	166.2	201.5	12.61	772.4	0
11.025	45	1	0	157	181.5	160.2	190.7	160.2	190.7	166.2	201.5	12.31	747.2	0
11.025	45	5	0	0	0	160.3	190.8	160.3	190.8	166.2	201.5	12.16	767.2	0
11.025	45	7	0	156.1	218.8	160.3	191.2	160.3	191.2	166.2	201.5	11.89	742.4	0
11.275	46	2	0	0	0	159.9	195.7	159.9	195.7	167.3	205.2	12.05	773	0
11.275	46	4	0	0	0	160.2	194.6	160.2	194.6	167.3	205.2	12.74	789.4	0
11.275	46	0	0	155.5	192.6	160.2	195.7	160.2	195.7	167.3	205.2	11.84	750.3	0
11.275	46	6	0	0	0	160.5	194.7	160.5	194.7	167.3	205.2	12.51	765.8	0
11.275	46	3	0	0	0	160	195.1	160	195.1	167.3	205.2	12.41	784.8	0
11.275	46	1	0	150.9	240.6	160	195.9	160	195.9	167.3	205.2	11.85	759.1	0
11.275	46	5	0	0	0	160.4	194.5	160.4	194.5	167.3	205.2	12.74	780	0
11.275	46	7	0	179.7	200.6	160.4	195.2	160.4	195.2	167.3	205.2	12.13	754.5	0
11.525	47	2	0	0	0	162.3	198.3	162.3	198.3	165.3	202.8	5.414	778.4	0
11.525	47	4	0	0	0	161.9	197.8	161.9	197.8	165.3	202.8	6.034	795.5	0
11.525	47	0	0	152.6	204	162.3	198.7	162.3	198.7	165.3	202.8	5.047	755.4	0
11.525	47	6	0	0	0	161.9	198.2	161.9	198.2	165.3	202.8	5.629	771.4	0
11.525	47	3	0	0	0	162.1	197.9	162.1	197.9	165.3	202.8	5.781	790.6	0
11.525	47	1	0	184.5	210.5	162.3	198.5	162.3	198.5	165.3	202.8	5.136	764.2	0
11.525	47	5	0	0	0	161.8	197.9	161.8	197.9	165.3	202.8	5.924	785.9	0
11.525	47	7	0	174.1	216.2	162.1	198.5	162.1	198.5	165.3	202.8	5.276	759.8	0
11.775	48	2	0	0	0	165	199.1	165	199.1	171	207.4	10.21	788.6	0
11.775	48	4	0	0	0	164.4	199.1	164.4	199.1	171	207.4	10.59	806	0
11.775	48	0	0	169.5	199.1	165.2	199.5	165.2	199.5	171	207.4	9.847	765.2	0
11.775	48	6	0	0	0	164.6	199.4	164.6	199.4	171	207.4	10.19	781.6	0
11.775	48	3	0	0	0	164.7	199.1	164.7	199.1	171	207.4	10.46	801.1	0
11.775	48	1	0	183.7	198.8	165.2	199.3	165.2	199.3	171	207.4	9.975	774.2	0
11.775	48	5	0	0	0	164.4	199.3	164.4	199.3	171	207.4	10.45	796.3	0
11.775	48	7	0	170.5	215.7	164.9	199.5	164.9	199.5	171	207.4	9.957	769.7	0
12.025	49	2	0	0	0	166.4	199.8	166.4	199.8	171.3	206.6	8.326	796.9	0
12.025	49	4	0	0	0	166	199.7	166	199.7	171.3	206.6	8.641	814.7	0
12.025	49	0	0	184	202.9	166.6	199.9	166.6	199.9	171.3	206.6	8.133	773.4	0
12.025	49	6	0	0	0	166.2	199.8	166.2	199.8	171.3	206.6	8.426	790	0
12.025	49	3	0	0	0	166.2	199.8	166.2	199.8	171.3	206.6	8.513	809.6	0
12.025	49	1	0	167.7	202.1	166.5	199.9	166.5	199.9	171.3	206.6	8.183	782.4	0
12.025	49	5	0	0	0	166.1	199.8	166.1	199.8	171.3	206.6	8.581	804.9	0
12.025	49	7	0	157	199.7	166.4	199.9	166.4	199.9	171.3	206.6	8.246	778	0
12.275	50	2	0	0	0	168.2	201.7	168.2	201.7	177.6	208.1	11.4	808.3	0
12.275	50	4	0	0	0	168.1	201.5	168.1	201.5	177.6	208.1	11.65	826.3	0
12.275	50	0	0	175.3	203.2	168.7	202	168.7	202	177.6	208.1	10.82	784.2	0
12.275	50	6	0	0	0	168.6	201.8	168.6	201.8	177.6	208.1	11.05	801.1	0
12.275	50	3	0	0	0	168.1	201.5	168.1	201.5	177.6	208.1	11.62	821.2	0
12.275	50	1	0	169.1	208.5	168.5	201.9	168.5	201.9	177.6	208.1	11.07	793.4	0
12.275	50	5	0	0	0	168.3	201.6	168.3	201.6	177.6	208.1	11.38	816.3	0
12.275	50	7	0	186.6	217.8	168.7	202	168.7	202	177.6	208.1	10.85	788.8	0
12.525	51	2	0	0	0	170.7	203.2	170.7	203.2	181	207.3	11.09	819.4	0
12.525	51	4	0	0	0	170.1	203.1	170.1	203.1	181	207.3	11.74	838.1	0
12.525	51	0	0	161.3	213.9	170.5	203.6	170.5	203.6	181	207.3	11.12	795.3	0
12.525	51	6	0	0	0	169.9	203.5	169.9	203.5	181	207.3	11.76	812.8	0
12.525	51	3	0	0	0	170.4	203.1	170.4	203.1	181	207.3	11.41	832.6	0
12.525	51	1	0	202.5	200.3	170.7	203.4	170.7	203.4	181	207.3	11.01	804.4	0
12.525	51	5	0	0	0	169.9	203.3	169.9	203.3	181	207.3	11.85	828.2	0
12.525	51	7	0	168.7	213.9	170.2	203.6	170.2	203.6	181	207.3	11.44	800.3	0
12.775	52	2	0	0	0	172	203.2	172	203.2	178.7	207	7.742	827.2	0
12.775	52	4	0	0	0	171.8	203.2	171.8	203.2	178.7	207	7.847	845.9	0
12.775	52	0	0	187.1	218.8	172.5	203.3	172.5	203.3	178.7	207	7.219	802.5	0
12.775	52	6	0	0	0	172.4	203.3	172.4	203.3	178.7	207	7.3	820.1	0
12.775	52	3	0	0	0	171.8	203.1	171.8	203.1	178.7	207	7.88	840.5	0
12.775	52	1	0	164	193.2	172.2	203.2	172.2	203.2	178.7	207	7.461	811.9	0
12.775	52	5	0	0	0	172.1	203.2	172.1	203.2	178.7	207	7.583	835.7	0
12.775	52	7	0	186	189.5	172.5	203.3	172.5	203.3	178.7	207	7.179	807.4	0
13.025	53	2	0	0	0	174.3	204.6	174.3	204.6	180.2	204.8	5.982	833.2	0
13.025	53	4	0	0	0	174	204.5	174	204.5	180.2	204.8	6.286	852.2	0
13.025	53	0	0	193.1	213.1	174.7	205	174.7	205	180.2	204.8	5.523	808	0
13.025	53	6	0	0	0	174.4	205	174.4	205	180.2	204.8	5.792	825.9	0
13.025	53	3	0	0	0	174	204.5	174	204.5	180.2	204.8	6.21	846.7	0
13.025	53	1	0	173.3	202.7	174.5	204.9	174.5	204.9	180.2	204.8	5.702	817.6	0
13.025	53	5	0	0	0	174.2	204.7	174.2	204.7	180.2	204.8	6.077	841.8	0
13.025	53	7	0	176.5	217	174.7	205.1	174.7	205.1	180.2	204.8	5.586	813	0
13.275	54	2	0	0	0	176.7	206.3	176.7	206.3	184.2	211.3	9.018	842.2	0
13.275	54	4	0	0	0	176.2	206.1	176.2	206.1	184.2	211.3	9.517	861.7	0
13.275	54	0	0	185.8	201.8	177	206.4	177	206.4	184.2	211.3	8.709	816.8	0
13.275	54	6	0	0	0	176.5	206.3	176.5	206.3	184.2	211.3	9.176	835.1	0
13.275	54	3	0	0	0	176.4	206.1	176.4	206.1	184.2	211.3	9.316	856	0
13.275	54	1	0	187.9	217.2	176.9	206.4	176.9	206.4	184.2	211.3	8.789	826.4	0
13.275	54	5	0	0	0	176.3	206.1	176.3	206.1	184.2	211.3	9.422	851.2	0
13.275	54	7	0	178.8	219.9	176.8	206.4	176.8	206.4	184.2	211.3	8.89	821.9	0
13.525	55	2	0	0	0	179.3	206.5	179.3	206.5	188	209.2	9.097	851.3	0
13.525	55	4	0	0	0	179	206.3	179	206.3	188	209.2	9.475	871.2	0
13.525	55	0	0	190.5	207.5	179.8	206.3	179.8	206.3	188	209.2	8.63	825.4	0
13.525	55	6	0	0	0	179.6	206.1	179.6	206.1	188	209.2	8.98	844.1	0
13.525	55	3	0	0	0	179	206.4	179	206.4	188	209.2	9.361	865.4	0
13.525	55	1	0	183.2	214	179.6	206.4	179.6	206.4	188	209.2	8.803	835.2	0
13.525	55	5	0	0	0	179.2	206.1	179.2	206.1	188	209.2	9.28	860.5	0
13.525	55	7	0	196.9	194.3	179.8	206.2	179.8	206.2	188	209.2	8.731	830.6	0
13.775	56	2	0	0	0	181.7	208.5	181.7	208.5	185.5	214	6.613	857.9	0
13.775	56	4	0	0	0	181.4	208.2	181.4	208.2	185.5	214	7.118	878.3	0
13.775	56	0	0	196.8	212.1	182.2	208.7	182.2	208.7	185.5	214	6.182	831.6	0
13.775	56	6	0	0	0	181.9	208.4	181.9	208.4	185.5	214	6.648	850.7	0
13.775	56	3	0	0	0	181.5	208.3	181.5	208.3	185.5	214	6.935	872.3	0
13.775	56	1	0	183.9	220.6	182	208.7	182	208.7	185.5	214	6.319	841.5	0
13.775	56	5	0	0	0	181.6	208.2	181.6	208.2	185.5	214	6.956	867.5	0
13.775	56	7	0	189.5	216.9	182.2	208.6	182.2	208.6	185.5	214	6.345	837	0
14.025	57	2	0	0	0	183.4	211.8	183.4	211.8	189.7	220.8	10.98	868.9	0
14.025	57	4	0	0	0	183	211.4	183	211.4	189.7	220.8	11.49	889.8	0
14.025	57	0	0	189.9	218.8	183.5	212.5	183.5	212.5	189.7	220.8	10.38	841.9	0
14.025	57	6	0	0	0	183.3	212.1	183.3	212.1	189.7	220.8	10.84	861.6	0
14.025	57	3	0	0	0	183.2	211.5	183.2	211.5	189.7	220.8	11.33	883.7	0
14.025	57	1	0	190.2	221.8	183.5	212.2	183.5	212.2	189.7	220.8	10.6	852.1	0
14.025	57	5	0	0	0	183.1	211.7	183.1	211.7	189.7	220.8	11.24	878.7	0
14.025	57	7	0	184.3	238	183.4	212.4	183.4	212.4	189.7	220.8	10.51	847.5	0
14.275	58	2	0	0	0	183.5	214.3	183.5	214.3	195.5	226.2	16.9	885.8	0
14.275	58	4	0	0	0	183.5	213.8	183.5	213.8	195.5	226.2	17.22	907	0
14.275	58	0	0	0	0	183.7	214.5	183.7	214.5	195.5	226.2	16.62	858.6	0
14.275	58	6	0	0	0	183.7	214	183.7	214	195.5	226.2	16.92	878.5	0
14.275	58	3	0	0	0	183.5	214	183.5	214	195.5	226.2	17.1	900.8	0
14.275	58	1	0	180.5	231.2	183.6	214.5	183.6	214.5	195.5	226.2	16.71	868.8	0
14.275	58	5	0	0	0	183.6	213.9	183.6	213.9	195.5	226.2	17.12	895.8	0
14.275	58	7	0	192.3	222.9	183.7	214.3	183.7	214.3	195.5	226.2	16.72	864.2	0
14.525	59	2	0	0	0	184.7	218	184.7	218	192.8	233.1	17.13	902.9	0
14.525	59	4	0	0	0	184.7	218	184.7	218	192.8	233.1	17.19	924.2	0
14.525	59	0	0	0	0	184.6	218.3	184.6	218.3	192.8	233.1	17.01	875.6	0
14.525	59	6	0	0	0	184.5	218.2	184.5	218.2	192.8	233.1	17.07	895.6	0
14.525	59	3	0	0	0	184.7	218	184.7	218	192.8	233.1	17.18	917.9	0
14.525	59	1	0	194.4	234.6	184.6	218.2	184.6	218.2	192.8	233.1	17.06	885.9	0
14.525	59	5	0	192.3	234.6	184.6	218.1	184.6	218.1	192.8	233.1	17.14	913	0
14.525	59	7	0	175.2	229.8	184.5	218.3	184.5	218.3	192.8	233.1	17.02	881.2	0
14.775	60	2	0	0	0	186.4	222.3	186.4	222.3	197.9	230.8	14.32	917.2	0
14.775	60	4	0	0	0	186.6	222.1	186.6	222.1	197.9	230.8	14.34	938.6	0
14.775	60	0	0	0	0	186.7	222.3	186.7	222.3	197.9	230.8	14.14	889.7	0
14.775	60	6	0	0	0	186.8	222.1	186.8	222.1	197.9	230.8	14.16	909.7	0
14.775	60	3	0	0	0	186.5	222.2	186.5	222.2	197.9	230.8	14.36	932.3	0
14.775	60	1	0	189.1	248.2	186.5	222.3	186.5	222.3	197.9	230.8	14.23	900.1	0
14.775	60	5	0	195	239.8	186.7	222	186.7	222	197.9	230.8	14.25	927.2	0
14.775	60	7	0	200.8	220.5	186.8	222.2	186.8	222.2	197.9	230.8	14.12	895.4	0
15.025	61	2	0	0	0	188.2	222.8	188.2	222.8	196	228.9	9.869	927.1	0
15.025	61	4	0	0	0	188	222.6	188	222.6	196	228.9	10.19	948.7	0
15.025	61	0	0	0	0	188.4	222.8	188.4	222.8	196	228.9	9.732	899.4	0
15.025	61	6	0	0	0	188.2	222.6	188.2	222.6	196	228.9	10.04	919.8	0
15.025	61	3	0	0	0	188.1	222.7	188.1	222.7	196	228.9	10.05	942.3	0
15.025	61	1	0	198.6	228.5	188.4	222.8	188.4	222.8	196	228.9	9.752	909.9	0
15.025	61	5	0	0	0	188	222.6	188	222.6	196	228.9	10.16	937.4	0
15.025	61	7	0	196.4	222.9	188.3	222.7	188.3	222.7	196	228.9	9.863	905.2	0
15.275	62	2	0	0	0	189.3	222.2	189.3	222.2	202.6	231.9	16.37	943.5	0
15.275	62	4	0	0	0	189.1	221.8	189.1	221.8	202.6	231.9	16.83	965.6	0
15.275	62	0	0	0	0	189.7	222.1	189.7	222.1	202.6	231.9	16.19	915.6	0
15.275	62	6	0	0	0	189.5	221.6	189.5	221.6	202.6	231.9	16.65	936.4	0
15.275	62	3	0	0	0	189.2	222	189.2	222	202.6	231.9	16.63	959	0
15.275	62	1	0	192.8	230.7	189.5	222.2	189.5	222.2	202.6	231.9	16.2	926.1	0
15.275	62	5	0	185.4	211.3	189.3	221.6	189.3	221.6	202.6	231.9	16.81	954.2	0
15.275	62	7	0	208.1	212.7	189.6	221.8	189.6	221.8	202.6	231.9	16.39	921.6	0
15.525	63	2	0	0	0	191.7	224.5	191.7	224.5	205.5	236.6	18.39	961.8	0
15.525	63	4	0	0	0	191.9	224.8	191.9	224.8	205.5	236.6	18.11	983.7	0
15.525	63	0	0	0	0	192	224.7	192	224.7	205.5	236.6	18.05	933.7	0
15.525	63	6	0	0	0	192.1	225	192.1	225	205.5	236.6	17.78	954.2	0
15.525	63	3	0	0	0	191.8	224.6	191.8	224.6	205.5	236.6	18.3	977.3	0
15.525	63	1	0	197.5	228.4	191.8	224.5	191.8	224.5	205.5	236.6	18.27	944.3	0
15.525	63	5	0	203.2	241.7	192	224.9	192	224.9	205.5	236.6	17.9	972.1	0
15.525	63	7	0	205.1	236.9	192.1	224.9	192.1	224.9	205.5	236.6	17.86	939.5	0
15.775	64	2	0	0	0	194	225.4	194	225.4	207.8	235.9	17.43	979.3	0
15.775	64	4	0	0	0	194.5	224.9	194.5	224.9	207.8	235.9	17.31	1001	0
15.775	64	0	0	0	0	194.1	225.6	194.1	225.6	207.8	235.9	17.17	950.9	0
15.775	64	6	0	0	0	194.6	225.2	194.6	225.2	207.8	235.9	17.06	971.2	0
15.775	64	3	0	0	0	194.2	225.1	194.2	225.1	207.8	235.9	17.41	994.7	0
15.775	64	1	0	194.8	233	194	225.6	194	225.6	207.8	235.9	17.32	961.7	0
15.775	64	5	0	214	214.5	194.6	225	194.6	225	207.8	235.9	17.17	989.3	0
15.775	64	7	0	200.4	237.7	194.4	225.4	194.4	225.4	207.8	235.9	17.08	956.6	0
16.025	65	2	0	0	0	195.7	227.5	195.7	227.5	208.4	234.6	14.47	993.7	0
16.025	65	4	0	0	0	196	227.2	196	227.2	208.4	234.6	14.41	1015	0
16.025	65	0	0	0	0	195.8	227.7	195.8	227.7	208.4	234.6	14.3	965.2	0
16.025	65	6	0	0	0	196	227.4	196	227.4	208.4	234.6	14.24	985.5	0
16.025	65	3	0	0	0	195.8	227.3	195.8	227.3	208.4	234.6	14.47	1009	0
16.025	65	1	0	199.1	240.1	195.7	227.7	195.7	227.7	208.4	234.6	14.4	976.1	0
16.025	65	5	0	206.9	230.1	196	227.3	196	227.3	208.4	234.6	14.32	1004	0
16.025	65	7	0	199.6	238.1	195.9	227.6	195.9	227.6	208.4	234.6	14.25	970.8	0
16.275	66	2	0	0	0	198.5	229.1	198.5	229.1	208.2	236.3	12.14	1006	0
16.275	66	4	0	0	0	198.9	228.9	198.9	228.9	208.2	236.3	11.97	1027	0
16.275	66	0	0	0	0	198.6	229.3	198.6	229.3	208.2	236.3	11.97	977.1	0
16.275	66	6	0	0	0	198.9	229	198.9	229	208.2	236.3	11.81	997.3	0
16.275	66	3	0	0	0	198.6	229	198.6	229	208.2	236.3	12.08	1021	0
16.275	66	1	0	203.8	239.6	198.4	229.2	198.4	229.2	208.2	236.3	12.08	988.1	0
16.275	66	5	0	219.3	230.5	199	228.9	199	228.9	208.2	236.3	11.86	1015	0
16.275	66	7	0	203.9	236	198.8	229.2	198.8	229.2	208.2	236.3	11.86	982.7	0
16.525	67	2	0	0	0	202.2	229	202.2	229	208	234.6	8.153	1014	0
16.525	67	4	0	0	0	202.8	228.5	202.8	228.5	208	234.6	8.077	1035	0
16.525	67	0	0	0	0	202.7	228.9	202.7	228.9	208	234.6	7.81	985	0
16.525	67	6	0	0	0	203.3	228.5	203.3	228.5	208	234.6	7.773	1005	0
16.525	67	3	0	0	0	202.4	228.7	202.4	228.7	208	234.6	8.159	1029	0
16.525	67	1	0	202.1	236.6	202.3	229	202.3	229	208	234.6	7.993	996.1	0
16.525	67	5	0	225.2	218.5	203.1	228.4	203.1	228.4	208	234.6	7.918	1023	0
16.525	67	7	0	230.7	226.7	203.1	228.7	203.1	228.7	208	234.6	7.735	990.4	0
16.775	68	2	0	0	0	202.9	230	202.9	230	214	239.8	14.79	1029	0
16.775	68	4	0	0	0	202.5	230.3	202.5	230.3	214	239.8	14.87	1050	0
16.775	68	0	0	0	0	202.9	230.2	202.9	230.2	214	239.8	14.66	999.6	0
16.775	68	6	0	0	0	202.5	230.5	202.5	230.5	214	239.8	14.75	1020	0
16.775	68	3	0	0	0	202.7	230.1	202.7	230.1	214	239.8	14.85	1044	0
16.775	68	1	0	211.5	228.1	202.9	230.1	202.9	230.1	214	239.8	14.71	1011	0
16.775	68	5	0	195.6	240.5	202.5	230.4	202.5	230.4	214	239.8	14.83	1038	0
16.775	68	7	0	200.1	241.4	202.7	230.4	202.7	230.4	214	239.8	14.69	1005	0
17.025	69	2	0	0	0	202.7	231.5	202.7	231.5	217.7	238.9	16.79	1046	0
17.025	69	4	0	0	0	203.2	231.3	203.2	231.3	217.7	238.9	16.39	1067	0
17.025	69	0	0	0	0	202.9	231.6	202.9	231.6	217.7	238.9	16.58	1016	0
17.025	69	6	0	0	0	203.4	231.4	203.4	231.4	217.7	238.9	16.19	1036	0
17.025	69	3	0	0	0	202.9	231.4	202.9	231.4	217.7	238.9	16.62	1061	0
17.025	69	1	0	189.7	240.2	202.7	231.5	202.7	231.5	217.7	238.9	16.75	1028	0
17.025	69	5	0	212.8	231.6	203.4	231.3	203.4	231.3	217.7	238.9	16.23	1054	0
17.025	69	7	0	212.9	236	203.2	231.5	203.2	231.5	217.7	238.9	16.35	1021	0
17.275	70	2	0	0	0	206.4	231.9	206.4	231.9	217.9	242.6	15.73	1061	0
17.275	70	4	0	0	0	206	231.5	206	231.5	217.9	242.6	16.22	1083	0
17.275	70	0	0	0	0	206.6	231.8	206.6	231.8	217.9	242.6	15.64	1032	0
17.275	70	6	0	0	0	206.2	231.5	206.2	231.5	217.9	242.6	16.11	1052	0
17.275	70	3	0	0	0	206.2	231.7	206.2	231.7	217.9	242.6	15.99	1077	0
17.275	70	1	0	227.7	240.6	206.5	231.9	206.5	231.9	217.9	242.6	15.61	1043	0
17.275	70	5	0	211.2	228.3	206.1	231.4	206.1	231.4	217.9	242.6	16.24	1071	0
17.275	70	7	0	217.1	227.5	206.4	231.6	206.4	231.6	217.9	242.6	15.86	1037	0
17.525	71	2	0	0	0	209.1	233.6	209.1	233.6	216.3	244.8	13.36	1075	0
17.525	71	4	0	0	0	209.1	233.6	209.1	233.6	216.3	244.8	13.27	1096	0
17.525	71	0	0	0	0	209.3	233.7	209.3	233.7	216.3	244.8	13.09	1045	0
17.525	71	6	0	0	0	209.4	233.8	209.4	233.8	216.3	244.8	13	1065	0
17.525	71	3	0	0	0	209.1	233.6	209.1	233.6	216.3	244.8	13.36	1090	0
17.525	71	1	0	217.9	239.1	209.2	233.7	209.2	233.7	216.3	244.8	13.24	1056	0
17.525	71	5	0	222.1	242.8	209.3	233.7	209.3	233.7	216.3	244.8	13.12	1084	0
17.525	71	7	0	222	243.2	209.4	233.8	209.4	233.8	216.3	244.8	13.01	1050	0
17.775	72	2	0	0	0	212.4	237.1	212.4	237.1	213.7	243.8	6.847	1082	0
17.775	72	4	0	0	0	212.6	236.8	212.6	236.8	213.7	243.8	7.157	1103	0
17.775	72	0	0	0	0	212.5	237.4	212.5	237.4	213.7	243.8	6.493	1051	0
17.775	72	6	0	0	0	212.7	237.1	212.7	237.1	213.7	243.8	6.801	1072	0
17.775	72	3	0	0	0	212.5	236.9	212.5	236.9	213.7	243.8	7.057	1097	0
17.775	72	1	0	223.5	255.7	212.4	237.3	212.4	237.3	213.7	243.8	6.621	1063	0
17.775	72	5	0	231.4	241.3	212.7	236.9	212.7	236.9	213.7	243.8	7.026	1091	0
17.775	72	7	0	219.9	255	212.7	237.3	212.7	237.3	213.7	243.8	6.592	1057	0
18.025	73	2	0	0	0	213.6	239.3	213.6	239.3	217.5	244.9	6.74	1088	0
18.025	73	4	0	0	0	212.7	239.3	212.7	239.3	217.5	244.9	7.34	1111	0
18.025	73	0	0	0	0	213.5	239.6	213.5	239.6	217.5	244.9	6.577	1058	0
18.025	73	6	0	0	0	212.6	239.6	212.6	239.6	217.5	244.9	7.19	1079	0
18.025	73	3	0	0	0	213.2	239.3	213.2	239.3	217.5	244.9	7.057	1104	0
18.025	73	1	0	237.1	247	213.7	239.5	213.7	239.5	217.5	244.9	6.569	1070	0
18.025	73	5	0	198.6	247	212.5	239.4	212.5	239.4	217.5	244.9	7.364	1098	0
18.025	73	7	0	208.1	252.7	213.1	239.6	213.1	239.6	217.5	244.9	6.852	1064	0
18.275	74	2	0	0	0	212.4	241.1	212.4	241.1	216.1	249.8	9.436	1098	0
18.275	74	4	0	0	0	212.4	241.2	212.4	241.2	216.1	249.8	9.332	1120	0
18.275	74	0	0	0	0	212.5	241.1	212.5	241.1	216.1	249.8	9.435	1067	0
18.275	74	6	0	0	0	212.5	241.2	212.5	241.2	216.1	249.8	9.333	1088	0
18.275	74	3	0	0	0	212.4	241.2	212.4	241.2	216.1	249.8	9.385	1114	0
18.275	74	1	0	206.5	248.4	212.5	241.1	212.5	241.1	216.1	249.8	9.452	1079	0
18.275	74	5	0	208.6	253.5	212.4	241.2	212.4	241.2	216.1	249.8	9.316	1107	0
18.275	74	7	0	216.3	238.7	212.5	241.1	212.5	241.1	216.1	249.8	9.384	1073	0
18.525	75	2	0	0	0	212	239.9	212	239.9	214.1	247	7.317	1105	0
18.525	75	4	0	0	0	212	240.5	212	240.5	214.1	247	6.728	1127	0
18.525	75	0	0	0	0	211.8	240.3	211.8	240.3	214.1	247	7.04	1074	0
18.525	75	6	0	0	0	211.8	240.9	211.8	240.9	214.1	247	6.471	1095	0
18.525	75	3	0	0	0	212.1	240.2	212.1	240.2	214.1	247	7.065	1121	0
18.525	75	1	0	214	217.3	211.9	240	211.9	240	214.1	247	7.266	1086	0
18.525	75	5	0	213.9	241.7	211.9	240.8	211.9	240.8	214.1	247	6.507	1114	0
18.525	75	7	0	198.5	260	211.8	240.6	211.8	240.6	214.1	247	6.715	1080	0
18.775	76	2	0	0	0	212	241.7	212	241.7	217.3	249.7	9.644	1115	0
18.775	76	4	0	0	0	211.5	241.4	211.5	241.4	217.3	249.7	10.11	1137	0
18.775	76	0	0	0	0	212.1	242	212.1	242	217.3	249.7	9.313	1084	0
18.775	76	6	0	0	0	211.6	241.8	211.6	241.8	217.3	249.7	9.775	1105	0
18.775	76	3	0	0	0	211.8	241.5	211.8	241.5	217.3	249.7	9.93	1131	0
18.775	76	1	0	218.1	248.9	212.1	241.9	212.1	241.9	217.3	249.7	9.405	1096	0
18.775	76	5	0	200.2	236.1	211.5	241.6	211.5	241.6	217.3	249.7	10.01	1124	0
18.775	76	7	0	217.6	259.1	211.9	242	211.9	242	217.3	249.7	9.492	1089	0
19.025	77	2	0	0	0	214.1	242.6	214.1	242.6	215.6	252.8	10.31	1125	0
19.025	77	4	0	0	0	214.2	242	214.2	242	215.6	252.8	10.82	1148	0
19.025	77	0	0	0	0	214.3	242.8	214.3	242.8	215.6	252.8	10.02	1094	0
19.025	77	6	0	0	0	214.4	242.3	214.4	242.3	215.6	252.8	10.54	1115	0
19.025	77	3	0	0	0	214.1	242.3	214.1	242.3	215.6	252.8	10.61	1141	0
19.025	77	1	0	219.5	252	214.2	242.8	214.2	242.8	215.6	252.8	10.08	1106	0
19.025	77	5	0	225.9	231.2	214.3	242.1	214.3	242.1	215.6	252.8	10.76	1135	0
19.025	77	7	0	226.1	255	214.4	242.6	214.4	242.6	215.6	252.8	10.24	1100	0
19.275	78	2	0	0	0	214.9	244.8	214.9	244.8	222	255.1	12.54	1138	0
19.275	78	4	0	0	0	215	244.6	215	244.6	222	255.1	12.64	1160	0
19.275	78	0	0	0	0	214.9	244.6	214.9	244.6	222	255.1	12.69	1106	0
19.275	78	6	0	0	0	215	244.5	215	244.5	222	255.1	12.79	1128	0
19.275	78	3	0	0	0	215	244.7	215	244.7	222	255.1	12.57	1154	0
19.275	78	1	0	218.7	261.9	214.9	244.7	214.9	244.7	222	255.1	12.59	1118	0
19.275	78	5	0	220	257.3	215	244.5	215	244.5	222	255.1	12.73	1147	0
19.275	78	7	0	213	234.5	214.9	244.5	214.9	244.5	222	255.1	12.76	1112	0
19.525	79	2	0	0	0	216.6	248	216.6	248	223.7	255.6	10.38	1148	0
19.525	79	4	0	0	0	216.5	247.7	216.5	247.7	223.7	255.6	10.64	1171	0
19.525	79	0	0	0	0	216.5	248.2	216.5	248.2	223.7	255.6	10.32	1117	0
19.525	79	6	0	0	0	216.3	248	216.3	248	223.7	255.6	10.59	1139	0
19.525	79	3	0	0	0	216.6	247.8	216.6	247.8	223.7	255.6	10.52	1164	0
19.525	79	1	0	230.4	265.1	216.6	248.1	216.6	248.1	223.7	255.6	10.31	1129	0
19.525	79	5	0	224.3	256.4	216.4	247.8	216.4	247.8	223.7	255.6	10.65	1158	0
19.525	79	7	0	208.5	261.1	216.4	248.1	216.4	248.1	223.7	255.6	10.45	1123	0
19.775	80	2	0	0	0	219.8	251.4	219.8	251.4	230	260.6	13.68	1162	0
19.775	80	4	0	0	0	219.8	251.3	219.8	251.3	230	260.6	13.77	1185	0
19.775	80	0	0	0	0	219.9	251.7	219.9	251.7	230	260.6	13.38	1130	0
19.775	80	6	0	0	0	219.9	251.6	219.9	251.6	230	260.6	13.47	1152	0
19.775	80	3	0	0	0	219.8	251.3	219.8	251.3	230	260.6	13.77	1178	0
19.775	80	1	0	233.6	267.5	219.8	251.6	219.8	251.6	230	260.6	13.51	1142	0
19.775	80	5	0	235.1	261.7	219.9	251.4	219.9	251.4	230	260.6	13.63	1172	0
19.775	80	7	0	228.7	266.4	220	251.7	220	251.7	230	260.6	13.38	1136	0
20.025	81	2	0	0	0	224.7	255.2	224.7	255.2	232.3	265.7	12.93	1175	0
20.025	81	4	0	0	0	224.9	254.8	224.9	254.8	232.3	265.7	13.15	1198	0
20.025	81	0	0	0	0	224.8	255.3	224.8	255.3	232.3	265.7	12.83	1143	0
20.025	81	6	0	0	0	225	254.9	225	254.9	232.3	265.7	13.05	1165	0
20.025	81	3	0	242.7	269.9	224.8	255	224.8	255	232.3	265.7	13.05	1191	0
20.025	81	1	0	225.7	266.5	224.7	255.3	224.7	255.3	232.3	265.7	12.84	1155	0
20.025	81	5	0	235	248.7	225	254.8	225	254.8	232.3	265.7	13.13	1185	0
20.025	81	7	0	255.8	278	224.9	255.1	224.9	255.1	232.3	265.7	12.92	1149	0
20.275	82	2	0	0	0	227	259.1	227	259.1	235.3	269.9	13.65	1188	0
20.275	82	4	0	0	0	226.5	259.4	226.5	259.4	235.3	269.9	13.69	1212	0
20.275	82	0	0	0	0	226.9	259	226.9	259	235.3	269.9	13.8	1157	0
20.275	82	6	0	0	0	226.4	259.3	226.4	259.3	235.3	269.9	13.85	1179	0
20.275	82	3	0	240.9	280.6	226.8	259.3	226.8	259.3	235.3	269.9	13.64	1205	0
20.275	82	1	0	235.9	252.3	227	259	227	259	235.3	269.9	13.72	1169	0
20.275	82	5	0	212.7	269.1	226.4	259.4	226.4	259.4	235.3	269.9	13.78	1199	0
20.275	82	7	0	239.1	283.8	226.6	259.1	226.6	259.1	235.3	269.9	13.84	1163	0
20.525	83	2	0	0	0	229.3	260.7	229.3	260.7	232.5	268.8	8.685	1197	0
20.525	83	4	0	0	0	229	261.6	229	261.6	232.5	268.8	8.017	1220	0
20.525	83	0	0	0	0	229.3	260.6	229.3	260.6	232.5	268.8	8.834	1166	0
20.525	83	6	0	0	0	229	261.4	229	261.4	232.5	268.8	8.158	1187	0
20.525	83	3	0	237.1	266.2	229.2	261.2	229.2	261.2	232.5	268.8	8.324	1213	0
20.525	83	1	0	238.9	250.6	229.3	260.5	229.3	260.5	232.5	268.8	8.867	1178	0
20.525	83	5	0	228.9	286.6	229	261.6	229	261.6	232.5	268.8	7.986	1207	0
20.525	83	7	0	240.4	260	229.2	261	229.2	261	232.5	268.8	8.514	1171	0
20.775	84	2	0	0	0	229.2	264.4	229.2	264.4	235.4	269.7	8.195	1205	0
20.775	84	4	0	0	0	229.3	264.1	229.3	264.1	235.4	269.7	8.262	1228	0
20.775	84	0	0	0	0	229.2	264.5	229.2	264.5	235.4	269.7	8.074	1174	0
20.775	84	6	0	0	0	229.3	264.3	229.3	264.3	235.4	269.7	8.141	1195	0
20.775	84	3	0	226.3	264.4	229.2	264.2	229.2	264.2	235.4	269.7	8.247	1221	0
20.775	84	1	0	228.7	284.4	229.2	264.5	229.2	264.5	235.4	269.7	8.125	1186	0
20.775	84	5	0	234.5	271.4	229.3	264.2	229.3	264.2	235.4	269.7	8.212	1215	0
20.775	84	7	0	228.1	273.2	229.3	264.4	229.3	264.4	235.4	269.7	8.088	1180	0
21.025	85	2	0	0	0	234	263.4	234	263.4	239.9	269.1	8.264	1213	0
21.025	85	4	0	0	0	234.1	262.6	234.1	262.6	239.9	269.1	8.768	1237	0
21.025	85	0	0	0	0	233.5	263.9	233.5	263.9	239.9	269.1	8.314	1182	0
21.025	85	6	0	0	0	233.5	263.2	233.5	263.2	239.9	269.1	8.772	1204	0
21.025	85	3	0	253.6	245.3	234.1	262.9	234.1	262.9	239.9	269.1	8.514	1230	0
21.025	85	1	0	247.8	281	233.8	263.7	233.8	263.7	239.9	269.1	8.208	1194	0
21.025	85	5	0	248.7	249.7	233.8	262.8	233.8	262.8	239.9	269.1	8.839	1224	0
21.025	85	7	0	230	268.7	233.4	263.6	233.4	263.6	239.9	269.1	8.549	1188	0
21.275	86	2	0	0	0	235.3	264.8	235.3	264.8	240.8	271.1	8.432	1222	0
21.275	86	4	0	0	0	235.6	264.7	235.6	264.7	240.8	271.1	8.346	1245	0
21.275	86	0	0	0	0	235.4	265.1	235.4	265.1	240.8	271.1	8.159	1190	0
21.275	86	6	0	0	0	235.7	264.9	235.7	264.9	240.8	271.1	8.071	1212	0
21.275	86	3	0	234.8	263.1	235.4	264.7	235.4	264.7	240.8	271.1	8.43	1238	0
21.275	86	1	0	234.6	272.7	235.3	265	235.3	265	240.8	271.1	8.311	1202	0
21.275	86	5	0	248.2	268.6	235.7	264.8	235.7	264.8	240.8	271.1	8.197	1232	0
21.275	86	7	0	244.9	274.9	235.6	265	235.6	265	240.8	271.1	8.07	1196	0
21.525	87	2	0	0	0	236.6	265.2	236.6	265.2	244.1	268.6	8.238	1230	0
21.525	87	4	0	0	0	236.5	265.3	236.5	265.3	244.1	268.6	8.29	1253	0
21.525	87	0	0	0	0	236.8	265.1	236.8	265.1	244.1	268.6	8.118	1198	0
21.525	87	6	0	0	0	236.7	265.2	236.7	265.2	244.1	268.6	8.167	1220	0
21.525	87	3	0	232.8	269.3	236.5	265.2	236.5	265.2	244.1	268.6	8.283	1247	0
21.525	87	1	0	245.8	262.2	236.7	265.1	236.7	265.1	244.1	268.6	8.17	1210	0
21.525	87	5	0	240	267.5	236.6	265.2	236.6	265.2	244.1	268.6	8.236	1240	0
21.525	87	7	0	241.2	264.7	236.7	265.1	236.7	265.1	244.1	268.6	8.123	1204	0
21.775	88	2	0	0	0	239.5	266.5	239.5	266.5	244.6	269.7	5.991	1236	0
21.775	88	4	0	0	0	240.3	266.7	240.3	266.7	244.6	269.7	5.253	1259	0
21.775	88	0	0	0	0	239.4	266.2	239.4	266.2	244.6	269.7	6.225	1205	0
21.775	88	6	0	0	0	240.2	266.4	240.2	266.4	244.6	269.7	5.489	1226	0
21.775	88	3	0	258.2	274.4	239.9	266.6	239.9	266.6	244.6	269.7	5.584	1252	0
21.775	88	1	0	223.2	266.2	239.4	266.3	239.4	266.3	244.6	269.7	6.223	1217	0
21.775	88	5	0	256.9	274.4	240.4	266.6	240.4	266.6	244.6	269.7	5.257	1245	0
21.775	88	7	0	259.3	262.2	239.8	266.3	239.8	266.3	244.6	269.7	5.893	1210	0
22.025	89	2	0	0	0	239.2	267.4	239.2	267.4	244.1	270.2	5.647	1242	0
22.025	89	4	0	0	0	239.3	267.3	239.3	267.3	244.1	270.2	5.68	1264	0
22.025	89	0	0	0	0	239.5	267.4	239.5	267.4	244.1	270.2	5.406	1210	0
22.025	89	6	0	0	0	239.5	267.3	239.5	267.3	244.1	270.2	5.441	1231	0
22.025	89	3	0	230	265.4	239.2	267.3	239.2	267.3	244.1	270.2	5.7	1258	0
22.025	89	1	0	241.7	275.4	239.4	267.4	239.4	267.4	244.1	270.2	5.522	1222	0
22.025	89	5	0	240.6	269.4	239.4	267.3	239.4	267.3	244.1	270.2	5.566	1251	0
22.025	89	7	0	241.3	269.2	239.5	267.4	239.5	267.4	244.1	270.2	5.386	1216	0
22.275	90	2	0	0	0	241.3	267.9	241.3	267.9	243	271.2	3.689	1245	0
22.275	90	4	0	0	0	240.8	268	240.8	268	243	271.2	3.858	1268	0
22.275	90	0	0	0	0	241	267.2	241	267.2	243	271.2	4.441	1214	0
22.275	90	6	0	0	0	240.5	267.3	240.5	267.3	243	271.2	4.602	1236	0
22.275	90	3	0	255.5	287.2	241.1	268	241.1	268	243	271.2	3.647	1262	0
22.275	90	1	0	253.2	259.9	241.3	267.5	241.3	267.5	243	271.2	4.045	1226	0
22.275	90	5	0	228.2	266.5	240.5	267.7	240.5	267.7	243	271.2	4.261	1255	0
22.275	90	7	0	242.1	254.6	240.7	267.1	240.7	267.1	243	271.2	4.63	1220	0
22.525	91	2	0	0	0	242.8	270	242.8	270	244.7	276.6	6.919	1252	0
22.525	91	4	0	0	0	242.7	269.8	242.7	269.8	244.7	276.6	7.124	1275	0
22.525	91	0	0	0	0	242.6	270.1	242.6	270.1	244.7	276.6	6.826	1221	0
22.525	91	6	0	0	0	242.5	269.9	242.5	269.9	244.7	276.6	7.033	1243	0
22.525	91	3	0	255.4	272.2	242.8	269.8	242.8	269.8	244.7	276.6	7.037	1269	0
22.525	91	1	0	242.6	279.8	242.7	270.1	242.7	270.1	244.7	276.6	6.84	1233	0
22.525	91	5	0	242.2	270.6	242.6	269.8	242.6	269.8	244.7	276.6	7.11	1262	0
22.525	91	7	0	250	285.9	242.5	270	242.5	270	244.7	276.6	6.916	1227	0
22.775	92	2	0	0	0	242.2	270.1	242.2	270.1	243.5	277	7.047	1259	0
22.775	92	4	0	0	0	241.9	270.4	241.9	270.4	243.5	277	6.856	1282	0
22.775	92	0	0	0	0	242.5	269.9	242.5	269.9	243.5	277	7.166	1228	0
22.775	92	6	0	0	0	242.2	270.2	242.2	270.2	243.5	277	6.959	1250	0
22.775	92	3	0	231.2	270.8	242	270.3	242	270.3	243.5	277	6.935	1276	0
22.775	92	1	0	249.2	268.8	242.3	270	242.3	270	243.5	277	7.136	1240	0
22.775	92	5	0	238.9	280.5	242	270.3	242	270.3	243.5	277	6.874	1269	0
22.775	92	7	0	246.6	260	242.4	270	242.4	270	243.5	277	7.08	1234	0
23.025	93	2	0	0	0	242.5	272	242.5	272	243.7	282.6	10.7	1270	0
23.025	93	4	0	0	0	242.4	272.3	242.4	272.3	243.7	282.6	10.44	1292	0
23.025	93	0	0	0	0	242.1	272.1	242.1	272.1	243.7	282.6	10.62	1239	0
23.025	93	6	0	0	0	242	272.4	242	272.4	243.7	282.6	10.36	1260	0
23.025	93	3	0	252.5	274.5	242.5	272.1	242.5	272.1	243.7	282.6	10.58	1286	0
23.025	93	1	0	0	0	242.3	272	242.3	272	243.7	282.6	10.7	1251	0
23.025	93	5	0	237.7	282.8	242.2	272.4	242.2	272.4	243.7	282.6	10.36	1280	0
23.025	93	7	0	234.2	283.9	242	272.3	242	272.3	243.7	282.6	10.48	1245	0
23.275	94	2	0	0	0	242.5	275.6	242.5	275.6	243.1	288.6	13.04	1283	0
23.275	94	4	0	0	0	242.3	275.9	242.3	275.9	243.1	288.6	12.72	1305	0
23.275	94	0	0	0	0	241.9	275.7	241.9	275.7	243.1	288.6	12.93	1252	0
23.275	94	6	0	0	0	241.8	276.1	241.8	276.1	243.1	288.6	12.61	1273	0
23.275	94	3	0	253.3	285.2	242.5	275.7	242.5	275.7	243.1	288.6	12.9	1299	0
23.275	94	1	0	0	0	242.2	275.6	242.2	275.6	243.1	288.6	13.04	1264	0
23.275	94	5	0	237.8	288.5	242.1	276.1	242.1	276.1	243.1	288.6	12.61	1292	0
23.275	94	7	0	230.4	297.1	241.8	275.9	241.8	275.9	243.1	288.6	12.75	1257	0
23.525	95	2	0	0	0	244	279	244	279	244.7	294.7	15.71	1299	0
23.525	95	4	0	0	0	244.1	279.4	244.1	279.4	244.7	294.7	15.35	1321	0
23.525	95	0	0	0	0	244.5	278.8	244.5	278.8	244.7	294.7	15.93	1268	0
23.525	95	6	0	0	0	244.6	279.1	244.6	279.1	244.7	294.7	15.57	1288	0
23.525	95	3	0	243	293.5	244	279.2	244	279.2	244.7	294.7	15.5	1315	0
23.525	95	1	0	0	0	244.2	278.8	244.2	278.8	244.7	294.7	15.88	1280	0
23.525	95	5	0	247.5	292.6	244.3	279.3	244.3	279.3	244.7	294.7	15.41	1308	0
23.525	95	7	0	272.5	286.3	244.6	278.9	244.6	278.9	244.7	294.7	15.79	1273	0
23.775	96	2	0	0	0	245.9	279.9	245.9	279.9	251.5	297.9	18.84	1318	0
23.775	96	4	0	0	0	246.1	280	246.1	280	251.5	297.9	18.68	1339	0
23.775	96	0	0	0	0	245.8	279.9	245.8	279.9	251.5	297.9	18.91	1287	0
23.775	96	6	0	0	0	246	280	246	280	251.5	297.9	18.74	1307	0
23.775	96	3	0	252.8	283	246	280	246	280	251.5	297.9	18.75	1333	0
23.775	96	1	0	0	0	245.8	279.9	245.8	279.9	251.5	297.9	18.9	1299	0
23.775	96	5	0	253.2	283.5	246.1	280	246.1	280	251.5	297.9	18.69	1326	0
23.775	96	7	0	250.1	282.8	245.9	279.9	245.9	279.9	251.5	297.9	18.83	1292	0
24.025	97	2	0	0	0	246.6	285.2	246.6	285.2	253.6	299.2	15.66	1333	0
24.025	97	4	0	0	0	247.1	285.6	247.1	285.6	253.6	299.2	15.03	1354	0
24.025	97	0	0	0	0	246.2	285	246.2	285	253.6	299.2	16	1303	0
24.025	97	6	0	0	0	246.8	285.4	246.8	285.4	253.6	299.2	15.35	1322	0
24.025	97	3	0	247.2	307.2	246.9	285.4	246.9	285.4	253.6	299.2	15.29	1349	0
24.025	97	1	0	0	0	246.4	285	246.4	285	253.6	299.2	15.93	1315	0
24.025	97	5	0	267.9	303	247.1	285.6	247.1	285.6	253.6	299.2	15.1	1341	0
24.025	97	7	0	227.8	306.6	246.5	285.2	246.5	285.2	253.6	299.2	15.72	1308	0
24.275	98	2	0	0	0	248.8	287.6	248.8	287.6	258.5	301.5	17.06	1350	0
24.275	98	4	0	0	0	249.2	287.9	249.2	287.9	258.5	301.5	16.54	1371	0
24.275	98	0	0	0	0	249	287.6	249	287.6	258.5	301.5	16.89	1320	0
24.275	98	6	0	0	0	249.4	287.9	249.4	287.9	258.5	301.5	16.37	1339	0
24.275	98	3	0	248.3	293.1	248.9	287.7	248.9	287.7	258.5	301.5	16.82	1365	0
24.275	98	1	0	0	0	248.8	287.5	248.8	287.5	258.5	301.5	17.06	1332	0
24.275	98	5	0	264	300.5	249.4	288	249.4	288	258.5	301.5	16.37	1358	0
24.275	98	7	0	264.5	297.5	249.3	287.8	249.3	287.8	258.5	301.5	16.6	1324	0
24.525	99	2	0	0	0	251.6	290.2	251.6	290.2	259.6	304.6	16.44	1367	0
24.525	99	4	0	0	0	251.9	290.6	251.9	290.6	259.6	304.6	15.99	1387	0
24.525	99	0	0	0	0	251.3	290.4	251.3	290.4	259.6	304.6	16.43	1336	0
24.525	99	6	0	0	0	251.6	290.8	251.6	290.8	259.6	304.6	15.97	1355	0
24.525	99	3	0	266.6	293.6	251.8	290.4	251.8	290.4	259.6	304.6	16.21	1382	0
24.525	99	1	0	0	0	251.4	290.2	251.4	290.2	259.6	304.6	16.51	1348	0
24.525	99	5	0	260.6	304.8	251.8	290.7	251.8	290.7	259.6	304.6	15.91	1374	0
24.525	99	7	0	253.3	306.1	251.4	290.6	251.4	290.6	259.6	304.6	16.2	1341	0
24.775	100	2	0	0	0	250.2	293.9	250.2	293.9	258.3	305.3	14.01	1381	0
24.775	100	4	0	0	0	250.2	294.5	250.2	294.5	258.3	305.3	13.55	1400	0
24.775	100	0	0	0	0	250.6	293.8	250.6	293.8	258.3	305.3	13.83	1350	0
24.775	100	6	0	0	0	250.6	294.4	250.6	294.4	258.3	305.3	13.37	1368	0
24.775	100	3	0	235.4	304.4	250.1	294.2	250.1	294.2	258.3	305.3	13.81	1395	0
24.775	100	1	0	0	0	250.4	293.8	250.4	293.8	258.3	305.3	13.99	1362	0
24.775	100	5	0	250.1	315.4	250.4	294.5	250.4	294.5	258.3	305.3	13.39	1387	0
24.775	100	7	0	255.3	302.6	250.7	294.1	250.7	294.1	258.3	305.3	13.57	1354	0
25.025	101	2	0	0	0	252.3	299.6	252.3	299.6	261.9	310.1	14.21	1395	0
25.025	101	4	0	0	0	252.5	300.5	252.5	300.5	261.9	310.1	13.4	1414	0
25.025	101	0	0	0	0	252.6	299.1	252.6	299.1	261.9	310.1	14.42	1364	0
25.025	101	6	0	0	0	252.8	300	252.8	300	261.9	310.1	13.58	1382	0
25.025	101	3	0	253.7	321.3	252.4	300.1	252.4	300.1	261.9	310.1	13.77	1409	0
25.025	101	1	0	0	0	252.4	299.2	252.4	299.2	261.9	310.1	14.44	1377	0
25.025	101	5	0	262.7	333.8	252.7	300.3	252.7	300.3	261.9	310.1	13.37	1400	0
25.025	101	7	0	267.8	302.6	252.7	299.4	252.7	299.4	261.9	310.1	14.03	1368	0
25.275	102	2	0	0	0	253.1	301.8	253.1	301.8	261.5	312	13.16	1408	0
25.275	102	4	0	0	0	253.1	302.2	253.1	302.2	261.5	312	12.89	1427	0
25.275	102	0	0	0	0	253.1	302.2	253.1	302.2	261.5	312	12.87	1377	0
25.275	102	6	0	0	0	253	302.6	253	302.6	261.5	312	12.61	1394	0
25.275	102	3	0	258.2	299.5	253.1	302	253.1	302	261.5	312	13.06	1422	0
25.275	102	1	0	0	0	253.1	301.9	253.1	301.9	261.5	312	13.06	1390	0
25.275	102	5	0	249.4	316.2	253	302.5	253	302.5	261.5	312	12.71	1413	0
25.275	102	7	0	258.8	321.7	253.1	302.4	253.1	302.4	261.5	312	12.69	1381	0
25.525	103	2	0	0	0	253.8	306.2	253.8	306.2	262.3	318.6	15.02	1423	0
25.525	103	4	0	0	0	254.3	306.8	254.3	306.8	262.3	318.6	14.26	1441	0
25.525	103	0	0	0	0	253.9	306.5	253.9	306.5	262.3	318.6	14.72	1392	0
25.525	103	6	0	0	0	254.4	307.1	254.4	307.1	262.3	318.6	13.97	1408	0
25.525	103	3	0	247.5	313.4	254	306.5	254	306.5	262.3	318.6	14.68	1437	0
25.525	103	1	0	0	0	253.8	306.3	253.8	306.3	262.3	318.6	14.99	1405	0
25.525	103	5	0	273.3	329.7	254.4	307.1	254.4	307.1	262.3	318.6	14	1427	0
25.525	103	7	0	251.8	330	254.2	306.9	254.2	306.9	262.3	318.6	14.29	1395	0
25.775	104	2	0	0	0	256.8	310	256.8	310	265.7	322.7	15.48	1439	0
25.775	104	4	0	0	0	257.5	310.2	257.5	310.2	265.7	322.7	14.93	1456	0
25.775	104	0	0	0	0	256.6	309.6	256.6	309.6	265.7	322.7	15.84	1408	0
25.775	104	6	0	0	0	257.3	309.9	257.3	309.9	265.7	322.7	15.28	1424	0
25.775	104	3	0	261.6	330.1	257.1	310.1	257.1	310.1	265.7	322.7	15.15	1452	0
25.775	104	1	0	0	0	256.6	309.8	256.6	309.8	265.7	322.7	15.75	1421	0
25.775	104	5	0	283.7	316.2	257.5	310.1	257.5	310.1	265.7	322.7	15.02	1442	0
25.775	104	7	0	256.4	318.8	257	309.7	257	309.7	265.7	322.7	15.61	1411	0
26.025	105	2	0	0	0	261.4	313.6	261.4	313.6	271.3	328.3	17.7	1456	0
26.025	105	4	0	0	0	262.3	314.2	262.3	314.2	271.3	328.3	16.71	1473	0
26.025	105	0	0	0	0	261.4	313.6	261.4	313.6	271.3	328.3	17.71	1425	0
26.025	105	6	0	0	0	262.3	314.2	262.3	314.2	271.3	328.3	16.71	1440	0
26.025	105	3	0	269.4	321.5	261.9	313.9	261.9	313.9	271.3	328.3	17.2	1469	0
26.025	105	1	0	0	0	261.3	313.5	261.3	313.5	271.3	328.3	17.87	1438	0
26.025	105	5	0	296.6	337.5	262.4	314.3	262.4	314.3	271.3	328.3	16.56	1459	0
26.025	105	7	0	272.3	327.7	261.8	313.9	261.8	313.9	271.3	328.3	17.2	1428	0
26.275	106	2	0	0	0	263.1	317.9	263.1	317.9	268.9	327.3	11.04	1467	0
26.275	106	4	0	0	0	263.1	318	263.1	318	268.9	327.3	10.96	1484	0
26.275	106	0	0	0	0	262.6	317.6	262.6	317.6	268.9	327.3	11.59	1437	0
26.275	106	6	0	0	0	262.5	317.7	262.5	317.7	268.9	327.3	11.51	1452	0
26.275	106	3	0	281.5	341.1	263.2	318	263.2	318	268.9	327.3	10.91	1480	0
26.275	106	1	0	0	0	262.9	317.7	262.9	317.7	268.9	327.3	11.32	1450	0
26.275	106	5	0	256.2	321.7	262.8	317.9	262.8	317.9	268.9	327.3	11.22	1470	0
26.275	106	7	0	258.7	334.8	262.5	317.6	262.5	317.6	268.9	327.3	11.63	1440	0
26.525	107	2	0	0	0	267.1	319.8	267.1	319.8	273.9	331.5	13.51	1481	0
26.525	107	4	0	0	0	267.3	320.2	267.3	320.2	273.9	331.5	13.06	1497	0
26.525	107	0	0	0	0	266.1	319.9	266.1	319.9	273.9	331.5	13.94	1451	0
26.525	107	6	0	0	0	266.4	320.3	266.4	320.3	273.9	331.5	13.48	1465	0
26.525	107	3	0	300	321.1	267.4	320	267.4	320	273.9	331.5	13.22	1493	0
26.525	107	1	0	0	0	266.6	319.8	266.6	319.8	273.9	331.5	13.79	1463	0
26.525	107	5	0	275.9	335.9	266.9	320.3	266.9	320.3	273.9	331.5	13.19	1483	0
26.525	107	7	0	262.1	329.5	266.1	320.2	266.1	320.2	273.9	331.5	13.78	1453	0
26.775	108	2	0	0	0	271.6	323.3	271.6	323.3	280.8	331.5	12.32	1493	0
26.775	108	4	0	280.1	318.1	272.2	323.5	272.2	323.5	280.8	331.5	11.8	1508	0
26.775	108	0	0	0	0	270.8	322.7	270.8	322.7	280.8	331.5	13.31	1464	0
26.775	108	6	0	0	0	271.4	322.9	271.4	322.9	280.8	331.5	12.72	1478	0
26.775	108	3	0	293.7	348.4	272	323.5	272	323.5	280.8	331.5	11.92	1505	0
26.775	108	1	0	0	0	271.1	323	271.1	323	280.8	331.5	12.89	1476	0
26.775	108	5	0	288.3	333.5	271.9	323.2	271.9	323.2	280.8	331.5	12.17	1495	0
26.775	108	7	0	0	0	271	322.7	271	322.7	280.8	331.5	13.16	1467	0
27.025	109	2	0	0	0	277.3	325.4	277.3	325.4	285.8	328.6	9.034	1502	0
27.025	109	4	0	301	321.5	278	325.6	278	325.6	285.8	328.6	8.35	1517	0
27.025	109	0	0	0	0	276.2	325.1	276.2	325.1	285.8	328.6	10.16	1474	0
27.025	109	6	0	0	0	277	325.3	277	325.3	285.8	328.6	9.402	1487	0
27.025	109	3	0	299.3	341.1	277.8	325.6	277.8	325.6	285.8	328.6	8.523	1514	0
27.025	109	1	0	0	0	276.7	325.2	276.7	325.2	285.8	328.6	9.703	1486	0
27.025	109	5	0	286.2	336.7	277.6	325.5	277.6	325.5	285.8	328.6	8.758	1504	0
27.025	109	7	0	0	0	276.5	325.1	276.5	325.1	285.8	328.6	9.951	1476	0
27.275	110	2	0	0	0	279.2	324.8	279.2	324.8	285.2	328.3	6.918	1509	0
27.275	110	4	0	298.8	329.1	279.8	325.1	279.8	325.1	285.2	328.3	6.271	1523	0
27.275	110	0	0	0	0	278.9	325.1	278.9	325.1	285.2	328.3	7.037	1482	0
27.275	110	6	0	0	0	279.5	325.4	279.5	325.4	285.2	328.3	6.358	1494	0
27.275	110	3	0	273.6	310.4	279.5	325	279.5	325	285.2	328.3	6.575	1520	0
27.275	110	1	0	0	0	279	324.9	279	324.9	285.2	328.3	7.081	1493	0
27.275	110	5	0	287.3	333.8	279.8	325.3	279.8	325.3	285.2	328.3	6.212	1510	0
27.275	110	7	0	0	0	279.2	325.3	279.2	325.3	285.2	328.3	6.709	1483	0
27.525	111	2	0	0	0	281.2	325.3	281.2	325.3	286.9	328	6.259	1515	0
27.525	111	4	0	273.9	322.7	281.5	325.4	281.5	325.4	286.9	328	5.982	1529	0
27.525	111	0	0	0	0	281	325.3	281	325.3	286.9	328	6.434	1488	0
27.525	111	6	0	0	0	281.3	325.5	281.3	325.5	286.9	328	6.138	1500	0
27.525	111	3	0	293.7	324.9	281.4	325.3	281.4	325.3	286.9	328	6.094	1527	0
27.525	111	1	0	0	0	281.1	325.3	281.1	325.3	286.9	328	6.391	1500	0
27.525	111	5	0	295.6	331.4	281.4	325.4	281.4	325.4	286.9	328	6.016	1516	0
27.525	111	7	0	0	0	281.1	325.4	281.1	325.4	286.9	328	6.311	1489	0
27.775	112	2	0	0	0	283.1	326.1	283.1	326.1	288.2	334.6	9.878	1525	0
27.775	112	4	0	296.3	322.9	283.2	326.4	283.2	326.4	288.2	334.6	9.631	1539	0
27.775	112	0	0	0	0	282.6	326.2	282.6	326.2	288.2	334.6	10.11	1498	0
27.775	112	6	0	0	0	282.7	326.5	282.7	326.5	288.2	334.6	9.848	1510	0
27.775	112	3	0	293.7	326.4	283.2	326.3	283.2	326.3	288.2	334.6	9.72	1536	0
27.775	112	1	0	0	0	282.9	326.1	282.9	326.1	288.2	334.6	10.03	1510	0
27.775	112	5	0	274.3	339.6	282.9	326.5	282.9	326.5	288.2	334.6	9.697	1526	0
27.775	112	7	0	0	0	282.6	326.3	282.6	326.3	288.2	334.6	10.01	1500	0
28.025	113	2	0	0	0	284.7	330.9	284.7	330.9	293.3	337.2	10.72	1536	0
28.025	113	4	0	306.9	338.1	284.9	331.5	284.9	331.5	293.3	337.2	10.13	1549	0
28.025	113	0	0	0	0	284.3	330.3	284.3	330.3	293.3	337.2	11.39	1509	0
28.025	113	6	0	0	0	284.6	331	284.6	331	293.3	337.2	10.74	1520	0
28.025	113	3	0	282.8	349.3	284.9	331.3	284.9	331.3	293.3	337.2	10.32	1547	0
28.025	113	1	0	0	0	284.4	330.5	284.4	330.5	293.3	337.2	11.15	1521	0
28.025	113	5	0	279.9	352.2	284.8	331.4	284.8	331.4	293.3	337.2	10.34	1536	0
28.025	113	7	0	0	0	284.4	330.5	284.4	330.5	293.3	337.2	11.16	1511	0
28.275	114	2	0	0	0	286.5	333.8	286.5	333.8	292.9	343.5	11.58	1548	0
28.275	114	4	0	286.1	334.7	286.7	334.1	286.7	334.1	292.9	343.5	11.24	1560	0
28.275	114	0	0	0	0	286.2	333.3	286.2	333.3	292.9	343.5	12.19	1522	0
28.275	114	6	0	0	0	286.4	333.7	286.4	333.7	292.9	343.5	11.81	1532	0
28.275	114	3	0	298.9	350.4	286.7	334	286.7	334	292.9	343.5	11.32	1558	0
28.275	114	1	0	0	0	286.3	333.5	286.3	333.5	292.9	343.5	11.94	1533	0
28.275	114	5	0	293	344.4	286.6	333.9	286.6	333.9	292.9	343.5	11.46	1548	0
28.275	114	7	0	0	0	286.2	333.4	286.2	333.4	292.9	343.5	12.09	1523	0
28.525	115	2	0	0	0	289.5	335.6	289.5	335.6	298.3	342.6	11.18	1559	0
28.525	115	4	0	307.8	346.7	290.2	335.9	290.2	335.9	298.3	342.6	10.51	1570	0
28.525	115	0	0	0	0	289.2	335.2	289.2	335.2	298.3	342.6	11.67	1533	0
28.525	115	6	0	0	0	289.9	335.5	289.9	335.5	298.3	342.6	10.95	1543	0
28.525	115	3	0	289	340.6	289.9	335.8	289.9	335.8	298.3	342.6	10.77	1569	0
28.525	115	1	0	0	0	289.2	335.4	289.2	335.4	298.3	342.6	11.53	1544	0
28.525	115	5	0	304.1	337.1	290.1	335.7	290.1	335.7	298.3	342.6	10.62	1558	0
28.525	115	7	0	0	0	289.5	335.3	289.5	335.3	298.3	342.6	11.38	1534	0
28.775	116	2	0	0	0	290.1	339.9	290.1	339.9	298.1	348.3	11.65	1570	0
28.775	116	4	0	292.1	360.1	290.2	340.3	290.2	340.3	298.1	348.3	11.32	1582	0
28.775	116	0	0	0	0	290	339	290	339	298.1	348.3	12.37	1546	0
28.775	116	6	0	0	0	290.1	339.4	290.1	339.4	298.1	348.3	11.99	1555	0
28.775	116	3	0	291.8	358.7	290.2	340.2	290.2	340.2	298.1	348.3	11.38	1580	0
28.775	116	1	0	0	0	290	339.4	290	339.4	298.1	348.3	12.05	1556	0
28.775	116	5	0	290.3	339.7	290.1	339.9	290.1	339.9	298.1	348.3	11.59	1570	0
28.775	116	7	0	0	0	290	339.1	290	339.1	298.1	348.3	12.29	1546	0
29.025	117	2	0	0	0	291.6	341.8	291.6	341.8	303.9	347.9	13.78	1584	0
29.025	117	4	0	289.7	370.4	291.8	342.6	291.8	342.6	303.9	347.9	13.31	1595	0
29.025	117	0	0	0	0	291.4	341.6	291.4	341.6	303.9	347.9	14.05	1560	0
29.025	117	6	0	0	0	291.6	342.4	291.6	342.4	303.9	347.9	13.55	1569	0
29.025	117	3	0	299.6	329.2	291.7	342.2	291.7	342.2	303.9	347.9	13.5	1594	0
29.025	117	1	0	0	0	291.5	341.6	291.5	341.6	303.9	347.9	13.99	1570	0
29.025	117	5	0	300.9	350	291.7	342.6	291.7	342.6	303.9	347.9	13.35	1583	0
29.025	117	7	0	0	0	291.5	342	291.5	342	303.9	347.9	13.83	1560	0
29.275	118	2	0	0	0	297.3	340.9	297.3	340.9	309.3	346.5	13.2	1597	0
29.275	118	4	0	300.9	326.3	297.7	340.9	297.7	340.9	309.3	346.5	12.84	1608	0
29.275	118	0	0	0	0	296.3	341.2	296.3	341.2	309.3	346.5	14.02	1574	0
29.275	118	6	0	0	0	296.8	341.1	296.8	341.1	309.3	346.5	13.6	1582	0
29.275	118	3	0	332.2	340.8	297.7	340.9	297.7	340.9	309.3	346.5	12.9	1606	0
29.275	118	1	0	0	0	296.7	341.1	296.7	341.1	309.3	346.5	13.66	1584	0
29.275	118	5	0	312.8	346	297.4	341	297.4	341	309.3	346.5	13.15	1597	0
29.275	118	7	0	0	0	296.4	341.2	296.4	341.2	309.3	346.5	13.93	1574	0
29.525	119	2	0	0	0	298.7	342.3	298.7	342.3	309	346.6	11.14	1609	0
29.525	119	4	0	308.4	357.5	298.7	342.8	298.7	342.8	309	346.6	10.94	1619	0
29.525	119	0	0	0	0	298.2	342.3	298.2	342.3	309	346.6	11.62	1585	0
29.525	119	6	0	0	0	298.2	342.9	298.2	342.9	309	346.6	11.4	1594	0
29.525	119	3	0	309.7	331.1	298.8	342.6	298.8	342.6	309	346.6	10.97	1617	0
29.525	119	1	0	0	0	298.4	342.2	298.4	342.2	309	346.6	11.41	1595	0
29.525	119	5	0	290	355.2	298.4	343	298.4	343	309	346.6	11.14	1608	0
29.525	119	7	0	0	0	298.1	342.6	298.1	342.6	309	346.6	11.58	1586	0
29.775	120	2	0	0	0	300.6	340.7	300.6	340.7	309.4	346.4	10.53	1619	0
29.775	120	4	0	308.7	336	301	340.5	301	340.5	309.4	346.4	10.31	1629	0
29.775	120	0	0	0	0	300.3	341	300.3	341	309.4	346.4	10.62	1596	0
29.775	120	6	0	0	0	300.7	340.8	300.7	340.8	309.4	346.4	10.37	1604	0
29.775	120	3	0	303.8	333.7	300.8	340.6	300.8	340.6	309.4	346.4	10.4	1628	0
29.775	120	1	0	0	0	300.4	340.9	300.4	340.9	309.4	346.4	10.61	1606	0
29.775	120	5	0	311.4	333.9	300.9	340.6	300.9	340.6	309.4	346.4	10.31	1618	0
29.775	120	7	0	0	0	300.5	340.9	300.5	340.9	309.4	346.4	10.5	1596	0
30.025	121	2	0	0	0	303.5	341	303.5	341	312.2	343.8	9.195	1628	0
30.025	121	4	0	312.1	342.8	303.9	341.1	303.9	341.1	312.2	343.8	8.762	1638	0
30.025	121	0	0	0	0	303.1	341.1	303.1	341.1	312.2	343.8	9.581	1606	0
30.025	121	6	0	0	0	303.5	341.2	303.5	341.2	312.2	343.8	9.114	1613	0
30.025	121	3	0	312.9	338.6	303.7	341.1	303.7	341.1	312.2	343.8	8.92	1637	0
30.025	121	1	0	0	0	303.2	341	303.2	341	312.2	343.8	9.456	1615	0
30.025	121	5	0	313.9	345.4	303.8	341.2	303.8	341.2	312.2	343.8	8.867	1627	0
30.025	121	7	0	0	0	303.2	341.1	303.2	341.1	312.2	343.8	9.403	1606	0
30.275	122	2	0	0	0	305.9	340	305.9	340	318.2	342.3	12.44	1641	0
30.275	122	4	0	313.8	343.3	306.5	340	306.5	340	318.2	342.3	11.92	1650	0
30.275	122	0	0	0	0	305.7	340.2	305.7	340.2	318.2	342.3	12.65	1618	0
30.275	122	6	0	0	0	306.2	340.2	306.2	340.2	318.2	342.3	12.1	1625	0
30.275	122	3	0	308.8	330.1	306.2	340	306.2	340	318.2	342.3	12.15	1649	0
30.275	122	1	0	0	0	305.7	340.1	305.7	340.1	318.2	342.3	12.63	1628	0
30.275	122	5	0	321.8	337	306.4	340.1	306.4	340.1	318.2	342.3	11.93	1639	0
30.275	122	7	0	0	0	305.9	340.3	305.9	340.3	318.2	342.3	12.4	1618	0
30.525	123	2	0	0	0	309.3	342.1	309.3	342.1	317.3	345.1	8.503	1649	0
30.525	123	4	0	314.7	333.2	309.7	342.4	309.7	342.4	317.3	345.1	8.018	1658	0
30.525	123	0	0	0	0	308.8	342	308.8	342	317.3	345.1	9.019	1627	0
30.525	123	6	0	0	0	309.3	342.3	309.3	342.3	317.3	345.1	8.493	1634	0
30.525	123	3	0	323.8	353.8	309.6	342.3	309.6	342.3	317.3	345.1	8.182	1657	0
30.525	123	1	0	0	0	309	342	309	342	317.3	345.1	8.838	1637	0
30.525	123	5	0	321.4	361.3	309.6	342.4	309.6	342.4	317.3	345.1	8.176	1647	0
30.525	123	7	0	0	0	309	342.1	309	342.1	317.3	345.1	8.831	1627	0
30.775	124	2	0	0	0	311.9	343.3	311.9	343.3	314.9	348.6	6.006	1655	0
30.775	124	4	0	304.2	347.3	312	343.7	312	343.7	314.9	348.6	5.641	1664	0
30.775	124	0	0	0	0	311.4	343.3	311.4	343.3	314.9	348.6	6.31	1634	0
30.775	124	6	0	0	0	311.6	343.7	311.6	343.7	314.9	348.6	5.921	1640	0
30.775	124	3	0	334.4	342.2	312.1	343.5	312.1	343.5	314.9	348.6	5.778	1663	0
30.775	124	1	0	0	0	311.6	343.3	311.6	343.3	314.9	348.6	6.213	1643	0
30.775	124	5	0	321.9	354.6	311.8	343.7	311.8	343.7	314.9	348.6	5.719	1653	0
30.775	124	7	0	0	0	311.4	343.5	311.4	343.5	314.9	348.6	6.161	1633	0
31.025	125	2	0	0	0	312.4	344.8	312.4	344.8	313.5	350.4	5.663	1661	0
31.025	125	4	0	320.8	354.9	312.5	344.9	312.5	344.9	313.5	350.4	5.561	1669	0
31.025	125	0	0	0	0	312.2	344.5	312.2	344.5	313.5	350.4	6.027	1640	0
31.025	125	6	0	0	0	312.4	344.6	312.4	344.6	313.5	350.4	5.905	1646	0
31.025	125	3	0	311.4	351	312.5	344.9	312.5	344.9	313.5	350.4	5.558	1668	0
31.025	125	1	0	0	0	312.3	344.7	312.3	344.7	313.5	350.4	5.86	1649	0
31.025	125	5	0	310.9	339.5	312.5	344.8	312.5	344.8	313.5	350.4	5.713	1658	0
31.025	125	7	0	0	0	312.3	344.5	312.3	344.5	313.5	350.4	6.022	1639	0
31.275	126	2	0	0	0	314.3	344.4	314.3	344.4	313.3	350.1	5.768	1667	0
31.275	126	4	0	309.6	360.1	314.6	344.7	314.6	344.7	313.3	350.1	5.611	1675	0
31.275	126	0	0	0	0	314.2	344.5	314.2	344.5	313.3	350.1	5.643	1645	0
31.275	126	6	0	0	0	314.5	344.8	314.5	344.8	313.3	350.1	5.478	1651	0
31.275	126	3	0	322.9	329.3	314.5	344.5	314.5	344.5	313.3	350.1	5.704	1674	0
31.275	126	1	0	0	0	314.2	344.4	314.2	344.4	313.3	350.1	5.735	1655	0
31.275	126	5	0	331.9	342.5	314.6	344.8	314.6	344.8	313.3	350.1	5.524	1664	0
31.275	126	7	0	0	0	314.3	344.7	314.3	344.7	313.3	350.1	5.535	1645	0
31.525	127	2	0	0	0	313.7	343.4	313.7	343.4	315.3	351.8	8.608	1675	0
31.525	127	4	0	305.1	338.3	313.6	343.1	313.6	343.1	315.3	351.8	8.898	1684	0
31.525	127	0	0	0	0	313.8	343.5	313.8	343.5	315.3	351.8	8.477	1654	0
31.525	127	6	0	0	0	313.7	343.2	313.7	343.2	315.3	351.8	8.778	1660	0
31.525	127	3	0	0	0	313.6	343.2	313.6	343.2	315.3	351.8	8.776	1683	0
31.525	127	1	0	0	0	313.7	343.5	313.7	343.5	315.3	351.8	8.495	1663	0
31.525	127	5	0	315.6	335.3	313.6	343.1	313.6	343.1	315.3	351.8	8.882	1673	0
31.525	127	7	0	0	0	313.8	343.4	313.8	343.4	315.3	351.8	8.611	1653	0
31.775	128	2	0	0	0	315.5	346.2	315.5	346.2	314.5	353.7	7.6	1683	0
31.775	128	4	0	324.6	364.8	315.9	346.8	315.9	346.8	314.5	353.7	7.069	1691	0
31.775	128	0	0	0	0	315.3	345.8	315.3	345.8	314.5	353.7	7.917	1662	0
31.775	128	6	0	0	0	315.8	346.5	315.8	346.5	314.5	353.7	7.35	1667	0
31.775	128	3	0	0	0	315.7	346.5	315.7	346.5	314.5	353.7	7.279	1690	0
31.775	128	1	0	0	0	315.3	345.9	315.3	345.9	314.5	353.7	7.849	1671	0
31.775	128	5	0	326.2	357.6	315.9	346.7	315.9	346.7	314.5	353.7	7.13	1680	0
31.775	128	7	0	0	0	315.5	346.1	315.5	346.1	314.5	353.7	7.671	1661	0
32.025	129	2	0	0	0	315.3	346.8	315.3	346.8	313.6	352.5	5.913	1689	0
32.025	129	4	0	310.1	351.5	315.3	346.9	315.3	346.9	313.6	352.5	5.786	1696	0
32.025	129	0	0	0	0	315.4	346.7	315.4	346.7	313.6	352.5	6.05	1668	0
32.025	129	6	0	0	0	315.4	346.8	315.4	346.8	313.6	352.5	5.916	1673	0
32.025	129	3	0	0	0	315.3	346.9	315.3	346.9	313.6	352.5	5.828	1696	0
32.025	129	1	0	0	0	315.3	346.7	315.3	346.7	313.6	352.5	6.002	1677	0
32.025	129	5	0	318	346.4	315.3	346.9	315.3	346.9	313.6	352.5	5.831	1686	0
32.025	129	7	0	0	0	315.4	346.7	315.4	346.7	313.6	352.5	6.002	1667	0
32.275	130	2	0	0	0	315	346.9	315	346.9	311.2	352.9	7.081	1696	0
32.275	130	4	0	314.9	353.4	314.8	346.9	314.8	346.9	311.2	352.9	6.964	1703	0
32.275	130	0	0	0	0	314.9	346.8	314.9	346.8	311.2	352.9	7.106	1675	0
32.275	130	6	0	0	0	314.6	346.8	314.6	346.8	311.2	352.9	6.989	1680	0
32.275	130	3	0	320.1	346.3	314.9	346.9	314.9	346.9	311.2	352.9	7.017	1703	0
32.275	130	1	0	0	0	315	346.8	315	346.8	311.2	352.9	7.113	1684	0
32.275	130	5	0	303.8	340.6	314.7	346.8	314.7	346.8	311.2	352.9	6.959	1693	0
32.275	130	7	0	0	0	314.7	346.8	314.7	346.8	311.2	352.9	7.05	1674	0
32.525	131	2	0	0	0	313.5	348.5	313.5	348.5	318	352.5	6.061	1702	0
32.525	131	4	0	314.7	359.3	313	348.9	313	348.9	318	352.5	6.198	1710	0
32.525	131	0	0	0	0	313.4	348.3	313.4	348.3	318	352.5	6.224	1681	0
32.525	131	6	0	0	0	313	348.7	313	348.7	318	352.5	6.344	1687	0
32.525	131	3	0	0	0	313.2	348.8	313.2	348.8	318	352.5	6.101	1709	0
32.525	131	1	0	0	0	313.5	348.4	313.5	348.4	318	352.5	6.126	1690	0
32.525	131	5	0	294.7	355.4	312.9	348.9	312.9	348.9	318	352.5	6.293	1699	0
32.525	131	7	0	0	0	313.2	348.5	313.2	348.5	318	352.5	6.303	1680	0
32.775	132	2	0	0	0	314.3	347.8	314.3	347.8	324.1	350.6	10.18	1712	0
32.775	132	4	0	315	345.3	314.6	347.7	314.6	347.7	324.1	350.6	9.956	1720	0
32.775	132	0	0	0	0	314.3	347.9	314.3	347.9	324.1	350.6	10.19	1691	0
32.775	132	6	0	0	0	314.6	347.7	314.6	347.7	324.1	350.6	9.96	1697	0
32.775	132	3	0	0	0	314.5	347.7	314.5	347.7	324.1	350.6	10.07	1719	0
32.775	132	1	0	0	0	314.3	347.9	314.3	347.9	324.1	350.6	10.23	1700	0
32.775	132	5	0	327	341.6	314.6	347.7	314.6	347.7	324.1	350.6	9.924	1709	0
32.775	132	7	0	0	0	314.5	347.8	314.5	347.8	324.1	350.6	10.07	1690	0
33.025	133	2	0	0	0	315.1	348.3	315.1	348.3	326.9	353.9	13.02	1725	0
33.025	133	4	0	317.8	353	315.3	348.4	315.3	348.4	326.9	353.9	12.8	1732	0
33.025	133	0	0	0	0	315.1	348.3	315.1	348.3	326.9	353.9	13.1	1704	0
33.025	133	6	0	0	0	315.3	348.4	315.3	348.4	326.9	353.9	12.88	1709	0
33.025	133	3	0	0	0	315.2	348.4	315.2	348.4	326.9	353.9	12.9	1732	0
33.025	133	1	0	0	0	315	348.3	315	348.3	326.9	353.9	13.1	1714	0
33.025	133	5	0	319.8	349.4	315.3	348.4	315.3	348.4	326.9	353.9	12.81	1722	0
33.025	133	7	0	0	0	315.1	348.3	315.1	348.3	326.9	353.9	13	1703	0
33.275	134	2	0	0	0	315.6	349.9	315.6	349.9	330.1	359.8	17.53	1743	0
33.275	134	4	0	320	365	315.7	350.2	315.7	350.2	330.1	359.8	17.26	1750	0
33.275	134	0	0	0	0	315.5	349.6	315.5	349.6	330.1	359.8	17.78	1722	0
33.275	134	6	0	0	0	315.6	349.9	315.6	349.9	330.1	359.8	17.49	1727	0
33.275	134	3	0	0	0	315.7	350.1	315.7	350.1	330.1	359.8	17.35	1749	0
33.275	134	1	0	0	0	315.6	349.7	315.6	349.7	330.1	359.8	17.69	1731	0
33.275	134	5	0	0	0	315.7	350.1	315.7	350.1	330.1	359.8	17.33	1739	0
33.275	134	7	0	0	0	315.6	349.7	315.6	349.7	330.1	359.8	17.67	1721	0
33.525	135	2	0	0	0	316.7	352.1	316.7	352.1	330.1	362.5	16.99	1760	0
33.525	135	4	0	326.4	373.3	316.9	352.6	316.9	352.6	330.1	362.5	16.53	1766	0
33.525	135	0	0	0	0	316.5	351.7	316.5	351.7	330.1	362.5	17.42	1739	0
33.525	135	6	0	0	0	316.7	352.2	316.7	352.2	330.1	362.5	16.95	1744	0
33.525	135	3	0	0	0	316.8	352.5	316.8	352.5	330.1	362.5	16.69	1766	0
33.525	135	1	0	0	0	316.5	351.8	316.5	351.8	330.1	362.5	17.28	1749	0
33.525	135	5	0	0	0	316.8	352.5	316.8	352.5	330.1	362.5	16.67	1756	0
33.525	135	7	0	0	0	316.5	351.9	316.5	351.9	330.1	362.5	17.25	1738	0
33.775	136	2	0	0	0	317.6	352.1	317.6	352.1	334.3	360.4	18.65	1778	0
33.775	136	4	0	326.9	351	317.9	352.1	317.9	352.1	334.3	360.4	18.45	1785	0
33.775	136	0	0	0	0	317.4	352	317.4	352	334.3	360.4	18.84	1758	0
33.775	136	6	0	0	0	317.7	352.1	317.7	352.1	334.3	360.4	18.64	1762	0
33.775	136	3	0	0	0	317.8	352.1	317.8	352.1	334.3	360.4	18.52	1785	0
33.775	136	1	0	0	0	317.5	352	317.5	352	334.3	360.4	18.78	1767	0
33.775	136	5	0	0	0	317.8	352.1	317.8	352.1	334.3	360.4	18.51	1774	0
33.775	136	7	0	0	0	317.5	352	317.5	352	334.3	360.4	18.77	1757	0
34.025	137	2	0	0	0	318.4	354.6	318.4	354.6	335.8	364	19.83	1798	0
34.025	137	4	0	325.1	378.6	318.5	355.1	318.5	355.1	335.8	364	19.46	1804	0
34.025	137	0	0	0	0	318.2	354.1	318.2	354.1	335.8	364	20.2	1779	0
34.025	137	6	0	0	0	318.4	354.6	318.4	354.6	335.8	364	19.81	1782	0
34.025	137	3	0	0	0	318.5	354.9	318.5	354.9	335.8	364	19.59	1804	0
34.025	137	1	0	0	0	318.2	354.2	318.2	354.2	335.8	364	20.08	1787	0
34.025	137	5	0	0	0	318.5	354.9	318.5	354.9	335.8	364	19.57	1794	0
34.025	137	7	0	0	0	318.3	354.3	318.3	354.3	335.8	364	20.06	1777	0
34.275	138	2	0	0	0	321.1	358.3	321.1	358.3	340	370.2	22.34	1820	0
34.275	138	4	0	347.4	393.7	321.7	359.1	321.7	359.1	340	370.2	21.45	1826	0
34.275	138	0	0	0	0	320.6	357.5	320.6	357.5	340	370.2	23.2	1802	0
34.275	138	6	0	0	0	321.1	358.3	321.1	358.3	340	370.2	22.27	1805	0
34.275	138	3	0	0	0	321.5	358.8	321.5	358.8	340	370.2	21.76	1826	0
34.275	138	1	0	0	0	320.7	357.8	320.7	357.8	340	370.2	22.91	1810	0
34.275	138	5	0	0	0	321.5	358.8	321.5	358.8	340	370.2	21.72	1816	0
34.275	138	7	0	0	0	320.8	357.8	320.8	357.8	340	370.2	22.86	1800	0
34.525	139	2	0	0	0	321.5	358.7	321.5	358.7	339.2	372.7	22.52	1843	0
34.525	139	4	0	325.6	362	321.7	358.8	321.7	358.8	339.2	372.7	22.32	1848	0
34.525	139	0	0	0	0	321.4	358.5	321.4	358.5	339.2	372.7	22.71	1824	0
34.525	139	6	0	0	0	321.6	358.7	321.6	358.7	339.2	372.7	22.5	1827	0
34.525	139	3	0	0	0	321.6	358.8	321.6	358.8	339.2	372.7	22.39	1848	0
34.525	139	1	0	0	0	321.5	358.6	321.5	358.6	339.2	372.7	22.64	1833	0
34.525	139	5	0	0	0	321.6	358.8	321.6	358.8	339.2	372.7	22.38	1838	0
34.525	139	7	0	0	0	321.5	358.6	321.5	358.6	339.2	372.7	22.63	1823	0
34.775	140	2	0	0	0	323.9	358.7	323.9	358.7	337.9	379.4	25.02	1868	0
34.775	140	4	0	345.8	359.1	324.3	358.7	324.3	358.7	337.9	379.4	24.74	1873	0
34.775	140	0	0	0	0	323.4	358.7	323.4	358.7	337.9	379.4	25.29	1850	0
34.775	140	6	0	0	0	323.9	358.7	323.9	358.7	337.9	379.4	25	1852	0
34.775	140	3	0	0	0	324.2	358.7	324.2	358.7	337.9	379.4	24.84	1873	0
34.775	140	1	0	0	0	323.6	358.7	323.6	358.7	337.9	379.4	25.2	1858	0
34.775	140	5	0	0	0	324.2	358.7	324.2	358.7	337.9	379.4	24.82	1863	0
34.775	140	7	0	0	0	323.6	358.7	323.6	358.7	337.9	379.4	25.19	1848	0
35.025	141	2	0	0	0	325.8	363.2	325.8	363.2	340.3	378.2	20.95	1889	0
35.025	141	4	0	344	405.6	326.2	364	326.2	364	340.3	378.2	20.03	1893	0
35.025	141	0	0	0	0	325.4	362.3	325.4	362.3	340.3	378.2	21.85	1872	0
35.025	141	6	0	0	0	325.8	363.2	325.8	363.2	340.3	378.2	20.89	1873	0
35.025	141	3	0	0	0	326.1	363.7	326.1	363.7	340.3	378.2	20.35	1894	0
35.025	141	1	0	0	0	325.5	362.6	325.5	362.6	340.3	378.2	21.55	1880	0
35.025	141	5	0	0	0	326.1	363.8	326.1	363.8	340.3	378.2	20.31	1883	0
35.025	141	7	0	0	0	325.5	362.6	325.5	362.6	340.3	378.2	21.5	1869	0
35.275	142	2	0	0	0	326.4	365.6	326.4	365.6	345.5	385.1	27.38	1916	0
35.275	142	4	0	331.8	388.3	326.5	366.1	326.5	366.1	345.5	385.1	26.88	1920	0
35.275	142	0	0	0	0	326.2	365	326.2	365	345.5	385.1	27.87	1899	0
35.275	142	6	0	0	0	326.4	365.6	326.4	365.6	345.5	385.1	27.35	1900	0
35.275	142	3	0	0	0	326.5	365.9	326.5	365.9	345.5	385.1	27.06	1921	0
35.275	142	1	0	0	0	326.3	365.2	326.3	365.2	345.5	385.1	27.7	1907	0
35.275	142	5	0	0	0	326.5	366	326.5	366	345.5	385.1	27.03	1910	0
35.275	142	7	0	0	0	326.3	365.2	326.3	365.2	345.5	385.1	27.68	1897	0
35.525	143	2	0	0	0	328.1	368.1	328.1	368.1	344.5	388.1	25.83	1942	0
35.525	143	4	0	345	392.1	328.5	368.7	328.5	368.7	344.5	388.1	25.18	1945	0
35.525	143	0	0	0	0	327.8	367.6	327.8	367.6	344.5	388.1	26.46	1926	0
35.525	143	6	0	0	0	328.2	368.1	328.2	368.1	344.5	388.1	25.78	1926	0
35.525	143	3	0	0	0	328.4	368.5	328.4	368.5	344.5	388.1	25.41	1946	0
35.525	143	1	0	0	0	327.9	367.8	327.9	367.8	344.5	388.1	26.25	1934	0
35.525	143	5	0	0	0	328.4	368.5	328.4	368.5	344.5	388.1	25.38	1935	0
35.525	143	7	0	0	0	327.9	367.8	327.9	367.8	344.5	388.1	26.22	1923	0
35.775	144	2	0	0	0	328.9	369.6	328.9	369.6	342.7	388	23.02	1965	0
35.775	144	4	0	335.7	383.6	329	369.9	329	369.9	342.7	388	22.64	1967	0
35.775	144	0	0	0	0	328.7	369.3	328.7	369.3	342.7	388	23.39	1949	0
35.775	144	6	0	0	0	328.9	369.6	328.9	369.6	342.7	388	23	1949	0
35.775	144	3	0	0	0	329	369.8	329	369.8	342.7	388	22.78	1969	0
35.775	144	1	0	0	0	328.8	369.4	328.8	369.4	342.7	388	23.27	1957	0
35.775	144	5	0	0	0	329	369.8	329	369.8	342.7	388	22.76	1958	0
35.775	144	7	0	0	0	328.8	369.4	328.8	369.4	342.7	388	23.25	1946	0
36.025	145	2	0	0	0	328.9	370.4	328.9	370.4	341.9	389.1	22.74	1988	0
36.025	145	4	0	329.1	378.3	328.9	370.6	328.9	370.6	341.9	389.1	22.56	1990	0
36.025	145	0	0	0	0	328.9	370.2	328.9	370.2	341.9	389.1	22.9	1972	0
36.025	145	6	0	0	0	328.9	370.5	328.9	370.5	341.9	389.1	22.72	1972	0
36.025	145	3	0	0	0	328.9	370.6	328.9	370.6	341.9	389.1	22.63	1991	0
36.025	145	1	0	0	0	328.9	370.3	328.9	370.3	341.9	389.1	22.85	1980	0
36.025	145	5	0	0	0	328.9	370.6	328.9	370.6	341.9	389.1	22.62	1981	0
36.025	145	7	0	0	0	328.9	370.3	328.9	370.3	341.9	389.1	22.84	1969	0
36.275	146	2	0	0	0	330.3	373.5	330.3	373.5	340.9	389.1	18.86	2007	0
36.275	146	4	0	343.6	402.6	330.6	374.1	330.6	374.1	340.9	389.1	18.19	2008	0
36.275	146	0	0	0	0	330	372.9	330	372.9	340.9	389.1	19.5	1992	0
36.275	146	6	0	0	0	330.3	373.5	330.3	373.5	340.9	389.1	18.81	1991	0
36.275	146	3	0	0	0	330.5	373.9	330.5	373.9	340.9	389.1	18.42	2010	0
36.275	146	1	0	0	0	330.1	373.1	330.1	373.1	340.9	389.1	19.29	1999	0
36.275	146	5	0	0	0	330.5	373.9	330.5	373.9	340.9	389.1	18.39	1999	0
36.275	146	7	0	0	0	330.1	373.1	330.1	373.1	340.9	389.1	19.25	1989	0
36.525	147	2	0	0	0	332	375	332	375	338.5	387.6	14.12	2021	0
36.525	147	4	0	347.8	389.6	332.3	375.4	332.3	375.4	338.5	387.6	13.64	2022	0
36.525	147	0	0	0	0	331.6	374.7	331.6	374.7	338.5	387.6	14.59	2006	0
36.525	147	6	0	0	0	332	375.1	332	375.1	338.5	387.6	14.09	2005	0
36.525	147	3	0	0	0	332.2	375.3	332.2	375.3	338.5	387.6	13.81	2024	0
36.525	147	1	0	0	0	331.7	374.8	331.7	374.8	338.5	387.6	14.43	2013	0
36.525	147	5	0	0	0	332.2	375.3	332.2	375.3	338.5	387.6	13.79	2013	0
36.525	147	7	0	0	0	331.8	374.8	331.8	374.8	338.5	387.6	14.41	2003	0
36.775	148	2	0	0	0	333.2	376.3	333.2	376.3	343.7	389.1	16.52	2037	0
36.775	148	4	0	344.5	388.5	333.4	376.6	333.4	376.6	343.7	389.1	16.13	2038	0
36.775	148	0	0	0	0	332.9	376	332.9	376	343.7	389.1	16.9	2023	0
36.775	148	6	0	0	0	333.2	376.3	333.2	376.3	343.7	389.1	16.49	2021	0
36.775	148	3	0	0	0	333.3	376.5	333.3	376.5	343.7	389.1	16.26	2040	0
36.775	148	1	0	0	0	333	376.1	333	376.1	343.7	389.1	16.77	2030	0
36.775	148	5	0	0	0	333.4	376.5	333.4	376.5	343.7	389.1	16.25	2029	0
36.775	148	7	0	0	0	333	376.2	333	376.2	343.7	389.1	16.75	2020	0
37.025	149	2	0	0	0	334.2	377.9	334.2	377.9	341.9	387.5	12.28	2050	0
37.025	149	4	0	344.3	392.7	334.5	378.2	334.5	378.2	341.9	387.5	11.87	2050	0
37.025	149	0	0	0	0	334	377.6	334	377.6	341.9	387.5	12.67	2036	0
37.025	149	6	0	0	0	334.2	377.9	334.2	377.9	341.9	387.5	12.25	2033	0
37.025	149	3	0	0	0	334.4	378.1	334.4	378.1	341.9	387.5	12.01	2052	0
37.025	149	1	0	0	0	334.1	377.7	334.1	377.7	341.9	387.5	12.54	2043	0
37.025	149	5	0	0	0	334.4	378.1	334.4	378.1	341.9	387.5	11.99	2041	0
37.025	149	7	0	0	0	334.1	377.7	334.1	377.7	341.9	387.5	12.52	2032	0
37.275	150	2	0	0	0	332.6	380.4	332.6	380.4	340.2	392.5	14.28	2064	0
37.275	150	4	0	317.2	403.9	332.3	380.9	332.3	380.9	340.2	392.5	14	2064	0
37.275	150	0	0	0	0	332.9	379.9	332.9	379.9	340.2	392.5	14.56	2050	0
37.275	150	6	0	0	0	332.6	380.4	332.6	380.4	340.2	392.5	14.26	2048	0
37.275	150	3	0	0	0	332.4	380.7	332.4	380.7	340.2	392.5	14.1	2066	0
37.275	150	1	0	0	0	332.8	380	332.8	380	340.2	392.5	14.46	2057	0
37.275	150	5	0	0	0	332.4	380.7	332.4	380.7	340.2	392.5	14.08	2055	0
37.275	150	7	0	0	0	332.8	380.1	332.8	380.1	340.2	392.5	14.45	2047	0
37.525	151	2	0	0	0	333.1	381.8	333.1	381.8	345.8	398.8	21.15	2085	0
37.525	151	4	0	338.2	395.7	333.2	382.2	333.2	382.2	345.8	398.8	20.83	2085	0
37.525	151	0	0	0	0	333.1	381.5	333.1	381.5	345.8	398.8	21.45	2072	0
37.525	151	6	0	0	0	333.2	381.9	333.2	381.9	345.8	398.8	21.12	2069	0
37.525	151	3	0	0	0	333.2	382.1	333.2	382.1	345.8	398.8	20.94	2087	0
37.525	151	1	0	0	0	333.1	381.6	333.1	381.6	345.8	398.8	21.35	2079	0
37.525	151	5	0	0	0	333.2	382.1	333.2	382.1	345.8	398.8	20.93	2076	0
37.525	151	7	0	0	0	333.1	381.6	333.1	381.6	345.8	398.8	21.33	2068	0
37.775	152	2	0	0	0	335.5	385.1	335.5	385.1	344.8	397.2	15.21	2100	0
37.775	152	4	0	357.5	416.3	335.9	385.8	335.9	385.8	344.8	397.2	14.39	2099	0
37.775	152	0	0	0	0	335	384.5	335	384.5	344.8	397.2	16	2088	0
37.775	152	6	0	0	0	335.5	385.2	335.5	385.2	344.8	397.2	15.15	2084	0
37.775	152	3	0	0	0	335.8	385.6	335.8	385.6	344.8	397.2	14.68	2102	0
37.775	152	1	0	0	0	335.2	384.7	335.2	384.7	344.8	397.2	15.74	2094	0
37.775	152	5	0	0	0	335.8	385.6	335.8	385.6	344.8	397.2	14.64	2091	0
37.775	152	7	0	0	0	335.2	384.7	335.2	384.7	344.8	397.2	15.7	2084	0
38.025	153	2	0	0	0	337.7	385.9	337.7	385.9	348.3	396.6	15.05	2115	0
38.025	153	4	0	359.3	393.2	338.2	386.1	338.2	386.1	348.3	396.6	14.55	2113	0
38.025	153	0	0	0	0	337.3	385.7	337.3	385.7	348.3	396.6	15.53	2103	0
38.025	153	6	0	0	0	337.8	385.9	337.8	385.9	348.3	396.6	15.01	2099	0
38.025	153	3	0	0	0	338.1	386	338.1	386	348.3	396.6	14.72	2116	0
38.025	153	1	0	0	0	337.4	385.8	337.4	385.8	348.3	396.6	15.37	2110	0
38.025	153	5	0	0	0	338.1	386.1	338.1	386.1	348.3	396.6	14.7	2106	0
38.025	153	7	0	0	0	337.4	385.8	337.4	385.8	348.3	396.6	15.34	2099	0
38.275	154	2	0	0	0	338.8	388.2	338.8	388.2	346.8	399.9	14.15	2129	0
38.275	154	4	0	348.4	410.1	339	388.7	339	388.7	346.8	399.9	13.62	2127	0
38.275	154	0	0	0	0	338.5	387.7	338.5	387.7	346.8	399.9	14.66	2118	0
38.275	154	6	0	0	0	338.8	388.2	338.8	388.2	346.8	399.9	14.11	2113	0
38.275	154	3	0	0	0	338.9	388.5	338.9	388.5	346.8	399.9	13.81	2130	0
38.275	154	1	0	0	0	338.6	387.9	338.6	387.9	346.8	399.9	14.49	2124	0
38.275	154	5	0	0	0	338.9	388.5	338.9	388.5	346.8	399.9	13.78	2119	0
38.275	154	7	0	0	0	338.6	387.9	338.6	387.9	346.8	399.9	14.47	2113	0
38.525	155	2	0	0	0	340.1	388.9	340.1	388.9	344.2	400	11.88	2141	0
38.525	155	4	0	352.9	394.9	340.4	389	340.4	389	344.2	400	11.62	2139	0
38.525	155	0	0	0	0	339.8	388.7	339.8	388.7	344.2	400	12.13	2130	0
38.525	155	6	0	0	0	340.1	388.9	340.1	388.9	344.2	400	11.86	2125	0
38.525	155	3	0	0	0	340.3	389	340.3	389	344.2	400	11.71	2142	0
38.525	155	1	0	0	0	339.9	388.7	339.9	388.7	344.2	400	12.05	2136	0
38.525	155	5	0	0	0	340.3	389	340.3	389	344.2	400	11.7	2131	0
38.525	155	7	0	0	0	339.9	388.8	339.9	388.8	344.2	400	12.04	2126	0
38.775	156	2	0	0	0	342.5	388.5	342.5	388.5	349.4	400	13.39	2155	0
38.775	156	4	0	365	385.2	343	388.5	343	388.5	349.4	400	13.19	2152	0
38.775	156	0	0	0	0	342	388.6	342	388.6	349.4	400	13.6	2144	0
38.775	156	6	0	0	0	342.5	388.5	342.5	388.5	349.4	400	13.38	2138	0
38.775	156	3	0	0	0	342.8	388.5	342.8	388.5	349.4	400	13.26	2155	0
38.775	156	1	0	0	0	342.2	388.5	342.2	388.5	349.4	400	13.53	2150	0
38.775	156	5	0	0	0	342.8	388.5	342.8	388.5	349.4	400	13.25	2144	0
38.775	156	7	0	0	0	342.2	388.5	342.2	388.5	349.4	400	13.52	2139	0
39.025	157	2	0	0	0	342.5	389.3	342.5	389.3	353.3	400	15.16	2170	0
39.025	157	4	0	342.5	397.2	342.6	389.5	342.6	389.5	353.3	400	15.01	2167	0
39.025	157	0	0	0	0	342.5	389.2	342.5	389.2	353.3	400	15.3	2159	0
39.025	157	6	0	0	0	342.5	389.4	342.5	389.4	353.3	400	15.15	2153	0
39.025	157	3	0	0	0	342.5	389.4	342.5	389.4	353.3	400	15.06	2170	0
39.025	157	1	0	0	0	342.5	389.2	342.5	389.2	353.3	400	15.25	2165	0
39.025	157	5	0	0	0	342.5	389.4	342.5	389.4	353.3	400	15.06	2159	0
39.025	157	7	0	0	0	342.5	389.2	342.5	389.2	353.3	400	15.25	2154	0
39.275	158	2	0	0	0	344	389.8	344	389.8	353.1	400	13.62	2184	0
39.275	158	4	0	358.8	394	344.4	389.9	344.4	389.9	353.1	400	13.34	2180	0
39.275	158	0	0	0	0	343.8	389.7	343.8	389.7	353.1	400	13.89	2173	0
39.275	158	6	0	0	0	344.1	389.8	344.1	389.8	353.1	400	13.6	2167	0
39.275	158	3	0	0	0	344.2	389.9	344.2	389.9	353.1	400	13.44	2184	0
39.275	158	1	0	0	0	343.9	389.7	343.9	389.7	353.1	400	13.8	2179	0
39.275	158	5	0	0	0	344.3	389.9	344.3	389.9	353.1	400	13.43	2173	0
39.275	158	7	0	0	0	343.9	389.7	343.9	389.7	353.1	400	13.79	2168	0
39.525	159	2	0	0	0	347.2	390.6	347.2	390.6	357.8	400	14.17	2198	0
39.525	159	4	0	376.7	398.7	347.8	390.8	347.8	390.8	357.8	400	13.58	2194	0
39.525	159	0	0	0	0	346.5	390.5	346.5	390.5	357.8	400	14.75	2188	0
39.525	159	6	0	0	0	347.2	390.6	347.2	390.6	357.8	400	14.13	2181	0
39.525	159	3	0	0	0	347.6	390.8	347.6	390.8	357.8	400	13.79	2197	0
39.525	159	1	0	0	0	346.7	390.5	346.7	390.5	357.8	400	14.56	2193	0
39.525	159	5	0	0	0	347.6	390.8	347.6	390.8	357.8	400	13.76	2187	0
39.525	159	7	0	0	0	346.8	390.5	346.8	390.5	357.8	400	14.53	2183	0
39.775	160	2	0	0	0	348	391.9	348	391.9	357	394.1	9.266	2207	0
39.775	160	4	0	356.4	403.7	348.3	392.1	348.3	392.1	357	394.1	8.979	2203	0
39.775	160	0	0	0	0	347.8	391.6	347.8	391.6	357	394.1	9.548	2197	0
39.775	160	6	0	0	0	348.1	391.9	348.1	391.9	357	394.1	9.246	2190	0
39.775	160	3	0	0	0	348.2	392.1	348.2	392.1	357	394.1	9.079	2207	0
39.775	160	1	0	0	0	347.9	391.7	347.9	391.7	357	394.1	9.453	2203	0
39.775	160	5	0	0	0	348.2	392.1	348.2	392.1	357	394.1	9.066	2196	0
39.775	160	7	0	0	0	347.9	391.7	347.9	391.7	357	394.1	9.439	2192	0
