# _procNoiseCov=10 _measNoiseCov=10 iter_max=10 alpha=0.3
#Simulation_time,tracking_step,NodeID,TargetID,MeasurementX,MeasurementY,EstimateX,EstimateY,GroundTruthX,GroundTruthY,Error,ErrorAcc,ResultsDelay
#t_sim	t_step	NID	TID	Zx	Zy	X_x	X_y	Xx	Xy	GTx	GTy	Err	ErrAcc	Delay
0.025	1	2	0	0	0	119.3	98.51	119.3	98.51	120	100	1.642	1.642	0
0.025	1	4	0	0	0	119.4	98.76	119.4	98.76	120	100	1.361	1.361	0
0.025	1	0	0	113.2	85	119.2	98.19	119.2	98.19	120	100	1.993	1.993	0
0.025	1	6	0	0	0	119.3	98.43	119.3	98.43	120	100	1.724	1.724	0
0.025	1	3	0	0	0	119.4	98.68	119.4	98.68	120	100	1.446	1.446	0
0.025	1	1	0	0	0	119.2	98.31	119.2	98.31	120	100	1.862	1.862	0
0.025	1	5	0	0	0	119.4	98.63	119.4	98.63	120	100	1.501	1.501	0
0.025	1	7	0	0	0	119.2	98.26	119.2	98.26	120	100	1.914	1.914	0
0.275	2	2	0	0	0	119.9	99.97	119.9	99.97	120.1	102.2	2.22	3.862	0
0.275	2	4	0	0	0	119.8	99.74	119.8	99.74	120.1	102.2	2.46	3.82	0
0.275	2	0	0	125	113.5	120	100.3	120	100.3	120.1	102.2	1.923	3.916	0
0.275	2	6	0	0	0	119.9	100	119.9	100	120.1	102.2	2.15	3.874	0
0.275	2	3	0	0	0	119.8	99.81	119.8	99.81	120.1	102.2	2.387	3.833	0
0.275	2	1	0	0	0	119.9	100.2	119.9	100.2	120.1	102.2	2.033	3.895	0
0.275	2	5	0	0	0	119.8	99.86	119.8	99.86	120.1	102.2	2.34	3.841	0
0.275	2	7	0	0	0	120	100.2	120	100.2	120.1	102.2	1.989	3.904	0
0.525	3	2	0	0	0	121.2	99.79	121.2	99.79	125.3	99.44	4.094	7.956	0
0.525	3	4	0	0	0	121	99.8	121	99.8	125.3	99.44	4.332	8.152	0
0.525	3	0	0	133.3	97.94	121.5	99.77	121.5	99.77	125.3	99.44	3.798	7.714	0
0.525	3	6	0	0	0	121.3	99.79	121.3	99.79	125.3	99.44	4.025	7.899	0
0.525	3	3	0	0	0	121.1	99.8	121.1	99.8	125.3	99.44	4.26	8.093	0
0.525	3	1	0	0	0	121.4	99.78	121.4	99.78	125.3	99.44	3.909	7.804	0
0.525	3	5	0	0	0	121.1	99.8	121.1	99.8	125.3	99.44	4.213	8.054	0
0.525	3	7	0	0	0	121.4	99.78	121.4	99.78	125.3	99.44	3.865	7.768	0
0.775	4	2	0	0	0	121.4	100.2	121.4	100.2	125.6	103.6	5.404	13.36	0
0.775	4	4	0	0	0	121.4	100.1	121.4	100.1	125.6	103.6	5.487	13.64	0
0.775	4	0	0	123.2	103.6	121.5	100.2	121.5	100.2	125.6	103.6	5.299	13.01	0
0.775	4	6	0	0	0	121.5	100.2	121.5	100.2	125.6	103.6	5.379	13.28	0
0.775	4	3	0	0	0	121.4	100.1	121.4	100.1	125.6	103.6	5.462	13.55	0
0.775	4	1	0	0	0	121.5	100.2	121.5	100.2	125.6	103.6	5.338	13.14	0
0.775	4	5	0	0	0	121.4	100.1	121.4	100.1	125.6	103.6	5.446	13.5	0
0.775	4	7	0	0	0	121.5	100.2	121.5	100.2	125.6	103.6	5.323	13.09	0
1.025	5	2	0	0	0	120.7	101.8	120.7	101.8	124.6	104.2	4.5	17.86	0
1.025	5	4	0	0	0	120.8	101.6	120.8	101.6	124.6	104.2	4.558	18.2	0
1.025	5	0	0	114.1	117	120.6	102.2	120.6	102.2	124.6	104.2	4.458	17.47	0
1.025	5	6	0	0	0	120.7	101.9	120.7	101.9	124.6	104.2	4.487	17.77	0
1.025	5	3	0	0	0	120.8	101.6	120.8	101.6	124.6	104.2	4.538	18.09	0
1.025	5	1	0	0	0	120.6	102.1	120.6	102.1	124.6	104.2	4.47	17.61	0
1.025	5	5	0	0	0	120.8	101.7	120.8	101.7	124.6	104.2	4.527	18.03	0
1.025	5	7	0	0	0	120.6	102.1	120.6	102.1	124.6	104.2	4.465	17.56	0
1.275	6	2	0	0	0	122.5	104.2	122.5	104.2	122.7	109.7	5.533	23.39	0
1.275	6	4	0	0	0	122.2	103.8	122.2	103.8	122.7	109.7	5.973	24.17	0
1.275	6	0	0	138.8	125.1	122.9	104.7	122.9	104.7	122.7	109.7	5.005	22.48	0
1.275	6	6	0	0	0	122.6	104.3	122.6	104.3	122.7	109.7	5.407	23.17	0
1.275	6	3	0	0	0	122.3	103.9	122.3	103.9	122.7	109.7	5.839	23.93	0
1.275	6	1	0	0	0	122.7	104.5	122.7	104.5	122.7	109.7	5.199	22.81	0
1.275	6	5	0	0	0	122.4	104	122.4	104	122.7	109.7	5.752	23.78	0
1.275	6	7	0	0	0	122.8	104.6	122.8	104.6	122.7	109.7	5.122	22.68	0
1.525	7	2	0	0	0	123.3	105.8	123.3	105.8	129.3	112.4	8.917	32.31	0
1.525	7	4	0	0	0	123.2	105.5	123.2	105.5	129.3	112.4	9.256	33.43	0
1.525	7	0	0	130.6	119.7	123.6	106.2	123.6	106.2	129.3	112.4	8.496	30.97	0
1.525	7	6	0	0	0	123.4	105.9	123.4	105.9	129.3	112.4	8.819	31.99	0
1.525	7	3	0	0	0	123.2	105.6	123.2	105.6	129.3	112.4	9.154	33.09	0
1.525	7	1	0	0	0	123.5	106	123.5	106	129.3	112.4	8.654	31.47	0
1.525	7	5	0	0	0	123.3	105.6	123.3	105.6	129.3	112.4	9.087	32.87	0
1.525	7	7	0	0	0	123.5	106.1	123.5	106.1	129.3	112.4	8.591	31.27	0
1.775	8	2	0	0	0	123.6	107.6	123.6	107.6	135	116.8	14.59	46.9	0
1.775	8	4	0	0	0	123.6	107.3	123.6	107.3	135	116.8	14.86	48.28	0
1.775	8	0	0	126	124	123.7	108	123.7	108	135	116.8	14.27	45.24	0
1.775	8	6	0	0	0	123.6	107.7	123.6	107.7	135	116.8	14.52	46.51	0
1.775	8	3	0	0	0	123.6	107.4	123.6	107.4	135	116.8	14.78	47.86	0
1.775	8	1	0	0	0	123.7	107.9	123.7	107.9	135	116.8	14.39	45.85	0
1.775	8	5	0	0	0	123.6	107.4	123.6	107.4	135	116.8	14.72	47.59	0
1.775	8	7	0	0	0	123.7	107.9	123.7	107.9	135	116.8	14.34	45.61	0
2.025	9	2	0	0	0	125.8	108.2	125.8	108.2	140.5	118.4	17.89	64.79	0
2.025	9	4	0	0	0	125.4	108.1	125.4	108.1	140.5	118.4	18.27	66.55	0
2.025	9	0	0	145	113.5	126.2	108.4	126.2	108.4	140.5	118.4	17.42	62.66	0
2.025	9	6	0	0	0	125.9	108.3	125.9	108.3	140.5	118.4	17.78	64.29	0
2.025	9	3	0	0	0	125.5	108.1	125.5	108.1	140.5	118.4	18.15	66.02	0
2.025	9	1	0	0	0	126.1	108.3	126.1	108.3	140.5	118.4	17.59	63.45	0
2.025	9	5	0	0	0	125.6	108.2	125.6	108.2	140.5	118.4	18.08	65.67	0
2.025	9	7	0	0	0	126.1	108.4	126.1	108.4	140.5	118.4	17.52	63.13	0
2.275	10	2	0	0	0	127.4	108.7	127.4	108.7	138.3	116.2	13.22	78.01	0
2.275	10	4	0	0	0	127.1	108.6	127.1	108.6	138.3	116.2	13.52	80.07	0
2.275	10	0	0	141.5	113.3	127.7	108.9	127.7	108.9	138.3	116.2	12.84	75.49	0
2.275	10	6	0	0	0	127.4	108.8	127.4	108.8	138.3	116.2	13.13	77.41	0
2.275	10	3	0	0	0	127.1	108.7	127.1	108.7	138.3	116.2	13.43	79.45	0
2.275	10	1	0	0	0	127.6	108.8	127.6	108.8	138.3	116.2	12.98	76.43	0
2.275	10	5	0	0	0	127.2	108.7	127.2	108.7	138.3	116.2	13.37	79.04	0
2.275	10	7	0	0	0	127.7	108.8	127.7	108.8	138.3	116.2	12.92	76.05	0
2.525	11	2	0	0	0	127.7	108.5	127.7	108.5	142.9	114.8	16.38	94.39	0
2.525	11	4	0	0	0	127.6	108.6	127.6	108.6	142.9	114.8	16.45	96.52	0
2.525	11	0	0	130.9	106.5	127.8	108.5	127.8	108.5	142.9	114.8	16.29	91.78	0
2.525	11	6	0	0	0	127.8	108.5	127.8	108.5	142.9	114.8	16.36	93.77	0
2.525	11	3	0	0	0	127.7	108.6	127.7	108.6	142.9	114.8	16.43	95.88	0
2.525	11	1	0	0	0	127.8	108.5	127.8	108.5	142.9	114.8	16.32	92.75	0
2.525	11	5	0	0	0	127.7	108.5	127.7	108.5	142.9	114.8	16.42	95.45	0
2.525	11	7	0	0	0	127.8	108.5	127.8	108.5	142.9	114.8	16.31	92.37	0
2.775	12	2	0	0	0	130.6	107.5	130.6	107.5	148.5	112.1	18.51	112.9	0
2.775	12	4	0	0	0	130.1	107.7	130.1	107.7	148.5	112.1	18.94	115.5	0
2.775	12	0	0	156	97.96	131.2	107.2	131.2	107.2	148.5	112.1	17.98	109.8	0
2.775	12	6	0	0	0	130.7	107.4	130.7	107.4	148.5	112.1	18.39	112.2	0
2.775	12	3	0	0	0	130.2	107.6	130.2	107.6	148.5	112.1	18.81	114.7	0
2.775	12	1	0	0	0	130.9	107.3	130.9	107.3	148.5	112.1	18.18	110.9	0
2.775	12	5	0	0	0	130.3	107.6	130.3	107.6	148.5	112.1	18.73	114.2	0
2.775	12	7	0	0	0	131	107.3	131	107.3	148.5	112.1	18.1	110.5	0
3.025	13	2	0	0	0	131.7	109.2	131.7	109.2	147.1	109.6	15.42	128.3	0
3.025	13	4	0	0	0	131.5	108.9	131.5	108.9	147.1	109.6	15.66	131.1	0
3.025	13	0	0	141.9	124.6	132	109.5	132	109.5	147.1	109.6	15.11	124.9	0
3.025	13	6	0	0	0	131.8	109.3	131.8	109.3	147.1	109.6	15.34	127.5	0
3.025	13	3	0	0	0	131.6	109	131.6	109	147.1	109.6	15.59	130.3	0
3.025	13	1	0	0	0	131.9	109.4	131.9	109.4	147.1	109.6	15.22	126.2	0
3.025	13	5	0	0	0	131.6	109	131.6	109	147.1	109.6	15.54	129.7	0
3.025	13	7	0	0	0	132	109.4	132	109.4	147.1	109.6	15.18	125.6	0
3.275	14	2	0	0	0	132.7	110.2	132.7	110.2	150.7	109.2	18.06	146.4	0
3.275	14	4	0	0	0	132.5	110	132.5	110	150.7	109.2	18.23	149.4	0
3.275	14	0	0	140.9	118.9	132.9	110.4	132.9	110.4	150.7	109.2	17.85	142.7	0
3.275	14	6	0	0	0	132.7	110.2	132.7	110.2	150.7	109.2	18.01	145.5	0
3.275	14	3	0	0	0	132.5	110	132.5	110	150.7	109.2	18.18	148.5	0
3.275	14	1	0	0	0	132.8	110.3	132.8	110.3	150.7	109.2	17.93	144.1	0
3.275	14	5	0	0	0	132.6	110.1	132.6	110.1	150.7	109.2	18.15	147.9	0
3.275	14	7	0	0	0	132.8	110.4	132.8	110.4	150.7	109.2	17.9	143.5	0
3.525	15	2	0	0	0	134.4	108.7	134.4	108.7	151.4	106.8	17.12	163.5	0
3.525	15	4	0	0	0	134.1	108.9	134.1	108.9	151.4	106.8	17.45	166.8	0
3.525	15	0	0	149.8	94.81	134.8	108.3	134.8	108.3	151.4	106.8	16.7	159.4	0
3.525	15	6	0	0	0	134.5	108.6	134.5	108.6	151.4	106.8	17.02	162.5	0
3.525	15	3	0	0	0	134.2	108.8	134.2	108.8	151.4	106.8	17.35	165.8	0
3.525	15	1	0	0	0	134.6	108.5	134.6	108.5	151.4	106.8	16.86	160.9	0
3.525	15	5	0	0	0	134.2	108.8	134.2	108.8	151.4	106.8	17.28	165.2	0
3.525	15	7	0	0	0	134.7	108.4	134.7	108.4	151.4	106.8	16.79	160.3	0
3.775	16	2	0	0	0	135.1	108.2	135.1	108.2	156.6	110.3	21.55	185	0
3.775	16	4	0	0	0	135	108.3	135	108.3	156.6	110.3	21.69	188.5	0
3.775	16	0	0	141.5	104.8	135.3	108.1	135.3	108.1	156.6	110.3	21.38	180.8	0
3.775	16	6	0	0	0	135.2	108.2	135.2	108.2	156.6	110.3	21.51	184	0
3.775	16	3	0	0	0	135	108.3	135	108.3	156.6	110.3	21.65	187.5	0
3.775	16	1	0	0	0	135.2	108.2	135.2	108.2	156.6	110.3	21.44	182.4	0
3.775	16	5	0	0	0	135	108.3	135	108.3	156.6	110.3	21.62	186.8	0
3.775	16	7	0	0	0	135.3	108.2	135.3	108.2	156.6	110.3	21.42	181.8	0
4.025	17	2	0	0	0	138.9	108.9	138.9	108.9	162.8	114	24.37	209.4	0
4.025	17	4	0	0	0	138.3	108.8	138.3	108.8	162.8	114	25.05	213.6	0
4.025	17	0	0	173.3	114.8	139.8	109	139.8	109	162.8	114	23.53	204.3	0
4.025	17	6	0	0	0	139.1	108.9	139.1	108.9	162.8	114	24.18	208.2	0
4.025	17	3	0	0	0	138.5	108.8	138.5	108.8	162.8	114	24.84	212.3	0
4.025	17	1	0	0	0	139.5	109	139.5	109	162.8	114	23.85	206.2	0
4.025	17	5	0	0	0	138.6	108.8	138.6	108.8	162.8	114	24.71	211.5	0
4.025	17	7	0	0	0	139.6	109	139.6	109	162.8	114	23.72	205.5	0
4.275	18	2	0	0	0	141.2	110.5	141.2	110.5	161.4	118.4	21.66	231.1	0
4.275	18	4	0	0	0	140.8	110.3	140.8	110.3	161.4	118.4	22.18	235.7	0
4.275	18	0	0	161	125.4	141.7	110.9	141.7	110.9	161.4	118.4	21.02	225.4	0
4.275	18	6	0	0	0	141.3	110.6	141.3	110.6	161.4	118.4	21.51	229.7	0
4.275	18	3	0	0	0	140.9	110.3	140.9	110.3	161.4	118.4	22.02	234.3	0
4.275	18	1	0	0	0	141.5	110.8	141.5	110.8	161.4	118.4	21.26	227.5	0
4.275	18	5	0	0	0	141	110.4	141	110.4	161.4	118.4	21.92	233.4	0
4.275	18	7	0	0	0	141.6	110.8	141.6	110.8	161.4	118.4	21.17	226.6	0
4.525	19	2	0	0	0	142.8	110	142.8	110	166.7	115.9	24.65	255.7	0
4.525	19	4	0	0	0	142.5	110.1	142.5	110.1	166.7	115.9	24.93	260.7	0
4.525	19	0	0	156.5	105.2	143.1	110	143.1	110	166.7	115.9	24.3	249.7	0
4.525	19	6	0	0	0	142.8	110	142.8	110	166.7	115.9	24.57	254.3	0
4.525	19	3	0	0	0	142.5	110.1	142.5	110.1	166.7	115.9	24.85	259.2	0
4.525	19	1	0	0	0	143	110	143	110	166.7	115.9	24.43	251.9	0
4.525	19	5	0	0	0	142.6	110.1	142.6	110.1	166.7	115.9	24.79	258.2	0
4.525	19	7	0	0	0	143.1	110	143.1	110	166.7	115.9	24.38	251	0
4.775	20	2	0	0	0	145.8	111.3	145.8	111.3	168.1	118.3	23.41	279.1	0
4.775	20	4	0	0	0	145.3	111.1	145.3	111.1	168.1	118.3	23.99	284.7	0
4.775	20	0	0	173	122.6	146.5	111.5	146.5	111.5	168.1	118.3	22.68	272.3	0
4.775	20	6	0	0	0	146	111.3	146	111.3	168.1	118.3	23.24	277.5	0
4.775	20	3	0	0	0	145.4	111.1	145.4	111.1	168.1	118.3	23.82	283	0
4.775	20	1	0	0	0	146.2	111.4	146.2	111.4	168.1	118.3	22.96	274.9	0
4.775	20	5	0	0	0	145.5	111.2	145.5	111.2	168.1	118.3	23.7	281.9	0
4.775	20	7	0	0	0	146.3	111.5	146.3	111.5	168.1	118.3	22.85	273.9	0
5.025	21	2	0	0	0	149.9	110.9	149.9	110.9	175	124.2	28.48	307.6	0
5.025	21	4	0	0	0	149.1	110.9	149.1	110.9	175	124.2	29.11	313.8	0
5.025	21	0	0	186.1	107.2	150.8	110.8	150.8	110.8	175	124.2	27.7	300	0
5.025	21	6	0	0	0	150.1	110.9	150.1	110.9	175	124.2	28.3	305.8	0
5.025	21	3	0	0	0	149.3	110.9	149.3	110.9	175	124.2	28.92	311.9	0
5.025	21	1	0	0	0	150.4	110.9	150.4	110.9	175	124.2	27.99	302.9	0
5.025	21	5	0	0	0	149.5	110.9	149.5	110.9	175	124.2	28.8	310.7	0
5.025	21	7	0	0	0	150.6	110.8	150.6	110.8	175	124.2	27.88	301.7	0
5.275	22	2	0	0	0	152.8	111.8	152.8	111.8	179.4	130.3	32.43	340	0
5.275	22	4	0	0	0	152.2	111.7	152.2	111.7	179.4	130.3	32.97	346.7	0
5.275	22	0	0	178.5	120.2	153.5	112	153.5	112	179.4	130.3	31.75	331.8	0
5.275	22	6	0	0	0	152.9	111.9	152.9	111.9	179.4	130.3	32.27	338.1	0
5.275	22	3	0	0	0	152.4	111.7	152.4	111.7	179.4	130.3	32.81	344.7	0
5.275	22	1	0	0	0	153.2	111.9	153.2	111.9	179.4	130.3	32	334.9	0
5.275	22	5	0	0	0	152.5	111.7	152.5	111.7	179.4	130.3	32.7	343.4	0
5.275	22	7	0	0	0	153.3	112	153.3	112	179.4	130.3	31.9	333.7	0
5.525	23	2	0	0	0	156.4	113.8	156.4	113.8	182	134.5	32.94	373	0
5.525	23	4	0	0	0	155.7	113.5	155.7	113.5	182	134.5	33.69	380.4	0
5.525	23	0	0	188.5	132	157.2	114.3	157.2	114.3	182	134.5	32.02	363.8	0
5.525	23	6	0	0	0	156.6	113.9	156.6	113.9	182	134.5	32.73	370.8	0
5.525	23	3	0	0	0	155.9	113.6	155.9	113.6	182	134.5	33.46	378.2	0
5.525	23	1	0	0	0	156.9	114.1	156.9	114.1	182	134.5	32.37	367.2	0
5.525	23	5	0	0	0	156.1	113.7	156.1	113.7	182	134.5	33.32	376.7	0
5.525	23	7	0	0	0	157	114.2	157	114.2	182	134.5	32.23	365.9	0
5.775	24	2	0	0	0	159.7	115.3	159.7	115.3	186.8	133.7	32.76	405.8	0
5.775	24	4	0	0	0	159.1	115	159.1	115	186.8	133.7	33.43	413.9	0
5.775	24	0	0	189.2	127.9	160.5	115.6	160.5	115.6	186.8	133.7	31.93	395.7	0
5.775	24	6	0	0	0	159.9	115.4	159.9	115.4	186.8	133.7	32.57	403.4	0
5.775	24	3	0	0	0	159.3	115.1	159.3	115.1	186.8	133.7	33.23	411.4	0
5.775	24	1	0	0	0	160.2	115.5	160.2	115.5	186.8	133.7	32.24	399.5	0
5.775	24	5	0	0	0	159.4	115.1	159.4	115.1	186.8	133.7	33.1	409.8	0
5.775	24	7	0	0	0	160.3	115.5	160.3	115.5	186.8	133.7	32.12	398	0
6.025	25	2	0	0	0	162	117.3	162	117.3	188.8	138.7	34.27	440	0
6.025	25	4	0	0	0	161.6	116.9	161.6	116.9	188.8	138.7	34.85	448.7	0
6.025	25	0	0	182.3	134.9	162.6	117.7	162.6	117.7	188.8	138.7	33.56	429.3	0
6.025	25	6	0	0	0	162.2	117.4	162.2	117.4	188.8	138.7	34.11	437.5	0
6.025	25	3	0	0	0	161.7	117	161.7	117	188.8	138.7	34.67	446.1	0
6.025	25	1	0	0	0	162.4	117.5	162.4	117.5	188.8	138.7	33.83	433.3	0
6.025	25	5	0	0	0	161.8	117.1	161.8	117.1	188.8	138.7	34.56	444.4	0
6.025	25	7	0	0	0	162.5	117.6	162.5	117.6	188.8	138.7	33.72	431.7	0
6.275	26	2	0	0	0	166.8	123.6	166.8	123.6	194.8	142.9	34.02	474	0
6.275	26	4	0	0	0	165.9	122.3	165.9	122.3	194.8	142.9	35.46	484.2	0
6.275	26	0	0	200.7	154.6	167.6	124.3	167.6	124.3	194.8	142.9	32.98	462.3	0
6.275	26	6	0	0	0	166.8	123.1	166.8	123.1	194.8	142.9	34.35	471.9	0
6.275	26	3	0	0	0	166.3	122.9	166.3	122.9	194.8	142.9	34.89	481	0
6.275	26	1	0	175.8	149.5	167.3	124.1	167.3	124.1	194.8	142.9	33.28	466.6	0
6.275	26	5	0	0	0	166.2	122.5	166.2	122.5	194.8	142.9	35.13	479.5	0
6.275	26	7	0	0	0	167.3	123.8	167.3	123.8	194.8	142.9	33.49	465.2	0
6.525	27	2	0	0	0	171.7	124.2	171.7	124.2	198.5	140.5	31.39	505.4	0
6.525	27	4	0	0	0	170.7	124	170.7	124	198.5	140.5	32.36	516.5	0
6.525	27	0	0	200.3	135.4	172.4	124.5	172.4	124.5	198.5	140.5	30.65	492.9	0
6.525	27	6	0	0	0	171.4	124.3	171.4	124.3	198.5	140.5	31.57	503.4	0
6.525	27	3	0	0	0	171.1	124	171.1	124	198.5	140.5	31.99	513	0
6.525	27	1	0	187.3	120.8	172.2	124.4	172.2	124.4	198.5	140.5	30.88	497.5	0
6.525	27	5	0	0	0	170.9	124.1	170.9	124.1	198.5	140.5	32.11	511.6	0
6.525	27	7	0	0	0	172	124.5	172	124.5	198.5	140.5	30.98	496.2	0
6.775	28	2	0	0	0	177.4	125.3	177.4	125.3	204.2	140.6	30.83	536.3	0
6.775	28	4	0	0	0	176.1	125.1	176.1	125.1	204.2	140.6	32.09	548.6	0
6.775	28	0	0	199	128.6	177.9	125.4	177.9	125.4	204.2	140.6	30.34	523.3	0
6.775	28	6	0	0	0	176.7	125.2	176.7	125.2	204.2	140.6	31.54	535	0
6.775	28	3	0	0	0	176.7	125.2	176.7	125.2	204.2	140.6	31.53	544.5	0
6.775	28	1	0	208.6	131.9	177.9	125.4	177.9	125.4	204.2	140.6	30.4	527.9	0
6.775	28	5	0	0	0	176.2	125.1	176.2	125.1	204.2	140.6	32.01	543.6	0
6.775	28	7	0	0	0	177.4	125.3	177.4	125.3	204.2	140.6	30.85	527	0
7.025	29	2	0	0	0	180.5	127.5	180.5	127.5	209.4	146.3	34.45	570.7	0
7.025	29	4	0	0	0	179.7	127	179.7	127	209.4	146.3	35.33	583.9	0
7.025	29	0	0	204.5	134.6	181	127.7	181	127.7	209.4	146.3	33.9	557.2	0
7.025	29	6	0	0	0	180.3	127.2	180.3	127.2	209.4	146.3	34.73	569.7	0
7.025	29	3	0	0	0	180	127.3	180	127.3	209.4	146.3	34.98	579.5	0
7.025	29	1	0	187.2	141.1	180.8	127.7	180.8	127.7	209.4	146.3	34.05	561.9	0
7.025	29	5	0	0	0	179.9	127.1	179.9	127.1	209.4	146.3	35.17	578.8	0
7.025	29	7	0	0	0	180.8	127.5	180.8	127.5	209.4	146.3	34.22	561.2	0
7.275	30	2	0	0	0	187.1	132.9	187.1	132.9	215.5	149.2	32.74	603.5	0
7.275	30	4	0	0	0	186.1	131.9	186.1	131.9	215.5	149.2	34.09	618	0
7.275	30	0	0	203.5	157.7	188.1	133.5	188.1	133.5	215.5	149.2	31.58	588.7	0
7.275	30	6	0	0	0	187.2	132.6	187.2	132.6	215.5	149.2	32.83	602.5	0
7.275	30	3	0	0	0	186.4	132.3	186.4	132.3	215.5	149.2	33.6	613.1	0
7.275	30	1	0	212.5	154.8	187.7	133.4	187.7	133.4	215.5	149.2	31.96	593.9	0
7.275	30	5	0	0	0	186.5	132.1	186.5	132.1	215.5	149.2	33.67	612.5	0
7.275	30	7	0	222.7	138.8	187.8	133.2	187.8	133.2	215.5	149.2	32.01	593.3	0
7.525	31	2	0	0	0	192.3	136.5	192.3	136.5	217	148.2	27.37	630.8	0
7.525	31	4	0	0	0	191.5	135.8	191.5	135.8	217	148.2	28.38	646.4	0
7.525	31	0	0	216.4	151.1	193.3	137	193.3	137	217	148.2	26.29	615	0
7.525	31	6	0	0	0	192.6	136.3	192.6	136.3	217	148.2	27.22	629.8	0
7.525	31	3	0	0	0	191.8	136.1	191.8	136.1	217	148.2	28.04	641.1	0
7.525	31	1	0	204	151.2	192.9	136.9	192.9	136.9	217	148.2	26.68	620.5	0
7.525	31	5	0	0	0	191.9	136	191.9	136	217	148.2	27.95	640.4	0
7.525	31	7	0	214.4	145.4	193.1	136.8	193.1	136.8	217	148.2	26.58	619.8	0
7.775	32	2	0	0	0	197.5	139.7	197.5	139.7	216.9	154.1	24.15	655	0
7.775	32	4	0	0	0	196.8	139.1	196.8	139.1	216.9	154.1	25.11	671.5	0
7.775	32	0	0	217.4	148.3	198.4	140	198.4	140	216.9	154.1	23.21	638.3	0
7.775	32	6	0	0	0	197.8	139.4	197.8	139.4	216.9	154.1	24.1	653.9	0
7.775	32	3	0	0	0	197	139.4	197	139.4	216.9	154.1	24.78	665.9	0
7.775	32	1	0	209.4	158.5	198.1	140	198.1	140	216.9	154.1	23.53	644.1	0
7.775	32	5	0	0	0	197.2	139.1	197.2	139.1	216.9	154.1	24.75	665.2	0
7.775	32	7	0	224.7	144.6	198.3	139.8	198.3	139.8	216.9	154.1	23.5	643.3	0
8.025	33	2	0	0	0	203.1	144.6	203.1	144.6	223	160.2	25.29	680.3	0
8.025	33	4	0	0	0	202.2	143.8	202.2	143.8	223	160.2	26.47	698	0
8.025	33	0	0	212.8	163.8	203.8	145.3	203.8	145.3	223	160.2	24.27	662.5	0
8.025	33	6	0	0	0	203	144.6	203	144.6	223	160.2	25.36	679.2	0
8.025	33	3	0	0	0	202.5	144.1	202.5	144.1	223	160.2	26.04	691.9	0
8.025	33	1	0	229.2	160.6	203.6	145	203.6	145	223	160.2	24.6	668.7	0
8.025	33	5	0	0	0	202.5	144.1	202.5	144.1	223	160.2	26.09	691.2	0
8.025	33	7	0	229.6	163.3	203.5	145.1	203.5	145.1	223	160.2	24.64	668	0
8.275	34	2	0	0	0	209	147	209	147	221.1	158.5	16.69	697	0
8.275	34	4	0	0	0	207.9	146.5	207.9	146.5	221.1	158.5	17.87	715.9	0
8.275	34	0	0	230.2	155	209.7	147.3	209.7	147.3	221.1	158.5	16.04	678.6	0
8.275	34	6	0	0	0	208.6	146.8	208.6	146.8	221.1	158.5	17.14	696.4	0
8.275	34	3	0	0	0	208.3	146.7	208.3	146.7	221.1	158.5	17.38	709.3	0
8.275	34	1	0	237	159.4	209.5	147.2	209.5	147.2	221.1	158.5	16.19	684.9	0
8.275	34	5	0	0	0	208.1	146.5	208.1	146.5	221.1	158.5	17.69	708.9	0
8.275	34	7	0	218.2	150.1	209.2	147.1	209.2	147.1	221.1	158.5	16.48	684.5	0
8.525	35	2	0	0	0	211.3	151.8	211.3	151.8	218.9	161.9	12.66	709.6	0
8.525	35	4	0	0	0	210.6	150.8	210.6	150.8	218.9	161.9	13.84	729.7	0
8.525	35	0	0	223.2	173.4	211.4	152.3	211.4	152.3	218.9	161.9	12.2	690.8	0
8.525	35	6	0	0	0	210.8	151.3	210.8	151.3	218.9	161.9	13.32	709.7	0
8.525	35	3	0	0	0	210.9	151.2	210.9	151.2	218.9	161.9	13.32	722.6	0
8.525	35	1	0	225.8	174.6	211.5	152.2	211.5	152.2	218.9	161.9	12.25	697.1	0
8.525	35	5	0	0	0	210.6	150.9	210.6	150.9	218.9	161.9	13.76	722.7	0
8.525	35	7	0	203.6	151.8	211.2	151.9	211.2	151.9	218.9	161.9	12.67	697.1	0
8.775	36	2	0	0	0	214.5	155.4	214.5	155.4	223	168.5	15.64	725.3	0
8.775	36	4	0	0	0	213.9	154.9	213.9	154.9	223	168.5	16.38	746.1	0
8.775	36	0	0	233.2	160.6	215	156.1	215	156.1	223	168.5	14.78	705.5	0
8.775	36	6	0	0	0	214.5	155.7	214.5	155.7	223	168.5	15.46	725.1	0
8.775	36	3	0	0	0	214.1	155.1	214.1	155.1	223	168.5	16.15	738.8	0
8.775	36	1	0	223.3	168.4	214.9	155.9	214.9	155.9	223	168.5	15.1	712.2	0
8.775	36	5	0	0	0	214.1	155.2	214.1	155.2	223	168.5	16.03	738.7	0
8.775	36	7	0	221.4	187.6	214.8	156	214.8	156	223	168.5	14.98	712.1	0
9.025	37	2	0	0	0	217.3	158.5	217.3	158.5	225.3	172.7	16.31	741.6	0
9.025	37	4	0	0	0	216.8	158	216.8	158	225.3	172.7	17.05	763.1	0
9.025	37	0	0	214.7	179.2	217.5	159	217.5	159	225.3	172.7	15.8	721.3	0
9.025	37	6	0	0	0	217	158.5	217	158.5	225.3	172.7	16.49	741.6	0
9.025	37	3	0	0	0	217	158.1	217	158.1	225.3	172.7	16.76	755.5	0
9.025	37	1	0	239.7	164.2	217.5	158.8	217.5	158.8	225.3	172.7	15.94	728.2	0
9.025	37	5	0	0	0	216.8	158.1	216.8	158.1	225.3	172.7	16.88	755.6	0
9.025	37	7	0	228.7	159.1	217.3	158.8	217.3	158.8	225.3	172.7	16.06	728.2	0
9.275	38	2	0	0	0	222.1	164.6	222.1	164.6	231.9	179.5	17.88	759.5	0
9.275	38	4	0	0	0	221.9	163.6	221.9	163.6	231.9	179.5	18.83	782	0
9.275	38	0	0	238.2	182.2	221.8	165.2	221.8	165.2	231.9	179.5	17.57	738.9	0
9.275	38	6	0	0	0	221.6	164.3	221.6	164.3	231.9	179.5	18.49	760.1	0
9.275	38	3	0	251.2	165.1	222.1	164	222.1	164	231.9	179.5	18.4	773.9	0
9.275	38	1	0	220	193.4	222	165	222	165	231.9	179.5	17.58	745.7	0
9.275	38	5	0	0	0	221.7	163.8	221.7	163.8	231.9	179.5	18.81	774.4	0
9.275	38	7	0	222.8	180.3	221.6	164.8	221.6	164.8	231.9	179.5	17.97	746.2	0
9.525	39	2	0	0	0	223.5	169.6	223.5	169.6	238.9	178.3	17.71	777.2	0
9.525	39	4	0	0	0	223.6	169.1	223.6	169.1	238.9	178.3	17.87	799.8	0
9.525	39	0	0	0	0	223.4	169.4	223.4	169.4	238.9	178.3	17.89	756.8	0
9.525	39	6	0	0	0	223.5	168.9	223.5	168.9	238.9	178.3	18.06	778.2	0
9.525	39	3	0	235.4	190.2	223.6	169.4	223.6	169.4	238.9	178.3	17.75	791.7	0
9.525	39	1	0	218.8	185.9	223.4	169.6	223.4	169.6	238.9	178.3	17.77	763.5	0
9.525	39	5	0	0	0	223.6	168.9	223.6	168.9	238.9	178.3	17.99	792.4	0
9.525	39	7	0	236.1	185.6	223.4	169.1	223.4	169.1	238.9	178.3	18	764.2	0
9.775	40	2	0	0	0	227.1	172	227.1	172	244.7	181.5	20.03	797.2	0
9.775	40	4	0	0	0	226.9	171.6	226.9	171.6	244.7	181.5	20.41	820.3	0
9.775	40	0	0	0	0	226.7	172.2	226.7	172.2	244.7	181.5	20.29	777.1	0
9.775	40	6	0	0	0	226.5	171.7	226.5	171.7	244.7	181.5	20.67	798.9	0
9.775	40	3	0	247.1	172.8	227.1	171.8	227.1	171.8	244.7	181.5	20.18	811.9	0
9.775	40	1	0	234.1	190.3	226.9	172.2	226.9	172.2	244.7	181.5	20.1	783.6	0
9.775	40	5	0	0	0	226.7	171.6	226.7	171.6	244.7	181.5	20.6	813	0
9.775	40	7	0	235.2	183.2	226.6	172	226.6	172	244.7	181.5	20.52	784.7	0
10.025	41	2	0	0	0	233.4	174.1	233.4	174.1	250.7	187.3	21.79	819	0
10.025	41	4	0	0	0	232.6	173.9	232.6	173.9	250.7	187.3	22.56	842.8	0
10.025	41	0	0	0	0	233.1	174.3	233.1	174.3	250.7	187.3	21.93	799	0
10.025	41	6	0	0	0	232.3	174.1	232.3	174.1	250.7	187.3	22.71	821.6	0
10.025	41	3	0	251.9	179.7	233	174	233	174	250.7	187.3	22.15	834	0
10.025	41	1	0	266.1	179.7	233.4	174.2	233.4	174.2	250.7	187.3	21.75	805.4	0
10.025	41	5	0	0	0	232.3	174	232.3	174	250.7	187.3	22.76	835.8	0
10.025	41	7	0	245.8	190.2	232.6	174.2	232.6	174.2	250.7	187.3	22.34	807	0
10.275	42	2	0	0	0	237.4	177.1	237.4	177.1	248.5	189.9	16.94	835.9	0
10.275	42	4	0	0	0	236.8	176.9	236.8	176.9	248.5	189.9	17.47	860.3	0
10.275	42	0	0	0	0	237.3	177.6	237.3	177.6	248.5	189.9	16.67	815.7	0
10.275	42	6	0	0	0	236.7	177.4	236.7	177.4	248.5	189.9	17.2	838.8	0
10.275	42	3	0	249	181.7	237.1	176.9	237.1	176.9	248.5	189.9	17.24	851.3	0
10.275	42	1	0	260.3	182.2	237.5	177.3	237.5	177.3	248.5	189.9	16.73	822.1	0
10.275	42	5	0	0	0	236.6	177.2	236.6	177.2	248.5	189.9	17.42	853.2	0
10.275	42	7	0	248.5	209.7	237	177.6	237	177.6	248.5	189.9	16.89	823.9	0
10.525	43	2	0	0	0	241.1	180.4	241.1	180.4	250.9	187.2	12.01	847.9	0
10.525	43	4	0	0	0	240.6	180.1	240.6	180.1	250.9	187.2	12.59	872.9	0
10.525	43	0	0	0	0	240.5	180.8	240.5	180.8	250.9	187.2	12.26	827.9	0
10.525	43	6	0	0	0	240	180.5	240	180.5	250.9	187.2	12.85	851.6	0
10.525	43	3	0	260.3	183	240.9	180.2	240.9	180.2	250.9	187.2	12.26	863.5	0
10.525	43	1	0	258.9	192.4	240.9	180.7	240.9	180.7	250.9	187.2	12.04	834.1	0
10.525	43	5	0	0	0	240.2	180.3	240.2	180.3	250.9	187.2	12.81	866	0
10.525	43	7	0	236.6	206.7	240.1	180.7	240.1	180.7	250.9	187.2	12.6	836.5	0
10.775	44	2	0	0	0	243.8	182.6	243.8	182.6	248.3	186.7	6.029	854	0
10.775	44	4	0	0	0	243.7	182.2	243.7	182.2	248.3	186.7	6.432	879.3	0
10.775	44	0	0	0	0	243.6	183	243.6	183	248.3	186.7	5.962	833.9	0
10.775	44	6	0	0	0	243.5	182.6	243.5	182.6	248.3	186.7	6.35	858	0
10.775	44	3	0	260.6	178.9	243.8	182.3	243.8	182.3	248.3	186.7	6.241	869.8	0
10.775	44	1	0	247.9	199.2	243.8	182.9	243.8	182.9	248.3	186.7	5.933	840.1	0
10.775	44	5	0	0	0	243.6	182.3	243.6	182.3	248.3	186.7	6.452	872.5	0
10.775	44	7	0	258.1	196	243.5	182.8	243.5	182.8	248.3	186.7	6.143	842.6	0
11.025	45	2	0	0	0	244.7	182.8	244.7	182.8	252.1	186.6	8.36	862.3	0
11.025	45	4	0	0	0	244.5	182.9	244.5	182.9	252.1	186.6	8.468	887.8	0
11.025	45	0	0	0	0	244.4	183.2	244.4	183.2	252.1	186.6	8.415	842.3	0
11.025	45	6	0	0	0	244.2	183.4	244.2	183.4	252.1	186.6	8.541	866.5	0
11.025	45	3	0	249.9	181.1	244.7	182.8	244.7	182.8	252.1	186.6	8.406	878.2	0
11.025	45	1	0	252.2	175.1	244.6	183	244.6	183	252.1	186.6	8.366	848.4	0
11.025	45	5	0	0	0	244.3	183.2	244.3	183.2	252.1	186.6	8.519	881	0
11.025	45	7	0	237.6	204.4	244.3	183.4	244.3	183.4	252.1	186.6	8.49	851.1	0
11.275	46	2	0	0	0	247	181.6	247	181.6	255.1	183.7	8.412	870.7	0
11.275	46	4	0	0	0	246.6	181.4	246.6	181.4	255.1	183.7	8.868	896.6	0
11.275	46	0	0	0	0	246.7	182.1	246.7	182.1	255.1	183.7	8.557	850.9	0
11.275	46	6	0	0	0	246.3	181.9	246.3	181.9	255.1	183.7	9.011	875.5	0
11.275	46	3	0	254.4	161.1	246.8	181.4	246.8	181.4	255.1	183.7	8.618	886.8	0
11.275	46	1	0	262.9	191.6	246.9	181.9	246.9	181.9	255.1	183.7	8.41	856.8	0
11.275	46	5	0	0	0	246.4	181.6	246.4	181.6	255.1	183.7	9.007	890	0
11.275	46	7	0	244.4	179.4	246.5	182.1	246.5	182.1	255.1	183.7	8.807	859.9	0
11.525	47	2	0	0	0	250.3	184	250.3	184	260.1	186.3	10.04	880.8	0
11.525	47	4	0	0	0	250.1	183.8	250.1	183.8	260.1	186.3	10.27	906.9	0
11.525	47	0	0	0	0	250.6	183.6	250.6	183.6	260.1	186.3	9.811	860.7	0
11.525	47	6	0	0	0	250.5	183.4	250.5	183.4	260.1	186.3	10.04	885.6	0
11.525	47	3	0	258.7	199.2	250.1	184	250.1	184	260.1	186.3	10.19	897	0
11.525	47	1	0	256.8	190.4	250.5	183.8	250.5	183.8	260.1	186.3	9.89	866.7	0
11.525	47	5	0	0	0	250.2	183.6	250.2	183.6	260.1	186.3	10.19	900.2	0
11.525	47	7	0	283.1	179.9	250.6	183.4	250.6	183.4	260.1	186.3	9.892	869.8	0
11.775	48	2	0	0	0	251.7	184.2	251.7	184.2	262.1	185.1	10.48	891.3	0
11.775	48	4	0	0	0	251.9	184	251.9	184	262.1	185.1	10.27	917.2	0
11.775	48	0	0	0	0	251.7	184.1	251.7	184.1	262.1	185.1	10.5	871.2	0
11.775	48	6	0	0	0	251.9	183.8	251.9	183.8	262.1	185.1	10.29	895.9	0
11.775	48	3	0	264.7	183.1	251.8	184.1	251.8	184.1	262.1	185.1	10.37	907.4	0
11.775	48	1	0	241.1	194.1	251.6	184.2	251.6	184.2	262.1	185.1	10.53	877.3	0
11.775	48	5	0	0	0	251.9	183.8	251.9	183.8	262.1	185.1	10.24	910.4	0
11.775	48	7	0	268.2	175.7	251.8	183.9	251.8	183.9	262.1	185.1	10.4	880.2	0
12.025	49	2	0	0	0	255.9	182.4	255.9	182.4	261.7	184.6	6.196	897.5	0
12.025	49	4	0	0	0	255.2	182.6	255.2	182.6	261.7	184.6	6.774	924	0
12.025	49	0	0	0	0	256	182.7	256	182.7	261.7	184.6	6.043	877.2	0
12.025	49	6	0	0	0	255.3	183	255.3	183	261.7	184.6	6.642	902.5	0
12.025	49	3	0	259.9	174.1	255.6	182.5	255.6	182.5	261.7	184.6	6.501	913.9	0
12.025	49	1	0	284.6	172.7	256	182.5	256	182.5	261.7	184.6	6.031	883.3	0
12.025	49	5	0	0	0	255.1	182.8	255.1	182.8	261.7	184.6	6.802	917.2	0
12.025	49	7	0	264.4	189.6	255.6	182.9	255.6	182.9	261.7	184.6	6.314	886.6	0
12.275	50	2	0	0	0	256.4	182.9	256.4	182.9	260.7	188.1	6.778	904.2	0
12.275	50	4	0	0	0	256.3	182.9	256.3	182.9	260.7	188.1	6.823	930.8	0
12.275	50	0	0	0	0	256	183.5	256	183.5	260.7	188.1	6.63	883.9	0
12.275	50	6	0	0	0	255.8	183.5	255.8	183.5	260.7	188.1	6.684	909.2	0
12.275	50	3	0	265.1	176.1	256.4	182.8	256.4	182.8	260.7	188.1	6.828	920.7	0
12.275	50	1	0	258.7	182.1	256.2	183.2	256.2	183.2	260.7	188.1	6.689	890	0
12.275	50	5	0	0	0	256	183.2	256	183.2	260.7	188.1	6.753	924	0
12.275	50	7	0	246.8	202.7	255.8	183.6	255.8	183.6	260.7	188.1	6.64	893.2	0
12.525	51	2	0	0	0	256.6	186	256.6	186	259.9	194.6	9.236	913.5	0
12.525	51	4	0	0	0	256.7	185.7	256.7	185.7	259.9	194.6	9.505	940.3	0
12.525	51	0	0	0	0	256.4	185.9	256.4	185.9	259.9	194.6	9.413	893.3	0
12.525	51	6	0	0	0	256.6	185.5	256.6	185.5	259.9	194.6	9.688	918.9	0
12.525	51	3	0	263.7	195.6	256.7	185.9	256.7	185.9	259.9	194.6	9.34	930	0
12.525	51	1	0	249.7	200.3	256.5	186	256.5	186	259.9	194.6	9.284	899.3	0
12.525	51	5	0	0	0	256.7	185.6	256.7	185.6	259.9	194.6	9.641	933.6	0
12.525	51	7	0	262.4	189.1	256.5	185.7	256.5	185.7	259.9	194.6	9.576	902.8	0
12.775	52	2	0	0	0	259	186.1	259	186.1	264.1	195.4	10.56	924	0
12.775	52	4	0	0	0	258.5	185.9	258.5	185.9	264.1	195.4	10.98	951.3	0
12.775	52	0	0	0	0	258.9	186.5	258.9	186.5	264.1	195.4	10.28	903.6	0
12.775	52	6	0	0	0	258.4	186.3	258.4	186.3	264.1	195.4	10.7	929.6	0
12.775	52	3	0	259.7	178.1	258.8	186	258.8	186	264.1	195.4	10.81	940.8	0
12.775	52	1	0	280.7	192.5	259.1	186.3	259.1	186.3	264.1	195.4	10.36	909.6	0
12.775	52	5	0	0	0	258.4	186.1	258.4	186.1	264.1	195.4	10.91	944.5	0
12.775	52	7	0	257.7	195	258.7	186.4	258.7	186.4	264.1	195.4	10.45	913.2	0
13.025	53	2	0	0	0	262.8	190.3	262.8	190.3	266.3	197.6	8.12	932.2	0
13.025	53	4	0	0	0	262.4	190	262.4	190	266.3	197.6	8.493	959.8	0
13.025	53	0	0	0	0	262.5	189.8	262.5	189.8	266.3	197.6	8.651	912.2	0
13.025	53	6	0	0	0	262.1	189.6	262.1	189.6	266.3	197.6	9.042	938.6	0
13.025	53	3	0	280.3	213.4	262.6	190.2	262.6	190.2	266.3	197.6	8.22	949.1	0
13.025	53	1	0	275.6	199.2	262.7	190.1	262.7	190.1	266.3	197.6	8.327	918	0
13.025	53	5	0	0	0	262.2	189.8	262.2	189.8	266.3	197.6	8.828	953.4	0
13.025	53	7	0	272.1	196.8	262.3	189.6	262.3	189.6	266.3	197.6	8.928	922.1	0
13.275	54	2	0	0	0	263.3	193.4	263.3	193.4	264.6	202.3	8.95	941.1	0
13.275	54	4	0	0	0	262.9	193	262.9	193	264.6	202.3	9.438	969.2	0
13.275	54	0	0	0	0	263.9	193.5	263.9	193.5	264.6	202.3	8.818	921	0
13.275	54	6	0	0	0	263.4	193.1	263.4	193.1	264.6	202.3	9.284	947.9	0
13.275	54	3	0	248.7	200	263	193.2	263	193.2	264.6	202.3	9.213	958.3	0
13.275	54	1	0	281.3	209.5	263.7	193.5	263.7	193.5	264.6	202.3	8.81	926.8	0
13.275	54	5	0	0	0	263.1	193	263.1	193	264.6	202.3	9.436	962.8	0
13.275	54	7	0	273.3	209.1	263.7	193.3	263.7	193.3	264.6	202.3	9.026	931.2	0
13.525	55	2	0	0	0	262	197	262	197	262.9	203.3	6.418	947.5	0
13.525	55	4	0	0	0	261.9	196.4	261.9	196.4	262.9	203.3	7.002	976.2	0
13.525	55	0	0	0	0	262.2	197.4	262.2	197.4	262.9	203.3	5.931	927	0
13.525	55	6	0	0	0	262.2	196.9	262.2	196.9	262.9	203.3	6.507	954.4	0
13.525	55	3	0	250.6	196	261.9	196.6	261.9	196.6	262.9	203.3	6.783	965.1	0
13.525	55	1	0	263.7	219	262.1	197.3	262.1	197.3	262.9	203.3	6.087	932.8	0
13.525	55	5	0	0	0	262	196.5	262	196.5	262.9	203.3	6.847	969.6	0
13.525	55	7	0	258	221	262.2	197.2	262.2	197.2	262.9	203.3	6.139	937.3	0
13.775	56	2	0	0	0	264.6	197.1	264.6	197.1	262.7	209.9	12.89	960.4	0
13.775	56	4	0	0	0	264.1	197.4	264.1	197.4	262.7	209.9	12.52	988.7	0
13.775	56	0	0	0	0	264.2	196.9	264.2	196.9	262.7	209.9	13.05	940	0
13.775	56	6	0	0	0	263.7	197.2	263.7	197.2	262.7	209.9	12.7	967.1	0
13.775	56	3	0	273.8	210.6	264.4	197.3	264.4	197.3	262.7	209.9	12.68	977.7	0
13.775	56	1	0	284.5	182.5	264.5	197	264.5	197	262.7	209.9	13.03	945.9	0
13.775	56	5	0	0	0	263.8	197.4	263.8	197.4	262.7	209.9	12.55	982.2	0
13.775	56	7	0	252	201.7	263.9	197	263.9	197	262.7	209.9	12.9	950.2	0
14.025	57	2	0	0	0	264.6	200.5	264.6	200.5	262.6	208.1	7.829	968.2	0
14.025	57	4	0	0	0	264.5	200.4	264.5	200.4	262.6	208.1	7.987	996.7	0
14.025	57	0	0	0	0	264.6	200.6	264.6	200.6	262.6	208.1	7.811	947.8	0
14.025	57	6	0	0	0	264.5	200.4	264.5	200.4	262.6	208.1	7.971	975.1	0
14.025	57	3	0	265.1	212	264.6	200.5	264.6	200.5	262.6	208.1	7.909	985.6	0
14.025	57	1	0	267.4	209.4	264.6	200.6	264.6	200.6	262.6	208.1	7.796	953.7	0
14.025	57	5	0	0	0	264.5	200.3	264.5	200.3	262.6	208.1	8.005	990.2	0
14.025	57	7	0	265.7	218.6	264.5	200.5	264.5	200.5	262.6	208.1	7.886	958.1	0
14.275	58	2	0	0	0	265.6	204.6	265.6	204.6	268.3	213.7	9.509	977.8	0
14.275	58	4	0	0	0	265.8	204.2	265.8	204.2	268.3	213.7	9.739	1006	0
14.275	58	0	0	0	0	265.2	204.3	265.2	204.3	268.3	213.7	9.884	957.7	0
14.275	58	6	0	0	0	265.4	204	265.4	204	268.3	213.7	10.11	985.2	0
14.275	58	3	0	283.3	222.5	265.8	204.4	265.8	204.4	268.3	213.7	9.564	995.2	0
14.275	58	1	0	254.1	216.7	265.3	204.5	265.3	204.5	268.3	213.7	9.661	963.3	0
14.275	58	5	0	0	0	265.7	204.1	265.7	204.1	268.3	213.7	9.963	1000	0
14.275	58	7	0	268.6	215.6	265.2	204.1	265.2	204.1	268.3	213.7	10.05	968.1	0
14.525	59	2	0	0	0	265	208.6	265	208.6	274.3	220.4	15.05	992.8	0
14.525	59	4	0	0	0	265.1	208.4	265.1	208.4	274.3	220.4	15.09	1022	0
14.525	59	0	0	0	0	265.1	208.4	265.1	208.4	274.3	220.4	15.13	972.8	0
14.525	59	6	0	0	0	265.2	208.3	265.2	208.3	274.3	220.4	15.18	1000	0
14.525	59	3	0	262.9	229.7	265	208.5	265	208.5	274.3	220.4	15.05	1010	0
14.525	59	1	0	261.3	213.3	265	208.5	265	208.5	274.3	220.4	15.08	978.4	0
14.525	59	5	0	0	0	265.2	208.3	265.2	208.3	274.3	220.4	15.14	1015	0
14.525	59	7	0	267.6	230.9	265.1	208.3	265.1	208.3	274.3	220.4	15.17	983.3	0
14.775	60	2	0	0	0	269.2	209.4	269.2	209.4	280.6	221.2	16.39	1009	0
14.775	60	4	0	0	0	268.8	209.6	268.8	209.6	280.6	221.2	16.59	1038	0
14.775	60	0	0	0	0	268.7	209	268.7	209	280.6	221.2	17.04	989.9	0
14.775	60	6	0	0	0	268.3	209.1	268.3	209.1	280.6	221.2	17.26	1018	0
14.775	60	3	0	287.5	224.2	269.1	209.5	269.1	209.5	280.6	221.2	16.39	1027	0
14.775	60	1	0	287.3	201.9	269.1	209.1	269.1	209.1	280.6	221.2	16.68	995.1	0
14.775	60	5	0	0	0	268.5	209.4	268.5	209.4	280.6	221.2	16.96	1032	0
14.775	60	7	0	0	0	268.4	209	268.4	209	280.6	221.2	17.26	1001	0
15.025	61	2	0	0	0	271.6	212.1	271.6	212.1	278.6	225	14.66	1024	0
15.025	61	4	0	0	0	271.2	211.7	271.2	211.7	278.6	225	15.21	1053	0
15.025	61	0	0	0	0	271.6	212.3	271.6	212.3	278.6	225	14.5	1004	0
15.025	61	6	0	0	0	271.2	211.9	271.2	211.9	278.6	225	15.05	1033	0
15.025	61	3	0	276.4	213.5	271.4	211.9	271.4	211.9	278.6	225	14.96	1042	0
15.025	61	1	0	286.8	228.9	271.7	212.3	271.7	212.3	278.6	225	14.5	1010	0
15.025	61	5	0	0	0	271.1	211.8	271.1	211.8	278.6	225	15.22	1047	0
15.025	61	7	0	280.7	226.9	271.4	212.2	271.4	212.2	278.6	225	14.74	1015	0
15.275	62	2	0	0	0	274	218.1	274	218.1	282.1	230.7	14.97	1039	0
15.275	62	4	0	0	0	273.5	217.9	273.5	217.9	282.1	230.7	15.39	1069	0
15.275	62	0	0	0	0	273.8	217.7	273.8	217.7	282.1	230.7	15.38	1020	0
15.275	62	6	0	0	0	273.3	217.5	273.3	217.5	282.1	230.7	15.81	1049	0
15.275	62	3	0	281.7	232.4	273.8	218.1	273.8	218.1	282.1	230.7	15.11	1057	0
15.275	62	1	0	290.9	243.5	274	217.9	274	217.9	282.1	230.7	15.11	1025	0
15.275	62	5	0	271.6	237.2	273.3	217.7	273.3	217.7	282.1	230.7	15.66	1063	0
15.275	62	7	0	0	0	273.5	217.6	273.5	217.6	282.1	230.7	15.67	1031	0
15.525	63	2	0	0	0	276.3	220.9	276.3	220.9	286.1	234.9	17.07	1056	0
15.525	63	4	0	0	0	276.2	220.9	276.2	220.9	286.1	234.9	17.18	1086	0
15.525	63	0	0	0	0	275.8	220.2	275.8	220.2	286.1	234.9	17.93	1038	0
15.525	63	6	0	0	0	275.7	220.2	275.7	220.2	286.1	234.9	18.04	1067	0
15.525	63	3	0	294.4	247.1	276.3	221	276.3	221	286.1	234.9	17	1074	0
15.525	63	1	0	280.8	221.2	276.1	220.6	276.1	220.6	286.1	234.9	17.48	1042	0
15.525	63	5	0	276.4	220.4	275.9	220.5	275.9	220.5	286.1	234.9	17.63	1081	0
15.525	63	7	0	0	0	275.7	220.1	275.7	220.1	286.1	234.9	18.12	1049	0
15.775	64	2	0	0	0	280.1	223	280.1	223	290.3	235.9	16.45	1072	0
15.775	64	4	0	0	0	280.1	222.9	280.1	222.9	290.3	235.9	16.55	1102	0
15.775	64	0	0	0	0	279.9	222.6	279.9	222.6	290.3	235.9	16.93	1055	0
15.775	64	6	0	0	0	279.9	222.5	279.9	222.5	290.3	235.9	17.04	1084	0
15.775	64	3	0	287.5	237.5	280.2	223	280.2	223	290.3	235.9	16.43	1090	0
15.775	64	1	0	296.4	229.3	280	222.8	280	222.8	290.3	235.9	16.67	1059	0
15.775	64	5	0	297.6	223.5	280	222.7	280	222.7	290.3	235.9	16.81	1098	0
15.775	64	7	0	0	0	279.9	222.5	279.9	222.5	290.3	235.9	17.06	1066	0
16.025	65	2	0	0	0	281.8	227	281.8	227	287.8	237	11.67	1084	0
16.025	65	4	0	0	0	282.1	226.9	282.1	226.9	287.8	237	11.62	1114	0
16.025	65	0	0	0	0	281	226.9	281	226.9	287.8	237	12.19	1067	0
16.025	65	6	0	0	0	281.4	226.7	281.4	226.7	287.8	237	12.12	1096	0
16.025	65	3	0	309.9	231	282.1	227	282.1	227	287.8	237	11.57	1102	0
16.025	65	1	0	267.6	249	281.4	227	281.4	227	287.8	237	11.94	1071	0
16.025	65	5	0	282	243.6	281.8	226.8	281.8	226.8	287.8	237	11.86	1109	0
16.025	65	7	0	0	0	281.1	226.8	281.1	226.8	287.8	237	12.24	1078	0
16.275	66	2	0	0	0	284.5	231.2	284.5	231.2	290.1	239.4	9.891	1094	0
16.275	66	4	0	0	0	284.8	230.6	284.8	230.6	290.1	239.4	10.27	1124	0
16.275	66	0	0	0	0	284.1	230.9	284.1	230.9	290.1	239.4	10.41	1077	0
16.275	66	6	0	0	0	284.4	230.2	284.4	230.2	290.1	239.4	10.79	1106	0
16.275	66	3	0	296.9	244.6	284.7	231	284.7	231	290.1	239.4	9.999	1112	0
16.275	66	1	0	287.7	256.6	284.3	231.2	284.3	231.2	290.1	239.4	10.09	1081	0
16.275	66	5	0	297.8	230.7	284.6	230.3	284.6	230.3	290.1	239.4	10.59	1120	0
16.275	66	7	0	0	0	284.2	230.5	284.2	230.5	290.1	239.4	10.68	1089	0
16.525	67	2	0	0	0	284.6	232.9	284.6	232.9	294	241.4	12.69	1107	0
16.525	67	4	0	0	0	284.5	232.5	284.5	232.5	294	241.4	13.03	1137	0
16.525	67	0	0	0	0	284.7	233	284.7	233	294	241.4	12.56	1090	0
16.525	67	6	0	0	0	284.6	232.6	284.6	232.6	294	241.4	12.91	1119	0
16.525	67	3	0	278	229.8	284.5	232.7	284.5	232.7	294	241.4	12.88	1125	0
16.525	67	1	0	291.5	251.9	284.7	233	284.7	233	294	241.4	12.57	1093	0
16.525	67	5	0	286.5	237.5	284.6	232.5	284.6	232.5	294	241.4	13.02	1133	0
16.525	67	7	0	0	0	284.7	232.8	284.7	232.8	294	241.4	12.71	1102	0
16.775	68	2	0	0	0	285.1	236.3	285.1	236.3	295.3	245	13.37	1120	0
16.775	68	4	0	0	0	284.7	236.2	284.7	236.2	295.3	245	13.78	1151	0
16.775	68	0	0	0	0	285.1	236.1	285.1	236.1	295.3	245	13.57	1103	0
16.775	68	6	0	0	0	284.7	235.9	284.7	235.9	295.3	245	13.99	1133	0
16.775	68	3	0	287	246.8	284.9	236.3	284.9	236.3	295.3	245	13.54	1138	0
16.775	68	1	0	293.7	250.9	285.2	236.2	285.2	236.2	295.3	245	13.41	1107	0
16.775	68	5	0	276.9	245.6	284.6	236	284.6	236	295.3	245	13.95	1147	0
16.775	68	7	0	0	0	284.9	235.9	284.9	235.9	295.3	245	13.82	1116	0
17.025	69	2	0	0	0	289.4	237.9	289.4	237.9	302.1	252	19.05	1139	0
17.025	69	4	0	0	0	289	237.3	289	237.3	302.1	252	19.71	1171	0
17.025	69	0	0	0	0	289.1	237.7	289.1	237.7	302.1	252	19.37	1123	0
17.025	69	6	0	0	0	288.7	237.1	288.7	237.1	302.1	252	20.05	1153	0
17.025	69	3	0	301	242.7	289.3	237.6	289.3	237.6	302.1	252	19.33	1157	0
17.025	69	1	0	310.6	254.4	289.3	237.9	289.3	237.9	302.1	252	19.1	1126	0
17.025	69	5	0	298.2	229.5	288.8	237.1	288.8	237.1	302.1	252	19.98	1167	0
17.025	69	7	0	0	0	288.8	237.4	288.8	237.4	302.1	252	19.76	1135	0
17.275	70	2	0	0	0	291.8	241.3	291.8	241.3	302.4	251.2	14.52	1154	0
17.275	70	4	0	0	0	292.2	241.8	292.2	241.8	302.4	251.2	13.88	1185	0
17.275	70	0	0	0	0	291.6	240.6	291.6	240.6	302.4	251.2	15.21	1138	0
17.275	70	6	0	0	0	292	241.1	292	241.1	302.4	251.2	14.56	1168	0
17.275	70	3	0	299.6	270.5	292	241.7	292	241.7	302.4	251.2	14.1	1172	0
17.275	70	1	0	293.2	233.8	291.6	240.9	291.6	240.9	302.4	251.2	14.96	1141	0
17.275	70	5	0	312.2	256.2	292.2	241.5	292.2	241.5	302.4	251.2	14.11	1181	0
17.275	70	7	0	0	0	291.7	240.7	291.7	240.7	302.4	251.2	15	1150	0
17.525	71	2	0	0	0	296.8	246.2	296.8	246.2	307.4	254.5	13.52	1167	0
17.525	71	4	0	0	0	296.6	246.6	296.6	246.6	307.4	254.5	13.37	1198	0
17.525	71	0	0	0	0	296.6	245.8	296.6	245.8	307.4	254.5	13.89	1152	0
17.525	71	6	0	0	0	296.5	246.2	296.5	246.2	307.4	254.5	13.73	1182	0
17.525	71	3	0	301.7	258.7	296.7	246.5	296.7	246.5	307.4	254.5	13.39	1185	0
17.525	71	1	0	322.4	257.5	296.7	245.9	296.7	245.9	307.4	254.5	13.73	1155	0
17.525	71	5	0	315.1	274.1	296.5	246.5	296.5	246.5	307.4	254.5	13.52	1195	0
17.525	71	7	0	0	0	296.5	246	296.5	246	307.4	254.5	13.87	1164	0
17.775	72	2	0	0	0	297.2	248.1	297.2	248.1	304.9	253.1	9.141	1176	0
17.775	72	4	0	0	0	297	248.6	297	248.6	304.9	253.1	9.1	1207	0
17.775	72	0	0	0	0	297.3	248.2	297.3	248.2	304.9	253.1	9.037	1161	0
17.775	72	6	0	0	0	297	248.7	297	248.7	304.9	253.1	8.997	1191	0
17.775	72	3	0	293.9	243.4	297.1	248.4	297.1	248.4	304.9	253.1	9.132	1194	0
17.775	72	1	0	307	252.1	297.3	248.1	297.3	248.1	304.9	253.1	9.099	1164	0
17.775	72	5	0	295.9	272.9	296.9	248.8	296.9	248.8	304.9	253.1	9.046	1204	0
17.775	72	7	0	0	0	297.2	248.5	297.2	248.5	304.9	253.1	8.996	1173	0
18.025	73	2	0	0	0	299.6	250.1	299.6	250.1	306.2	252.1	6.91	1183	0
18.025	73	4	0	0	0	299.6	250.5	299.6	250.5	306.2	252.1	6.819	1214	0
18.025	73	0	0	0	0	299.2	250	299.2	250	306.2	252.1	7.263	1168	0
18.025	73	6	0	0	0	299.2	250.4	299.2	250.4	306.2	252.1	7.17	1198	0
18.025	73	3	0	313	253.8	299.6	250.3	299.6	250.3	306.2	252.1	6.809	1201	0
18.025	73	1	0	303.6	251.5	299.4	250	299.4	250	306.2	252.1	7.1	1171	0
18.025	73	5	0	304.6	264.4	299.4	250.5	299.4	250.5	306.2	252.1	6.98	1211	0
18.025	73	7	0	0	0	299.2	250.2	299.2	250.2	306.2	252.1	7.271	1181	0
18.275	74	2	0	0	0	300.8	253.1	300.8	253.1	303.3	253.8	2.595	1186	0
18.275	74	4	0	0	0	300.4	252.7	300.4	252.7	303.3	253.8	3.075	1217	0
18.275	74	0	0	0	0	300.8	252.6	300.8	252.6	303.3	253.8	2.812	1171	0
18.275	74	6	0	0	0	300.4	252.2	300.4	252.2	303.3	253.8	3.341	1201	0
18.275	74	3	0	300.6	272.8	300.6	253	300.6	253	303.3	253.8	2.802	1204	0
18.275	74	1	0	314.6	263.6	300.9	252.9	300.9	252.9	303.3	253.8	2.615	1173	0
18.275	74	5	0	299.2	245.1	300.4	252.4	300.4	252.4	303.3	253.8	3.278	1214	0
18.275	74	7	0	0	0	300.6	252.3	300.6	252.3	303.3	253.8	3.12	1184	0
18.525	75	2	0	0	0	303	253.9	303	253.9	304	256.9	3.192	1189	0
18.525	75	4	0	0	0	302.6	253.6	302.6	253.6	304	256.9	3.587	1221	0
18.525	75	0	0	0	0	302.8	253.4	302.8	253.4	304	256.9	3.716	1175	0
18.525	75	6	0	0	0	302.4	253.1	302.4	253.1	304	256.9	4.119	1205	0
18.525	75	3	0	309.6	271.5	302.8	253.8	302.8	253.8	304	256.9	3.307	1207	0
18.525	75	1	0	317.4	253.8	302.9	253.7	302.9	253.7	304	256.9	3.391	1177	0
18.525	75	5	0	302.4	243.6	302.4	253.3	302.4	253.3	304	256.9	3.914	1218	0
18.525	75	7	0	0	0	302.6	253.2	302.6	253.2	304	256.9	4	1188	0
18.775	76	2	0	0	0	302.8	252.8	302.8	252.8	303.3	254.7	1.893	1191	0
18.775	76	4	0	0	0	303	252.8	303	252.8	303.3	254.7	1.929	1223	0
18.775	76	0	0	0	0	302.5	252.8	302.5	252.8	303.3	254.7	2.021	1177	0
18.775	76	6	0	0	0	302.7	252.7	302.7	252.7	303.3	254.7	2.028	1207	0
18.775	76	3	0	315.5	251.9	303	252.8	303	252.8	303.3	254.7	1.896	1209	0
18.775	76	1	0	292	250.5	302.6	252.8	302.6	252.8	303.3	254.7	1.948	1179	0
18.775	76	5	0	300.7	248.3	302.9	252.7	302.9	252.7	303.3	254.7	1.977	1220	0
18.775	76	7	0	0	0	302.5	252.8	302.5	252.8	303.3	254.7	2.044	1190	0
19.025	77	2	0	0	0	304.1	251.8	304.1	251.8	303.9	254.8	2.995	1194	0
19.025	77	4	0	0	0	304.3	251.8	304.3	251.8	303.9	254.8	2.999	1226	0
19.025	77	0	0	0	0	303.9	252.1	303.9	252.1	303.9	254.8	2.71	1179	0
19.025	77	6	0	0	0	304.2	252.1	304.2	252.1	303.9	254.8	2.703	1210	0
19.025	77	3	0	308.3	240.8	304.2	251.7	304.2	251.7	303.9	254.8	3.038	1212	0
19.025	77	1	0	303.7	252.7	304	251.9	304	251.9	303.9	254.8	2.856	1182	0
19.025	77	5	0	314.6	253.9	304.3	251.9	304.3	251.9	303.9	254.8	2.854	1223	0
19.025	77	7	0	0	0	304	252.1	304	252.1	303.9	254.8	2.657	1192	0
19.275	78	2	0	0	0	300.7	252.8	300.7	252.8	302	259.3	6.584	1200	0
19.275	78	4	0	0	0	301	252.7	301	252.7	302	259.3	6.705	1232	0
19.275	78	0	0	0	0	301.2	252.8	301.2	252.8	302	259.3	6.511	1186	0
19.275	78	6	0	0	0	301.5	252.6	301.5	252.6	302	259.3	6.659	1217	0
19.275	78	3	0	281.1	254.1	300.8	252.8	300.8	252.8	302	259.3	6.655	1219	0
19.275	78	1	0	289.9	260.1	300.9	252.9	300.9	252.9	302	259.3	6.524	1188	0
19.275	78	5	0	301.5	252.6	301.3	252.6	301.3	252.6	302	259.3	6.7	1229	0
19.275	78	7	0	0	0	301.4	252.7	301.4	252.7	302	259.3	6.577	1199	0
19.525	79	2	0	0	0	300.2	255.9	300.2	255.9	302.9	261	5.803	1206	0
19.525	79	4	0	0	0	300.7	255.7	300.7	255.7	302.9	261	5.726	1238	0
19.525	79	0	0	0	0	300.3	255.6	300.3	255.6	302.9	261	5.993	1192	0
19.525	79	6	0	0	0	300.8	255.5	300.8	255.5	302.9	261	5.93	1223	0
19.525	79	3	0	299.5	265.1	300.5	255.8	300.5	255.8	302.9	261	5.729	1224	0
19.525	79	1	0	287.6	268.9	300.2	255.8	300.2	255.8	302.9	261	5.911	1194	0
19.525	79	5	0	308.6	263.1	300.9	255.6	300.9	255.6	302.9	261	5.82	1235	0
19.525	79	7	0	0	0	300.6	255.5	300.6	255.5	302.9	261	5.987	1205	0
19.775	80	2	0	0	0	301.9	255.6	301.9	255.6	308.7	265	11.64	1218	0
19.775	80	4	0	0	0	301.7	255.7	301.7	255.7	308.7	265	11.65	1250	0
19.775	80	0	0	0	0	302	255.5	302	255.5	308.7	265	11.61	1204	0
19.775	80	6	0	0	0	301.8	255.7	301.8	255.7	308.7	265	11.61	1234	0
19.775	80	3	0	297.9	256.2	301.8	255.6	301.8	255.6	308.7	265	11.65	1236	0
19.775	80	1	0	317.2	251.1	302	255.5	302	255.5	308.7	265	11.62	1206	0
19.775	80	5	0	304.8	259.1	301.7	255.7	301.7	255.7	308.7	265	11.63	1247	0
19.775	80	7	0	0	0	301.9	255.6	301.9	255.6	308.7	265	11.6	1217	0
20.025	81	2	0	0	0	303.9	255.3	303.9	255.3	314.2	268.1	16.4	1234	0
20.025	81	4	0	0	0	304.2	255.3	304.2	255.3	314.2	268.1	16.27	1266	0
20.025	81	0	0	0	0	303.5	255.5	303.5	255.5	314.2	268.1	16.57	1220	0
20.025	81	6	0	0	0	303.7	255.5	303.7	255.5	314.2	268.1	16.42	1251	0
20.025	81	3	0	322.6	248.3	304.1	255.3	304.1	255.3	314.2	268.1	16.31	1252	0
20.025	81	1	0	298.5	258.9	303.7	255.4	303.7	255.4	314.2	268.1	16.5	1222	0
20.025	81	5	0	309.9	257.1	304	255.4	304	255.4	314.2	268.1	16.32	1263	0
20.025	81	7	0	0	0	303.5	255.5	303.5	255.5	314.2	268.1	16.52	1233	0
20.275	82	2	0	0	0	304.7	258	304.7	258	312.5	271.3	15.47	1250	0
20.275	82	4	0	0	0	304.6	258.2	304.6	258.2	312.5	271.3	15.35	1281	0
20.275	82	0	0	0	0	305	257.8	305	257.8	312.5	271.3	15.49	1236	0
20.275	82	6	0	0	0	304.8	258	304.8	258	312.5	271.3	15.37	1266	0
20.275	82	3	0	294	264.5	304.6	258.1	304.6	258.1	312.5	271.3	15.41	1268	0
20.275	82	1	0	318.9	263.5	304.9	257.9	304.9	257.9	312.5	271.3	15.5	1238	0
20.275	82	5	0	311.9	272.9	304.7	258.2	304.7	258.2	312.5	271.3	15.34	1278	0
20.275	82	7	0	0	0	304.9	257.9	304.9	257.9	312.5	271.3	15.43	1248	0
20.525	83	2	0	0	0	304.5	262	304.5	262	310.6	272.7	12.3	1262	0
20.525	83	4	0	0	0	304.3	262.2	304.3	262.2	310.6	272.7	12.25	1294	0
20.525	83	0	0	0	0	304.7	261.7	304.7	261.7	310.6	272.7	12.55	1248	0
20.525	83	6	0	0	0	304.5	261.9	304.5	261.9	310.6	272.7	12.49	1279	0
20.525	83	3	0	299.1	275.6	304.4	262.2	304.4	262.2	310.6	272.7	12.24	1280	0
20.525	83	1	0	311	271.4	304.7	261.8	304.7	261.8	310.6	272.7	12.43	1250	0
20.525	83	5	0	301	279.4	304.3	262.1	304.3	262.1	310.6	272.7	12.36	1291	0
20.525	83	7	0	0	0	304.6	261.7	304.6	261.7	310.6	272.7	12.56	1261	0
20.775	84	2	0	0	0	305	264.3	305	264.3	308.8	274	10.35	1272	0
20.775	84	4	0	0	0	305.3	264.8	305.3	264.8	308.8	274	9.776	1303	0
20.775	84	0	0	0	0	304.8	264.2	304.8	264.2	308.8	274	10.57	1259	0
20.775	84	6	0	0	0	305.1	264.7	305.1	264.7	308.8	274	9.977	1289	0
20.775	84	3	0	312.2	269.4	305.2	264.6	305.2	264.6	308.8	274	10.03	1290	0
20.775	84	1	0	297.2	265.1	304.8	264.2	304.8	264.2	308.8	274	10.55	1261	0
20.775	84	5	0	310.9	285.5	305.2	264.9	305.2	264.9	308.8	274	9.784	1301	0
20.775	84	7	0	0	0	304.9	264.4	304.9	264.4	308.8	274	10.31	1271	0
21.025	85	2	0	0	0	307.5	264.6	307.5	264.6	310.5	280.8	16.5	1289	0
21.025	85	4	0	0	0	307.7	264.9	307.7	264.9	310.5	280.8	16.2	1320	0
21.025	85	0	0	0	0	307.2	264.4	307.2	264.4	310.5	280.8	16.79	1275	0
21.025	85	6	0	0	0	307.3	264.6	307.3	264.6	310.5	280.8	16.49	1305	0
21.025	85	3	0	321.4	273.2	307.7	264.8	307.7	264.8	310.5	280.8	16.31	1306	0
21.025	85	1	0	310	255.7	307.3	264.4	307.3	264.4	310.5	280.8	16.69	1277	0
21.025	85	5	0	314.8	265.5	307.5	264.8	307.5	264.8	310.5	280.8	16.3	1317	0
21.025	85	7	0	0	0	307.2	264.5	307.2	264.5	310.5	280.8	16.69	1288	0
21.275	86	2	0	0	0	308.7	266.4	308.7	266.4	310.4	281.2	14.9	1304	0
21.275	86	4	0	0	0	308.7	266.9	308.7	266.9	310.4	281.2	14.37	1334	0
21.275	86	0	0	0	0	308.4	266.3	308.4	266.3	310.4	281.2	15	1290	0
21.275	86	6	0	0	0	308.5	266.9	308.5	266.9	310.4	281.2	14.46	1320	0
21.275	86	3	0	318.3	268	308.8	266.7	308.8	266.7	310.4	281.2	14.62	1321	0
21.275	86	1	0	0	0	308.5	266.3	308.5	266.3	310.4	281.2	15.03	1292	0
21.275	86	5	0	310.4	286.2	308.6	267	308.6	267	310.4	281.2	14.34	1331	0
21.275	86	7	0	0	0	308.4	266.6	308.4	266.6	310.4	281.2	14.75	1303	0
21.525	87	2	0	0	0	308.8	269.1	308.8	269.1	315.9	282.2	14.79	1319	0
21.525	87	4	0	0	0	309	269.5	309	269.5	315.9	282.2	14.39	1348	0
21.525	87	0	0	0	0	308.8	268.8	308.8	268.8	315.9	282.2	15.1	1306	0
21.525	87	6	0	0	0	309	269.2	309	269.2	315.9	282.2	14.69	1334	0
21.525	87	3	0	307.8	281.6	308.9	269.4	308.9	269.4	315.9	282.2	14.54	1335	0
21.525	87	1	0	0	0	308.8	268.9	308.8	268.9	315.9	282.2	15.01	1307	0
21.525	87	5	0	313.3	282.7	309	269.4	309	269.4	315.9	282.2	14.48	1346	0
21.525	87	7	0	0	0	308.9	268.9	308.9	268.9	315.9	282.2	14.94	1318	0
21.775	88	2	0	0	0	308.4	272	308.4	272	313.6	288.5	17.27	1336	0
21.775	88	4	0	0	0	307.9	272.6	307.9	272.6	313.6	288.5	16.82	1365	0
21.775	88	0	0	0	0	308.1	271.7	308.1	271.7	313.6	288.5	17.59	1323	0
21.775	88	6	0	0	0	307.6	272.4	307.6	272.4	313.6	288.5	17.13	1351	0
21.775	88	3	0	318.1	279.6	308.2	272.4	308.2	272.4	313.6	288.5	16.99	1352	0
21.775	88	1	0	0	0	308.4	271.8	308.4	271.8	313.6	288.5	17.5	1325	0
21.775	88	5	0	288.2	296.1	307.7	272.6	307.7	272.6	313.6	288.5	16.91	1363	0
21.775	88	7	0	0	0	307.8	272	307.8	272	313.6	288.5	17.41	1335	0
22.025	89	2	0	0	0	309.5	275.8	309.5	275.8	313.4	294.6	19.15	1355	0
22.025	89	4	0	320.7	278.6	309.3	276.1	309.3	276.1	313.4	294.6	18.93	1384	0
22.025	89	0	0	0	0	309	275.1	309	275.1	313.4	294.6	19.94	1343	0
22.025	89	6	0	0	0	308.8	275.4	308.8	275.4	313.4	294.6	19.68	1371	0
22.025	89	3	0	320.4	299.5	309.5	276	309.5	276	313.4	294.6	18.93	1371	0
22.025	89	1	0	0	0	309.3	275.4	309.3	275.4	313.4	294.6	19.57	1345	0
22.025	89	5	0	296.4	282.7	309.1	275.8	309.1	275.8	313.4	294.6	19.26	1382	0
22.025	89	7	0	0	0	308.8	275.2	308.8	275.2	313.4	294.6	19.93	1355	0
22.275	90	2	0	0	0	311.1	282.2	311.1	282.2	315.5	299.3	17.61	1373	0
22.275	90	4	0	315.4	289.8	311.2	283	311.2	283	315.5	299.3	16.82	1401	0
22.275	90	0	0	0	0	310.7	281.2	310.7	281.2	315.5	299.3	18.67	1362	0
22.275	90	6	0	0	0	310.8	282.1	310.8	282.1	315.5	299.3	17.81	1389	0
22.275	90	3	0	323.7	312	311.2	282.8	311.2	282.8	315.5	299.3	17.06	1388	0
22.275	90	1	0	0	0	310.9	281.6	310.9	281.6	315.5	299.3	18.27	1363	0
22.275	90	5	0	311.1	310.6	311	282.7	311	282.7	315.5	299.3	17.18	1399	0
22.275	90	7	0	0	0	310.7	281.5	310.7	281.5	315.5	299.3	18.4	1373	0
22.525	91	2	0	0	0	312.8	286.6	312.8	286.6	314.2	299.3	12.85	1385	0
22.525	91	4	0	314.5	284	313.3	287.1	313.3	287.1	314.2	299.3	12.27	1413	0
22.525	91	0	0	0	0	312.7	285.9	312.7	285.9	314.2	299.3	13.53	1375	0
22.525	91	6	0	0	0	313.2	286.5	313.2	286.5	314.2	299.3	12.9	1402	0
22.525	91	3	0	315.4	310.7	313.1	286.9	313.1	286.9	314.2	299.3	12.45	1401	0
22.525	91	1	0	0	0	312.7	286.1	312.7	286.1	314.2	299.3	13.28	1376	0
22.525	91	5	0	330.4	309.3	313.3	286.9	313.3	286.9	314.2	299.3	12.49	1412	0
22.525	91	7	0	0	0	312.9	286.1	312.9	286.1	314.2	299.3	13.32	1387	0
22.775	92	2	0	0	0	312.7	287.6	312.7	287.6	312.1	297.4	9.85	1395	0
22.775	92	4	0	315	299.3	312.8	287.8	312.8	287.8	312.1	297.4	9.639	1423	0
22.775	92	0	0	0	0	312.8	287.4	312.8	287.4	312.1	297.4	10.1	1385	0
22.775	92	6	0	0	0	312.9	287.6	312.9	287.6	312.1	297.4	9.872	1412	0
22.775	92	3	0	307.1	287.1	312.7	287.7	312.7	287.7	312.1	297.4	9.706	1411	0
22.775	92	1	0	0	0	312.7	287.4	312.7	287.4	312.1	297.4	10.01	1386	0
22.775	92	5	0	314.5	286.4	312.9	287.7	312.9	287.7	312.1	297.4	9.721	1421	0
22.775	92	7	0	0	0	312.9	287.4	312.9	287.4	312.1	297.4	10.02	1397	0
23.025	93	2	0	0	0	311.8	292.3	311.8	292.3	311.9	301.8	9.495	1405	0
23.025	93	4	0	303.1	303.6	311.7	293	311.7	293	311.9	301.8	8.753	1432	0
23.025	93	0	0	0	0	312	291.7	312	291.7	311.9	301.8	10.08	1396	0
23.025	93	6	0	0	0	311.9	292.5	311.9	292.5	311.9	301.8	9.28	1421	0
23.025	93	3	0	309	306.1	311.7	292.7	311.7	292.7	311.9	301.8	9.034	1420	0
23.025	93	1	0	0	0	311.9	291.9	311.9	291.9	311.9	301.8	9.906	1396	0
23.025	93	5	0	314.9	315.5	311.8	292.9	311.8	292.9	311.9	301.8	8.896	1430	0
23.025	93	7	0	0	0	312	292	312	292	311.9	301.8	9.762	1407	0
23.275	94	2	0	0	0	310.8	294.2	310.8	294.2	310.4	306.7	12.44	1417	0
23.275	94	4	0	304.8	309.2	310.5	294.8	310.5	294.8	310.4	306.7	11.83	1443	0
23.275	94	0	0	0	0	310.8	294.1	310.8	294.1	310.4	306.7	12.59	1408	0
23.275	94	6	0	0	0	310.5	294.7	310.5	294.7	310.4	306.7	11.95	1433	0
23.275	94	3	0	314.6	288	310.6	294.6	310.6	294.6	310.4	306.7	12.11	1432	0
23.275	94	1	0	0	0	310.9	294.1	310.9	294.1	310.4	306.7	12.62	1409	0
23.275	94	5	0	300.1	307	310.4	294.9	310.4	294.9	310.4	306.7	11.79	1442	0
23.275	94	7	0	0	0	310.7	294.4	310.7	294.4	310.4	306.7	12.28	1419	0
23.525	95	2	0	0	0	312.7	297.2	312.7	297.2	315.2	311.1	14.14	1431	0
23.525	95	4	0	327.9	309.2	312.9	297.6	312.9	297.6	315.2	311.1	13.73	1457	0
23.525	95	0	0	0	0	312.3	296.7	312.3	296.7	315.2	311.1	14.66	1423	0
23.525	95	6	0	0	0	312.5	297.2	312.5	297.2	315.2	311.1	14.21	1447	0
23.525	95	3	0	317.4	306.3	312.8	297.5	312.8	297.5	315.2	311.1	13.86	1446	0
23.525	95	1	0	0	0	312.5	296.9	312.5	296.9	315.2	311.1	14.46	1423	0
23.525	95	5	0	311.1	302.6	312.7	297.4	312.7	297.4	315.2	311.1	13.9	1456	0
23.525	95	7	0	0	0	312.4	296.9	312.4	296.9	315.2	311.1	14.52	1433	0
23.775	96	2	0	0	0	313.3	300.8	313.3	300.8	318.9	313.2	13.57	1445	0
23.775	96	4	0	314.4	310.1	313.5	301.4	313.5	301.4	318.9	313.2	12.98	1470	0
23.775	96	0	0	0	0	313.2	300.3	313.2	300.3	318.9	313.2	14.05	1437	0
23.775	96	6	0	0	0	313.4	301	313.4	301	318.9	313.2	13.41	1460	0
23.775	96	3	0	315.3	311.2	313.4	301.2	313.4	301.2	318.9	313.2	13.2	1459	0
23.775	96	1	0	0	0	313.2	300.5	313.2	300.5	318.9	313.2	13.91	1437	0
23.775	96	5	0	317.9	318.3	313.4	301.3	313.4	301.3	318.9	313.2	13.1	1469	0
23.775	96	7	0	0	0	313.3	300.6	313.3	300.6	318.9	313.2	13.8	1447	0
24.025	97	2	0	0	0	315.7	306.7	315.7	306.7	321.5	315	10.12	1455	0
24.025	97	4	0	322.7	335.4	316.3	307.8	316.3	307.8	321.5	315	8.883	1479	0
24.025	97	0	0	0	0	315.6	306	315.6	306	321.5	315	10.81	1448	0
24.025	97	6	0	0	0	316.3	307.1	316.3	307.1	321.5	315	9.494	1470	0
24.025	97	3	0	313.6	315.9	316	307.4	316	307.4	321.5	315	9.392	1468	0
24.025	97	1	0	0	0	315.5	306.2	315.5	306.2	321.5	315	10.66	1448	0
24.025	97	5	0	338.2	329.1	316.4	307.6	316.4	307.6	321.5	315	8.991	1478	0
24.025	97	7	0	0	0	315.9	306.4	315.9	306.4	321.5	315	10.25	1457	0
24.275	98	2	0	0	0	319.5	309.5	319.5	309.5	320.2	321.2	11.67	1467	0
24.275	98	4	0	335.5	318.5	320	310	320	310	320.2	321.2	11.19	1490	0
24.275	98	0	0	0	0	318.9	309.1	318.9	309.1	320.2	321.2	12.15	1460	0
24.275	98	6	0	0	0	319.4	309.6	319.4	309.6	320.2	321.2	11.61	1482	0
24.275	98	3	0	331.7	317.4	319.8	309.8	319.8	309.8	320.2	321.2	11.36	1480	0
24.275	98	1	0	0	0	319.1	309.2	319.1	309.2	320.2	321.2	11.98	1460	0
24.275	98	5	0	325.4	319.1	319.8	309.9	319.8	309.9	320.2	321.2	11.32	1489	0
24.275	98	7	0	0	0	319.1	309.3	319.1	309.3	320.2	321.2	11.95	1469	0
24.525	99	2	0	0	0	319.7	310.9	319.7	310.9	318	318.7	7.969	1475	0
24.525	99	4	0	315.1	310.9	320	311.4	320	311.4	318	318.7	7.606	1498	0
24.525	99	0	0	0	0	319.8	310.9	319.8	310.9	318	318.7	8.027	1468	0
24.525	99	6	0	0	0	320.2	311.4	320.2	311.4	318	318.7	7.656	1489	0
24.525	99	3	0	314.4	310.3	319.8	311.2	319.8	311.2	318	318.7	7.774	1487	0
24.525	99	1	0	0	0	319.7	310.9	319.7	310.9	318	318.7	8.059	1468	0
24.525	99	5	0	336	329.3	320.1	311.5	320.1	311.5	318	318.7	7.578	1497	0
24.525	99	7	0	0	0	320	311.2	320	311.2	318	318.7	7.844	1477	0
24.775	100	2	0	0	0	319.5	313.1	319.5	313.1	316.2	324.1	11.48	1486	0
24.775	100	4	0	324.2	312.4	319.6	313.4	319.6	313.4	316.2	324.1	11.2	1509	0
24.775	100	0	0	0	0	319.6	312.9	319.6	312.9	316.2	324.1	11.72	1480	0
24.775	100	6	0	0	0	319.8	313.3	319.8	313.3	316.2	324.1	11.43	1501	0
24.775	100	3	0	310.6	321.1	319.5	313.3	319.5	313.3	316.2	324.1	11.31	1499	0
24.775	100	1	0	0	0	319.5	312.9	319.5	312.9	316.2	324.1	11.65	1479	0
24.775	100	5	0	320.9	326.7	319.7	313.4	319.7	313.4	316.2	324.1	11.27	1508	0
24.775	100	7	0	0	0	319.7	313.1	319.7	313.1	316.2	324.1	11.61	1489	0
25.025	101	2	0	0	0	322.8	317	322.8	317	316.6	324.8	9.941	1496	0
25.025	101	4	0	333.5	329.4	323.1	317.6	323.1	317.6	316.6	324.8	9.647	1519	0
25.025	101	0	0	0	0	322.2	316.5	322.2	316.5	316.6	324.8	10.01	1490	0
25.025	101	6	0	0	0	322.5	317.2	322.5	317.2	316.6	324.8	9.654	1510	0
25.025	101	3	0	339	328.1	323	317.4	323	317.4	316.6	324.8	9.786	1508	0
25.025	101	1	0	0	0	322.5	316.7	322.5	316.7	316.6	324.8	10.02	1489	0
25.025	101	5	0	325.3	332.7	322.8	317.5	322.8	317.5	316.6	324.8	9.598	1518	0
25.025	101	7	0	0	0	322.3	316.8	322.3	316.8	316.6	324.8	9.835	1499	0
25.275	102	2	0	0	0	322	318.5	322	318.5	321.2	330.5	11.97	1508	0
25.275	102	4	0	303	327.6	321.4	319	321.4	319	321.2	330.5	11.48	1530	0
25.275	102	0	0	0	0	321.8	318.4	321.8	318.4	321.2	330.5	12.07	1502	0
25.275	102	6	0	0	0	321.2	318.9	321.2	318.9	321.2	330.5	11.57	1522	0
25.275	102	3	0	339.2	315.1	321.7	318.8	321.7	318.8	321.2	330.5	11.7	1520	0
25.275	102	1	0	0	0	322	318.4	322	318.4	321.2	330.5	12.1	1501	0
25.275	102	5	0	312.4	330	321.3	319	321.3	319	321.2	330.5	11.45	1529	0
25.275	102	7	0	0	0	321.5	318.7	321.5	318.7	321.2	330.5	11.83	1510	0
25.525	103	2	0	0	0	321.7	322.6	321.7	322.6	320.1	332.2	9.77	1518	0
25.525	103	4	0	319.5	335.9	321.5	322.9	321.5	322.9	320.1	332.2	9.401	1540	0
25.525	103	0	0	0	0	321.6	321.8	321.6	321.8	320.1	332.2	10.48	1512	0
25.525	103	6	0	0	0	321.4	322.2	321.4	322.2	320.1	332.2	10.07	1532	0
25.525	103	3	0	326.7	341.2	321.6	322.9	321.6	322.9	320.1	332.2	9.48	1530	0
25.525	103	1	0	0	0	321.6	322.2	321.6	322.2	320.1	332.2	10.18	1512	0
25.525	103	5	0	317.5	326	321.4	322.6	321.4	322.6	320.1	332.2	9.669	1539	0
25.525	103	7	0	0	0	321.5	321.9	321.5	321.9	320.1	332.2	10.38	1521	0
25.775	104	2	0	0	0	319.5	323.7	319.5	323.7	320.7	332.4	8.822	1527	0
25.775	104	4	0	314.3	334.6	319.3	323.8	319.3	323.8	320.7	332.4	8.712	1548	0
25.775	104	0	0	0	0	319.9	323.3	319.9	323.3	320.7	332.4	9.118	1521	0
25.775	104	6	0	0	0	319.6	323.5	319.6	323.5	320.7	332.4	8.982	1541	0
25.775	104	3	0	310.6	326.8	319.4	323.8	319.4	323.8	320.7	332.4	8.724	1538	0
25.775	104	1	0	0	0	319.7	323.5	319.7	323.5	320.7	332.4	8.985	1521	0
25.775	104	5	0	314.7	320.4	319.4	323.7	319.4	323.7	320.7	332.4	8.825	1548	0
25.775	104	7	0	0	0	319.8	323.4	319.8	323.4	320.7	332.4	9.095	1530	0
26.025	105	2	0	0	0	320.3	326.7	320.3	326.7	318.7	337.9	11.33	1538	0
26.025	105	4	0	318.8	350.7	320.7	327.4	320.7	327.4	318.7	337.9	10.67	1559	0
26.025	105	0	0	0	0	320.5	326.4	320.5	326.4	318.7	337.9	11.69	1533	0
26.025	105	6	0	0	0	320.8	327.1	320.8	327.1	318.7	337.9	11	1552	0
26.025	105	3	0	316.4	323.1	320.5	327.1	320.5	327.1	318.7	337.9	10.94	1549	0
26.025	105	1	0	0	0	320.3	326.4	320.3	326.4	318.7	337.9	11.62	1532	0
26.025	105	5	0	337.2	339.4	320.8	327.4	320.8	327.4	318.7	337.9	10.74	1558	0
26.025	105	7	0	0	0	320.7	326.7	320.7	326.7	318.7	337.9	11.4	1541	0
26.275	106	2	0	0	0	318.6	328.2	318.6	328.2	325.6	337.6	11.67	1550	0
26.275	106	4	0	316.4	344.1	318.3	328.7	318.3	328.7	325.6	337.6	11.47	1570	0
26.275	106	0	0	0	0	318.8	328.1	318.8	328.1	325.6	337.6	11.64	1545	0
26.275	106	6	0	0	0	318.4	328.7	318.4	328.7	325.6	337.6	11.41	1563	0
26.275	106	3	0	314.4	319.4	318.4	328.5	318.4	328.5	325.6	337.6	11.57	1561	0
26.275	106	1	0	0	0	318.8	328.1	318.8	328.1	325.6	337.6	11.69	1544	0
26.275	106	5	0	304.2	336.9	318.3	328.8	318.3	328.8	325.6	337.6	11.41	1570	0
26.275	106	7	0	0	0	318.7	328.4	318.7	328.4	325.6	337.6	11.51	1553	0
26.525	107	2	0	0	0	323.4	334.1	323.4	334.1	329.4	338.9	7.649	1557	0
26.525	107	4	0	343.7	354.5	323.6	334.9	323.6	334.9	329.4	338.9	7.012	1577	0
26.525	107	0	0	0	0	322.4	333.3	322.4	333.3	329.4	338.9	8.991	1554	0
26.525	107	6	0	0	0	322.6	334.2	322.6	334.2	329.4	338.9	8.272	1572	0
26.525	107	3	0	351	351.6	323.7	334.6	323.7	334.6	329.4	338.9	7.126	1568	0
26.525	107	1	0	0	0	322.9	333.6	322.9	333.6	329.4	338.9	8.42	1552	0
26.525	107	5	0	317.5	352.7	323.2	334.7	323.2	334.7	329.4	338.9	7.532	1577	0
26.525	107	7	0	0	0	322.3	333.6	322.3	333.6	329.4	338.9	8.831	1562	0
26.775	108	2	0	0	0	326.9	334.5	326.9	334.5	332.9	338.2	7.08	1564	0
26.775	108	4	0	342.8	339.3	327.4	334.6	327.4	334.6	332.9	338.2	6.597	1584	0
26.775	108	0	0	0	0	326.2	334.3	326.2	334.3	332.9	338.2	7.742	1561	0
26.775	108	6	0	0	0	326.8	334.4	326.8	334.4	332.9	338.2	7.206	1579	0
26.775	108	3	0	338.5	335	327.2	334.6	327.2	334.6	332.9	338.2	6.74	1575	0
26.775	108	1	0	0	0	326.5	334.4	326.5	334.4	332.9	338.2	7.487	1560	0
26.775	108	5	0	336.6	332.2	327.2	334.5	327.2	334.5	332.9	338.2	6.82	1584	0
26.775	108	7	0	0	0	326.4	334.4	326.4	334.4	332.9	338.2	7.572	1569	0
27.025	109	2	0	0	0	327.6	336	327.6	336	330.1	340.1	4.814	1569	0
27.025	109	4	0	340.2	339	327.9	336.1	327.9	336.1	330.1	340.1	4.585	1589	0
27.025	109	0	0	0	0	327.5	335.7	327.5	335.7	330.1	340.1	5.143	1566	0
27.025	109	6	0	0	0	327.8	335.8	327.8	335.8	330.1	340.1	4.893	1584	0
27.025	109	3	0	322.3	345	327.8	336.1	327.8	336.1	330.1	340.1	4.649	1579	0
27.025	109	1	0	0	0	327.5	335.8	327.5	335.8	330.1	340.1	5.015	1565	0
27.025	109	5	0	329.2	337.7	327.9	336	327.9	336	330.1	340.1	4.701	1589	0
27.025	109	7	0	0	0	327.7	335.7	327.7	335.7	330.1	340.1	5.066	1574	0
27.275	110	2	0	0	0	326.7	337.6	326.7	337.6	327.2	343.4	5.768	1575	0
27.275	110	4	0	336.3	347	326.7	337.8	326.7	337.8	327.2	343.4	5.56	1594	0
27.275	110	0	0	0	0	326.8	337.3	326.8	337.3	327.2	343.4	6.079	1572	0
27.275	110	6	0	0	0	326.8	337.5	326.8	337.5	327.2	343.4	5.849	1590	0
27.275	110	3	0	315.5	342.6	326.7	337.8	326.7	337.8	327.2	343.4	5.618	1585	0
27.275	110	1	0	0	0	326.8	337.4	326.8	337.4	327.2	343.4	5.955	1571	0
27.275	110	5	0	317.6	339.4	326.7	337.7	326.7	337.7	327.2	343.4	5.669	1595	0
27.275	110	7	0	0	0	326.8	337.4	326.8	337.4	327.2	343.4	6.011	1580	0
27.525	111	2	0	0	0	326.2	338.7	326.2	338.7	328.7	346.1	7.769	1583	0
27.525	111	4	0	321.6	356.7	326.2	338.8	326.2	338.8	328.7	346.1	7.679	1602	0
27.525	111	0	0	0	0	326.3	338.4	326.3	338.4	328.7	346.1	8.082	1581	0
27.525	111	6	0	0	0	326.3	338.5	326.3	338.5	328.7	346.1	7.974	1597	0
27.525	111	3	0	0	0	326.2	338.8	326.2	338.8	328.7	346.1	7.676	1593	0
27.525	111	1	0	0	0	326.3	338.5	326.3	338.5	328.7	346.1	7.94	1579	0
27.525	111	5	0	326.3	329.4	326.2	338.7	326.2	338.7	328.7	346.1	7.81	1602	0
27.525	111	7	0	0	0	326.3	338.4	326.3	338.4	328.7	346.1	8.075	1588	0
27.775	112	2	0	0	0	326.9	342.3	326.9	342.3	334.3	351.9	12.12	1595	0
27.775	112	4	0	333.2	377.7	327	343.1	327	343.1	334.3	351.9	11.46	1613	0
27.775	112	0	0	0	0	326.8	341.6	326.8	341.6	334.3	351.9	12.79	1593	0
27.775	112	6	0	0	0	326.9	342.4	326.9	342.4	334.3	351.9	12.09	1610	0
27.775	112	3	0	0	0	327	342.8	327	342.8	334.3	351.9	11.69	1604	0
27.775	112	1	0	0	0	326.8	341.8	326.8	341.8	334.3	351.9	12.56	1591	0
27.775	112	5	0	0	0	327	342.8	327	342.8	334.3	351.9	11.67	1614	0
27.775	112	7	0	0	0	326.8	341.9	326.8	341.9	334.3	351.9	12.54	1601	0
28.025	113	2	0	0	0	328.5	344.9	328.5	344.9	338.3	358.3	16.66	1611	0
28.025	113	4	0	343.3	368.9	328.8	345.4	328.8	345.4	338.3	358.3	16.01	1629	0
28.025	113	0	0	0	0	328.2	344.3	328.2	344.3	338.3	358.3	17.28	1611	0
28.025	113	6	0	0	0	328.5	344.9	328.5	344.9	338.3	358.3	16.61	1626	0
28.025	113	3	0	0	0	328.7	345.2	328.7	345.2	338.3	358.3	16.23	1621	0
28.025	113	1	0	0	0	328.3	344.5	328.3	344.5	338.3	358.3	17.07	1608	0
28.025	113	5	0	0	0	328.7	345.3	328.7	345.3	338.3	358.3	16.21	1630	0
28.025	113	7	0	0	0	328.3	344.5	328.3	344.5	338.3	358.3	17.04	1618	0
28.275	114	2	0	0	0	329	347	329	347	336.1	365.1	19.42	1631	0
28.275	114	4	0	333.7	367.1	329.1	347.5	329.1	347.5	336.1	365.1	18.94	1648	0
28.275	114	0	0	0	0	328.8	346.5	328.8	346.5	336.1	365.1	19.89	1631	0
28.275	114	6	0	0	0	329	347	329	347	336.1	365.1	19.39	1646	0
28.275	114	3	0	0	0	329.1	347.3	329.1	347.3	336.1	365.1	19.11	1640	0
28.275	114	1	0	0	0	328.9	346.7	328.9	346.7	336.1	365.1	19.73	1628	0
28.275	114	5	0	0	0	329.1	347.3	329.1	347.3	336.1	365.1	19.09	1649	0
28.275	114	7	0	0	0	328.9	346.7	328.9	346.7	336.1	365.1	19.71	1638	0
28.525	115	2	0	0	0	329.1	350	329.1	350	336	366	17.45	1648	0
28.525	115	4	0	330.3	378.2	329.1	350.6	329.1	350.6	336	366	16.86	1665	0
28.525	115	0	0	0	0	329.1	349.4	329.1	349.4	336	366	18.02	1649	0
28.525	115	6	0	0	0	329.1	350	329.1	350	336	366	17.41	1663	0
28.525	115	3	0	0	0	329.1	350.4	329.1	350.4	336	366	17.07	1657	0
28.525	115	1	0	0	0	329.1	349.6	329.1	349.6	336	366	17.83	1646	0
28.525	115	5	0	0	0	329.1	350.4	329.1	350.4	336	366	17.04	1666	0
28.525	115	7	0	0	0	329.1	349.6	329.1	349.6	336	366	17.8	1655	0
28.775	116	2	0	0	0	329.6	352.6	329.6	352.6	340.1	365.9	16.97	1665	0
28.775	116	4	0	334.7	377.3	329.7	353.2	329.7	353.2	340.1	365.9	16.46	1682	0
28.775	116	0	0	0	0	329.5	352	329.5	352	340.1	365.9	17.47	1666	0
28.775	116	6	0	0	0	329.6	352.6	329.6	352.6	340.1	365.9	16.94	1680	0
28.775	116	3	0	0	0	329.7	352.9	329.7	352.9	340.1	365.9	16.64	1673	0
28.775	116	1	0	0	0	329.6	352.2	329.6	352.2	340.1	365.9	17.3	1663	0
28.775	116	5	0	0	0	329.7	353	329.7	353	340.1	365.9	16.61	1683	0
28.775	116	7	0	0	0	329.6	352.2	329.6	352.2	340.1	365.9	17.28	1673	0
29.025	117	2	0	0	0	332.4	354.8	332.4	354.8	337.8	372.5	18.52	1684	0
29.025	117	4	0	359.3	375.4	333	355.2	333	355.2	337.8	372.5	17.9	1699	0
29.025	117	0	0	0	0	331.9	354.3	331.9	354.3	337.8	372.5	19.13	1685	0
29.025	117	6	0	0	0	332.5	354.8	332.5	354.8	337.8	372.5	18.48	1698	0
29.025	117	3	0	0	0	332.8	355.1	332.8	355.1	337.8	372.5	18.12	1691	0
29.025	117	1	0	0	0	332.1	354.5	332.1	354.5	337.8	372.5	18.93	1682	0
29.025	117	5	0	0	0	332.8	355.1	332.8	355.1	337.8	372.5	18.09	1701	0
29.025	117	7	0	0	0	332.1	354.5	332.1	354.5	337.8	372.5	18.9	1692	0
29.275	118	2	0	0	0	332.8	357.4	332.8	357.4	339.7	377.7	21.43	1705	0
29.275	118	4	0	336.3	382.1	333	357.9	333	357.9	339.7	377.7	20.86	1720	0
29.275	118	0	0	0	0	332.7	356.8	332.7	356.8	339.7	377.7	21.98	1707	0
29.275	118	6	0	0	0	332.8	357.4	332.8	357.4	339.7	377.7	21.39	1720	0
29.275	118	3	0	0	0	332.9	357.7	332.9	357.7	339.7	377.7	21.06	1713	0
29.275	118	1	0	0	0	332.8	357	332.8	357	339.7	377.7	21.8	1704	0
29.275	118	5	0	0	0	332.9	357.8	332.9	357.8	339.7	377.7	21.04	1722	0
29.275	118	7	0	0	0	332.8	357	332.8	357	339.7	377.7	21.77	1713	0
29.525	119	2	0	0	0	335.6	360.1	335.6	360.1	346.1	378.1	20.81	1726	0
29.525	119	4	0	362.5	386	336.2	360.7	336.2	360.7	346.1	378.1	20.02	1740	0
29.525	119	0	0	0	0	335.1	359.5	335.1	359.5	346.1	378.1	21.58	1729	0
29.525	119	6	0	0	0	335.7	360.2	335.7	360.2	346.1	378.1	20.76	1741	0
29.525	119	3	0	0	0	336	360.5	336	360.5	346.1	378.1	20.3	1733	0
29.525	119	1	0	0	0	335.3	359.7	335.3	359.7	346.1	378.1	21.32	1725	0
29.525	119	5	0	0	0	336	360.5	336	360.5	346.1	378.1	20.26	1742	0
29.525	119	7	0	0	0	335.3	359.8	335.3	359.8	346.1	378.1	21.29	1735	0
29.775	120	2	0	0	0	335.9	360.7	335.9	360.7	347.7	384.1	26.19	1752	0
29.775	120	4	0	338.2	366.6	336	360.9	336	360.9	347.7	384.1	25.98	1766	0
29.775	120	0	0	0	0	335.8	360.6	335.8	360.6	347.7	384.1	26.38	1755	0
29.775	120	6	0	0	0	335.9	360.8	335.9	360.8	347.7	384.1	26.17	1767	0
29.775	120	3	0	0	0	336	360.9	336	360.9	347.7	384.1	26.05	1759	0
29.775	120	1	0	0	0	335.8	360.6	335.8	360.6	347.7	384.1	26.32	1752	0
29.775	120	5	0	0	0	336	360.9	336	360.9	347.7	384.1	26.04	1768	0
29.775	120	7	0	0	0	335.9	360.6	335.9	360.6	347.7	384.1	26.31	1761	0
30.025	121	2	0	0	0	336.5	363.4	336.5	363.4	345.1	386.7	24.8	1777	0
30.025	121	4	0	342.4	389.2	336.7	364	336.7	364	345.1	386.7	24.24	1791	0
30.025	121	0	0	0	0	336.4	362.9	336.4	362.9	345.1	386.7	25.34	1780	0
30.025	121	6	0	0	0	336.5	363.5	336.5	363.5	345.1	386.7	24.76	1791	0
30.025	121	3	0	0	0	336.6	363.8	336.6	363.8	345.1	386.7	24.44	1783	0
30.025	121	1	0	0	0	336.4	363.1	336.4	363.1	345.1	386.7	25.16	1777	0
30.025	121	5	0	0	0	336.6	363.8	336.6	363.8	345.1	386.7	24.41	1793	0
30.025	121	7	0	0	0	336.4	363.1	336.4	363.1	345.1	386.7	25.13	1786	0
30.275	122	2	0	0	0	338.3	367	338.3	367	343.3	388.5	22.12	1799	0
30.275	122	4	0	354.9	400.5	338.6	367.7	338.6	367.7	343.3	388.5	21.31	1812	0
30.275	122	0	0	0	0	337.9	366.3	337.9	366.3	343.3	388.5	22.9	1803	0
30.275	122	6	0	0	0	338.3	367	338.3	367	343.3	388.5	22.06	1814	0
30.275	122	3	0	0	0	338.5	367.5	338.5	367.5	343.3	388.5	21.6	1805	0
30.275	122	1	0	0	0	338	366.5	338	366.5	343.3	388.5	22.64	1799	0
30.275	122	5	0	0	0	338.5	367.5	338.5	367.5	343.3	388.5	21.56	1814	0
30.275	122	7	0	0	0	338.1	366.5	338.1	366.5	343.3	388.5	22.6	1809	0
30.525	123	2	0	0	0	340.7	369.1	340.7	369.1	349.7	392.5	25.12	1824	0
30.525	123	4	0	363.8	388.6	341.2	369.5	341.2	369.5	349.7	392.5	24.5	1836	0
30.525	123	0	0	0	0	340.2	368.6	340.2	368.6	349.7	392.5	25.73	1829	0
30.525	123	6	0	0	0	340.7	369.1	340.7	369.1	349.7	392.5	25.08	1839	0
30.525	123	3	0	0	0	341	369.4	341	369.4	349.7	392.5	24.72	1830	0
30.525	123	1	0	0	0	340.4	368.8	340.4	368.8	349.7	392.5	25.53	1825	0
30.525	123	5	0	0	0	341.1	369.4	341.1	369.4	349.7	392.5	24.69	1839	0
30.525	123	7	0	0	0	340.4	368.8	340.4	368.8	349.7	392.5	25.5	1834	0
30.775	124	2	0	0	0	342.1	373.4	342.1	373.4	355.5	398.6	28.55	1853	0
30.775	124	4	0	354.9	414.8	342.4	374.3	342.4	374.3	355.5	398.6	27.6	1864	0
30.775	124	0	0	0	0	341.8	372.5	341.8	372.5	355.5	398.6	29.46	1859	0
30.775	124	6	0	0	0	342.1	373.5	342.1	373.5	355.5	398.6	28.48	1867	0
30.775	124	3	0	0	0	342.3	374	342.3	374	355.5	398.6	27.94	1858	0
30.775	124	1	0	0	0	341.9	372.8	341.9	372.8	355.5	398.6	29.16	1854	0
30.775	124	5	0	0	0	342.3	374	342.3	374	355.5	398.6	27.89	1867	0
30.775	124	7	0	0	0	341.9	372.9	341.9	372.9	355.5	398.6	29.11	1863	0
31.025	125	2	0	0	0	343.7	376.5	343.7	376.5	361.6	400	29.51	1882	0
31.025	125	4	0	358.6	406	344	377.2	344	377.2	361.6	400	28.75	1893	0
31.025	125	0	0	0	0	343.3	375.9	343.3	375.9	361.6	400	30.25	1889	0
31.025	125	6	0	0	0	343.7	376.6	343.7	376.6	361.6	400	29.46	1897	0
31.025	125	3	0	0	0	343.9	377	343.9	377	361.6	400	29.02	1887	0
31.025	125	1	0	0	0	343.4	376.1	343.4	376.1	361.6	400	30	1884	0
31.025	125	5	0	0	0	343.9	377	343.9	377	361.6	400	28.98	1896	0
31.025	125	7	0	0	0	343.5	376.1	343.5	376.1	361.6	400	29.96	1893	0
31.275	126	2	0	0	0	344.3	380.4	344.3	380.4	360.7	400	25.6	1908	0
31.275	126	4	0	349.9	416.6	344.4	381.2	344.4	381.2	360.7	400	24.88	1918	0
31.275	126	0	0	0	0	344.1	379.6	344.1	379.6	360.7	400	26.3	1915	0
31.275	126	6	0	0	0	344.3	380.4	344.3	380.4	360.7	400	25.55	1922	0
31.275	126	3	0	0	0	344.4	380.9	344.4	380.9	360.7	400	25.13	1912	0
31.275	126	1	0	0	0	344.2	379.8	344.2	379.8	360.7	400	26.07	1910	0
31.275	126	5	0	0	0	344.4	380.9	344.4	380.9	360.7	400	25.1	1921	0
31.275	126	7	0	0	0	344.2	379.9	344.2	379.9	360.7	400	26.03	1919	0
31.525	127	2	0	0	0	346.8	382.2	346.8	382.2	359.9	400	22.09	1930	0
31.525	127	4	0	371	399.5	347.3	382.6	347.3	382.6	359.9	400	21.43	1939	0
31.525	127	0	0	0	0	346.3	381.8	346.3	381.8	359.9	400	22.72	1938	0
31.525	127	6	0	0	0	346.8	382.2	346.8	382.2	359.9	400	22.04	1944	0
31.525	127	3	0	0	0	347.1	382.5	347.1	382.5	359.9	400	21.66	1933	0
31.525	127	1	0	0	0	346.5	381.9	346.5	381.9	359.9	400	22.51	1933	0
31.525	127	5	0	0	0	347.2	382.5	347.2	382.5	359.9	400	21.63	1943	0
31.525	127	7	0	0	0	346.5	381.9	346.5	381.9	359.9	400	22.47	1942	0
31.775	128	2	0	0	0	348.1	384.3	348.1	384.3	360.8	393.9	15.93	1946	0
31.775	128	4	0	360.4	404.1	348.4	384.7	348.4	384.7	360.8	393.9	15.42	1954	0
31.775	128	0	0	0	0	347.8	383.9	347.8	383.9	360.8	393.9	16.43	1954	0
31.775	128	6	0	0	0	348.1	384.3	348.1	384.3	360.8	393.9	15.89	1960	0
31.775	128	3	0	0	0	348.3	384.6	348.3	384.6	360.8	393.9	15.6	1949	0
31.775	128	1	0	0	0	347.9	384	347.9	384	360.8	393.9	16.26	1949	0
31.775	128	5	0	0	0	348.3	384.6	348.3	384.6	360.8	393.9	15.57	1958	0
31.775	128	7	0	0	0	347.9	384	347.9	384	360.8	393.9	16.23	1958	0
32.025	129	2	0	0	0	348.4	384.1	348.4	384.1	364.4	395.3	19.54	1966	0
32.025	129	4	0	350.9	382	348.5	384.1	348.5	384.1	364.4	395.3	19.48	1974	0
32.025	129	0	0	0	0	348.3	384.1	348.3	384.1	364.4	395.3	19.6	1974	0
32.025	129	6	0	0	0	348.4	384.1	348.4	384.1	364.4	395.3	19.54	1980	0
32.025	129	3	0	0	0	348.4	384.1	348.4	384.1	364.4	395.3	19.5	1968	0
32.025	129	1	0	0	0	348.3	384.1	348.3	384.1	364.4	395.3	19.58	1968	0
32.025	129	5	0	0	0	348.4	384.1	348.4	384.1	364.4	395.3	19.5	1978	0
32.025	129	7	0	0	0	348.3	384.1	348.3	384.1	364.4	395.3	19.58	1978	0
32.275	130	2	0	0	0	349.7	384	349.7	384	368.4	394.2	21.32	1987	0
32.275	130	4	0	362.5	382.8	350	383.9	350	383.9	368.4	394.2	21.09	1995	0
32.275	130	0	0	0	0	349.5	384	349.5	384	368.4	394.2	21.54	1995	0
32.275	130	6	0	0	0	349.7	384	349.7	384	368.4	394.2	21.3	2001	0
32.275	130	3	0	0	0	349.9	383.9	349.9	383.9	368.4	394.2	21.17	1990	0
32.275	130	1	0	0	0	349.6	384	349.6	384	368.4	394.2	21.47	1990	0
32.275	130	5	0	0	0	349.9	383.9	349.9	383.9	368.4	394.2	21.16	1999	0
32.275	130	7	0	0	0	349.6	384	349.6	384	368.4	394.2	21.45	1999	0
32.525	131	2	0	0	0	351.6	384.8	351.6	384.8	373.1	388	21.72	2009	0
32.525	131	4	0	369.8	392.9	352	385	352	385	373.1	388	21.3	2016	0
32.525	131	0	0	0	0	351.2	384.6	351.2	384.6	373.1	388	22.13	2017	0
32.525	131	6	0	0	0	351.7	384.8	351.7	384.8	373.1	388	21.69	2023	0
32.525	131	3	0	0	0	351.9	384.9	351.9	384.9	373.1	388	21.45	2011	0
32.525	131	1	0	0	0	351.4	384.7	351.4	384.7	373.1	388	21.99	2012	0
32.525	131	5	0	0	0	351.9	384.9	351.9	384.9	373.1	388	21.43	2020	0
32.525	131	7	0	0	0	351.4	384.7	351.4	384.7	373.1	388	21.97	2021	0
32.775	132	2	0	0	0	352.2	385.5	352.2	385.5	372.9	387.5	20.85	2029	0
32.775	132	4	0	356.9	392	352.3	385.6	352.3	385.6	372.9	387.5	20.7	2037	0
32.775	132	0	0	0	0	352	385.3	352	385.3	372.9	387.5	21	2038	0
32.775	132	6	0	0	0	352.2	385.5	352.2	385.5	372.9	387.5	20.84	2043	0
32.775	132	3	0	0	0	352.2	385.6	352.2	385.6	372.9	387.5	20.75	2032	0
32.775	132	1	0	0	0	352.1	385.4	352.1	385.4	372.9	387.5	20.95	2033	0
32.775	132	5	0	0	0	352.2	385.6	352.2	385.6	372.9	387.5	20.75	2041	0
32.775	132	7	0	0	0	352.1	385.4	352.1	385.4	372.9	387.5	20.94	2042	0
33.025	133	2	0	0	0	353.3	384.6	353.3	384.6	374.2	387.9	21.14	2051	0
33.025	133	4	0	364.5	376.2	353.6	384.5	353.6	384.5	374.2	387.9	20.92	2058	0
33.025	133	0	0	0	0	353.1	384.8	353.1	384.8	374.2	387.9	21.35	2060	0
33.025	133	6	0	0	0	353.3	384.6	353.3	384.6	374.2	387.9	21.12	2065	0
33.025	133	3	0	0	0	353.5	384.5	353.5	384.5	374.2	387.9	21	2053	0
33.025	133	1	0	0	0	353.2	384.7	353.2	384.7	374.2	387.9	21.28	2054	0
33.025	133	5	0	0	0	353.5	384.5	353.5	384.5	374.2	387.9	20.99	2062	0
33.025	133	7	0	0	0	353.2	384.7	353.2	384.7	374.2	387.9	21.27	2063	0
33.275	134	2	0	0	0	352.9	384.9	352.9	384.9	374.1	387.6	21.41	2072	0
33.275	134	4	0	348.2	387.3	352.8	384.9	352.8	384.9	374.1	387.6	21.48	2079	0
33.275	134	0	0	0	0	352.9	384.8	352.9	384.8	374.1	387.6	21.35	2081	0
33.275	134	6	0	0	0	352.8	384.9	352.8	384.9	374.1	387.6	21.41	2086	0
33.275	134	3	0	0	0	352.8	384.9	352.8	384.9	374.1	387.6	21.45	2074	0
33.275	134	1	0	0	0	352.9	384.8	352.9	384.8	374.1	387.6	21.37	2076	0
33.275	134	5	0	0	0	352.8	384.9	352.8	384.9	374.1	387.6	21.46	2084	0
33.275	134	7	0	0	0	352.9	384.8	352.9	384.8	374.1	387.6	21.37	2085	0
33.525	135	2	0	0	0	354.7	386.3	354.7	386.3	379.7	383.9	25.18	2097	0
33.525	135	4	0	372.1	399.7	355	386.6	355	386.6	379.7	383.9	24.85	2104	0
33.525	135	0	0	0	0	354.3	386	354.3	386	379.7	383.9	25.49	2107	0
33.525	135	6	0	0	0	354.7	386.3	354.7	386.3	379.7	383.9	25.15	2111	0
33.525	135	3	0	0	0	354.9	386.5	354.9	386.5	379.7	383.9	24.97	2099	0
33.525	135	1	0	0	0	354.4	386.1	354.4	386.1	379.7	383.9	25.39	2101	0
33.525	135	5	0	0	0	354.9	386.5	354.9	386.5	379.7	383.9	24.95	2108	0
33.525	135	7	0	0	0	354.5	386.1	354.5	386.1	379.7	383.9	25.37	2110	0
33.775	136	2	0	0	0	359.4	385.3	359.4	385.3	383.5	383.8	24.12	2121	0
33.775	136	4	0	404.6	376.3	360.4	385.2	360.4	385.2	383.5	383.8	23.14	2127	0
33.775	136	0	0	0	0	358.5	385.5	358.5	385.5	383.5	383.8	25.06	2132	0
33.775	136	6	0	0	0	359.5	385.3	359.5	385.3	383.5	383.8	24.05	2135	0
33.775	136	3	0	0	0	360	385.2	360	385.2	383.5	383.8	23.48	2123	0
33.775	136	1	0	0	0	358.8	385.4	358.8	385.4	383.5	383.8	24.74	2126	0
33.775	136	5	0	0	0	360.1	385.2	360.1	385.2	383.5	383.8	23.44	2132	0
33.775	136	7	0	0	0	358.8	385.4	358.8	385.4	383.5	383.8	24.7	2135	0
34.025	137	2	0	0	0	362.4	384.5	362.4	384.5	386.6	377.7	25.09	2146	0
34.025	137	4	0	391	376.3	363.1	384.3	363.1	384.3	386.6	377.7	24.38	2152	0
34.025	137	0	0	0	0	361.8	384.7	361.8	384.7	386.6	377.7	25.78	2158	0
34.025	137	6	0	0	0	362.5	384.5	362.5	384.5	386.6	377.7	25.04	2160	0
34.025	137	3	0	0	0	362.9	384.4	362.9	384.4	386.6	377.7	24.63	2147	0
34.025	137	1	0	0	0	362	384.6	362	384.6	386.6	377.7	25.55	2151	0
34.025	137	5	0	0	0	362.9	384.3	362.9	384.3	386.6	377.7	24.6	2157	0
34.025	137	7	0	0	0	362	384.6	362	384.6	386.6	377.7	25.51	2160	0
34.275	138	2	0	0	0	365	382.8	365	382.8	384	372.5	21.67	2168	0
34.275	138	4	0	388.9	367.1	365.5	382.5	365.5	382.5	384	372.5	21.01	2173	0
34.275	138	0	0	0	0	364.4	383.2	364.4	383.2	384	372.5	22.3	2180	0
34.275	138	6	0	0	0	365	382.8	365	382.8	384	372.5	21.62	2182	0
34.275	138	3	0	0	0	365.3	382.6	365.3	382.6	384	372.5	21.24	2169	0
34.275	138	1	0	0	0	364.6	383	364.6	383	384	372.5	22.09	2173	0
34.275	138	5	0	0	0	365.4	382.6	365.4	382.6	384	372.5	21.21	2178	0
34.275	138	7	0	0	0	364.6	383	364.6	383	384	372.5	22.06	2182	0
34.525	139	2	0	0	0	367.5	381.3	367.5	381.3	382.1	373.4	16.63	2185	0
34.525	139	4	0	391.1	367	368	381	368	381	382.1	373.4	15.99	2189	0
34.525	139	0	0	0	0	366.9	381.6	366.9	381.6	382.1	373.4	17.24	2197	0
34.525	139	6	0	0	0	367.5	381.3	367.5	381.3	382.1	373.4	16.58	2198	0
34.525	139	3	0	0	0	367.8	381.1	367.8	381.1	382.1	373.4	16.22	2185	0
34.525	139	1	0	0	0	367.1	381.5	367.1	381.5	382.1	373.4	17.03	2190	0
34.525	139	5	0	0	0	367.8	381.1	367.8	381.1	382.1	373.4	16.19	2194	0
34.525	139	7	0	0	0	367.2	381.5	367.2	381.5	382.1	373.4	17	2199	0
34.775	140	2	0	0	0	369.2	380.4	369.2	380.4	382.4	370.9	16.18	2201	0
34.775	140	4	0	385.9	371.4	369.6	380.1	369.6	380.1	382.4	370.9	15.74	2205	0
34.775	140	0	0	0	0	368.9	380.6	368.9	380.6	382.4	370.9	16.62	2214	0
34.775	140	6	0	0	0	369.3	380.3	369.3	380.3	382.4	370.9	16.15	2215	0
34.775	140	3	0	0	0	369.5	380.2	369.5	380.2	382.4	370.9	15.89	2201	0
34.775	140	1	0	0	0	369	380.5	369	380.5	382.4	370.9	16.47	2207	0
34.775	140	5	0	0	0	369.5	380.2	369.5	380.2	382.4	370.9	15.87	2210	0
34.775	140	7	0	0	0	369	380.5	369	380.5	382.4	370.9	16.45	2216	0
35.025	141	2	0	0	0	371.3	380.2	371.3	380.2	382.2	365.9	17.9	2219	0
35.025	141	4	0	391.2	378.5	371.8	380.1	371.8	380.1	382.2	365.9	17.58	2222	0
35.025	141	0	0	0	0	370.9	380.2	370.9	380.2	382.2	365.9	18.2	2232	0
35.025	141	6	0	0	0	371.4	380.2	371.4	380.2	382.2	365.9	17.87	2232	0
35.025	141	3	0	0	0	371.6	380.1	371.6	380.1	382.2	365.9	17.69	2218	0
35.025	141	1	0	0	0	371	380.2	371	380.2	382.2	365.9	18.1	2225	0
35.025	141	5	0	0	0	371.6	380.1	371.6	380.1	382.2	365.9	17.68	2227	0
35.025	141	7	0	0	0	371.1	380.2	371.1	380.2	382.2	365.9	18.08	2234	0
35.275	142	2	0	0	0	374.4	378.2	374.4	378.2	385.5	368.3	14.9	2234	0
35.275	142	4	0	403.9	359.3	375.1	377.8	375.1	377.8	385.5	368.3	14.15	2236	0
35.275	142	0	0	0	0	373.8	378.6	373.8	378.6	385.5	368.3	15.63	2248	0
35.275	142	6	0	0	0	374.5	378.2	374.5	378.2	385.5	368.3	14.85	2247	0
35.275	142	3	0	0	0	374.9	377.9	374.9	377.9	385.5	368.3	14.41	2233	0
35.275	142	1	0	0	0	374	378.5	374	378.5	385.5	368.3	15.38	2240	0
35.275	142	5	0	0	0	374.9	377.9	374.9	377.9	385.5	368.3	14.38	2242	0
35.275	142	7	0	0	0	374.1	378.4	374.1	378.4	385.5	368.3	15.34	2249	0
35.525	143	2	0	0	0	376	375.8	376	375.8	385.7	364.5	14.91	2249	0
35.525	143	4	0	390.2	352.9	376.3	375.3	376.3	375.3	385.7	364.5	14.28	2251	0
35.525	143	0	0	0	0	375.6	376.3	375.6	376.3	385.7	364.5	15.51	2263	0
35.525	143	6	0	0	0	376	375.7	376	375.7	385.7	364.5	14.86	2262	0
35.525	143	3	0	0	0	376.2	375.5	376.2	375.5	385.7	364.5	14.5	2247	0
35.525	143	1	0	0	0	375.7	376.1	375.7	376.1	385.7	364.5	15.3	2256	0
35.525	143	5	0	0	0	376.2	375.4	376.2	375.4	385.7	364.5	14.47	2256	0
35.525	143	7	0	0	0	375.7	376.1	375.7	376.1	385.7	364.5	15.27	2264	0
35.775	144	2	0	0	0	376.7	373.7	376.7	373.7	384	363.8	12.37	2261	0
35.775	144	4	0	383.3	354.2	376.8	373.3	376.8	373.3	384	363.8	11.9	2262	0
35.775	144	0	0	0	0	376.5	374.2	376.5	374.2	384	363.8	12.82	2276	0
35.775	144	6	0	0	0	376.7	373.7	376.7	373.7	384	363.8	12.34	2274	0
35.775	144	3	0	0	0	376.8	373.4	376.8	373.4	384	363.8	12.07	2259	0
35.775	144	1	0	0	0	376.6	374	376.6	374	384	363.8	12.67	2268	0
35.775	144	5	0	0	0	376.8	373.4	376.8	373.4	384	363.8	12.05	2268	0
35.775	144	7	0	0	0	376.6	374	376.6	374	384	363.8	12.65	2277	0
36.025	145	2	0	0	0	376.1	371.8	376.1	371.8	383.2	362.6	11.58	2273	0
36.025	145	4	0	370.6	353.6	376	371.4	376	371.4	383.2	362.6	11.31	2274	0
36.025	145	0	0	0	0	376.2	372.2	376.2	372.2	383.2	362.6	11.85	2288	0
36.025	145	6	0	0	0	376.1	371.8	376.1	371.8	383.2	362.6	11.56	2286	0
36.025	145	3	0	0	0	376	371.5	376	371.5	383.2	362.6	11.41	2271	0
36.025	145	1	0	0	0	376.2	372.1	376.2	372.1	383.2	362.6	11.76	2280	0
36.025	145	5	0	0	0	376	371.5	376	371.5	383.2	362.6	11.39	2280	0
36.025	145	7	0	0	0	376.2	372	376.2	372	383.2	362.6	11.74	2289	0
36.275	146	2	0	0	0	376	371.1	376	371.1	390	363.9	15.69	2288	0
36.275	146	4	0	375.5	364.3	376	370.9	376	370.9	390	363.9	15.63	2289	0
36.275	146	0	0	0	0	376.1	371.3	376.1	371.3	390	363.9	15.75	2303	0
36.275	146	6	0	0	0	376	371.1	376	371.1	390	363.9	15.69	2302	0
36.275	146	3	0	0	0	376	371	376	371	390	363.9	15.65	2286	0
36.275	146	1	0	0	0	376.1	371.2	376.1	371.2	390	363.9	15.73	2296	0
36.275	146	5	0	0	0	376	371	376	371	390	363.9	15.65	2295	0
36.275	146	7	0	0	0	376.1	371.2	376.1	371.2	390	363.9	15.73	2305	0
36.525	147	2	0	0	0	378.7	371.4	378.7	371.4	388.4	362.5	13.21	2301	0
36.525	147	4	0	403.7	374.8	379.2	371.5	379.2	371.5	388.4	362.5	12.87	2302	0
36.525	147	0	0	0	0	378.2	371.4	378.2	371.4	388.4	362.5	13.55	2317	0
36.525	147	6	0	0	0	378.7	371.4	378.7	371.4	388.4	362.5	13.18	2315	0
36.525	147	3	0	0	0	379	371.5	379	371.5	388.4	362.5	12.98	2299	0
36.525	147	1	0	0	0	378.3	371.4	378.3	371.4	388.4	362.5	13.43	2309	0
36.525	147	5	0	0	0	379	371.5	379	371.5	388.4	362.5	12.97	2308	0
36.525	147	7	0	0	0	378.4	371.4	378.4	371.4	388.4	362.5	13.41	2318	0
36.775	148	2	0	0	0	378.3	371.6	378.3	371.6	395.3	362.8	19.11	2321	0
36.775	148	4	0	374.3	372.8	378.2	371.6	378.2	371.6	395.3	362.8	19.15	2321	0
36.775	148	0	0	0	0	378.3	371.5	378.3	371.5	395.3	362.8	19.07	2336	0
36.775	148	6	0	0	0	378.3	371.6	378.3	371.6	395.3	362.8	19.11	2334	0
36.775	148	3	0	0	0	378.2	371.6	378.2	371.6	395.3	362.8	19.14	2319	0
36.775	148	1	0	0	0	378.3	371.5	378.3	371.5	395.3	362.8	19.08	2328	0
36.775	148	5	0	0	0	378.2	371.6	378.2	371.6	395.3	362.8	19.14	2328	0
36.775	148	7	0	0	0	378.3	371.5	378.3	371.5	395.3	362.8	19.08	2337	0
37.025	149	2	0	0	0	380	370.6	380	370.6	399	357.4	23.12	2344	0
37.025	149	4	0	396.6	361.2	380.3	370.4	380.3	370.4	399	357.4	22.73	2344	0
37.025	149	0	0	0	0	379.7	370.8	379.7	370.8	399	357.4	23.49	2360	0
37.025	149	6	0	0	0	380	370.6	380	370.6	399	357.4	23.09	2357	0
37.025	149	3	0	0	0	380.2	370.5	380.2	370.5	399	357.4	22.86	2341	0
37.025	149	1	0	0	0	379.8	370.7	379.8	370.7	399	357.4	23.36	2352	0
37.025	149	5	0	0	0	380.2	370.4	380.2	370.4	399	357.4	22.84	2350	0
37.025	149	7	0	0	0	379.8	370.7	379.8	370.7	399	357.4	23.35	2360	0
37.275	150	2	0	0	0	381.1	367.1	381.1	367.1	398.6	355.9	20.76	2364	0
37.275	150	4	0	391.2	334.2	381.3	366.4	381.3	366.4	398.6	355.9	20.19	2364	0
37.275	150	0	0	0	0	380.8	367.8	380.8	367.8	398.6	355.9	21.33	2381	0
37.275	150	6	0	0	0	381.1	367.1	381.1	367.1	398.6	355.9	20.72	2378	0
37.275	150	3	0	0	0	381.2	366.7	381.2	366.7	398.6	355.9	20.39	2362	0
37.275	150	1	0	0	0	380.9	367.6	380.9	367.6	398.6	355.9	21.14	2373	0
37.275	150	5	0	0	0	381.2	366.6	381.2	366.6	398.6	355.9	20.36	2371	0
37.275	150	7	0	0	0	380.9	367.5	380.9	367.5	398.6	355.9	21.11	2381	0
37.525	151	2	0	0	0	382.9	365.9	382.9	365.9	400	350.1	23.31	2388	0
37.525	151	4	0	399.8	354.8	383.2	365.6	383.2	365.6	400	350.1	22.84	2387	0
37.525	151	0	0	0	0	382.5	366.2	382.5	366.2	400	350.1	23.77	2405	0
37.525	151	6	0	0	0	382.9	365.9	382.9	365.9	400	350.1	23.28	2401	0
37.525	151	3	0	0	0	383.1	365.7	383.1	365.7	400	350.1	23	2385	0
37.525	151	1	0	0	0	382.6	366.1	382.6	366.1	400	350.1	23.62	2396	0
37.525	151	5	0	0	0	383.1	365.7	383.1	365.7	400	350.1	22.98	2394	0
37.525	151	7	0	0	0	382.6	366.1	382.6	366.1	400	350.1	23.6	2405	0
37.775	152	2	0	0	0	382.2	364.4	382.2	364.4	395.8	348.6	20.87	2409	0
37.775	152	4	0	375.5	349.7	382.1	364	382.1	364	395.8	348.6	20.69	2408	0
37.775	152	0	0	0	0	382.3	364.7	382.3	364.7	395.8	348.6	21.06	2426	0
37.775	152	6	0	0	0	382.2	364.4	382.2	364.4	395.8	348.6	20.86	2422	0
37.775	152	3	0	0	0	382.1	364.2	382.1	364.2	395.8	348.6	20.76	2406	0
37.775	152	1	0	0	0	382.2	364.6	382.2	364.6	395.8	348.6	20.99	2417	0
37.775	152	5	0	0	0	382.1	364.1	382.1	364.1	395.8	348.6	20.75	2414	0
37.775	152	7	0	0	0	382.2	364.6	382.2	364.6	395.8	348.6	20.99	2426	0
38.025	153	2	0	0	0	383.3	363.1	383.3	363.1	393.7	348.5	17.88	2426	0
38.025	153	4	0	394.2	351	383.5	362.8	383.5	362.8	393.7	348.5	17.52	2425	0
38.025	153	0	0	0	0	383.1	363.4	383.1	363.4	393.7	348.5	18.22	2444	0
38.025	153	6	0	0	0	383.3	363.1	383.3	363.1	393.7	348.5	17.85	2440	0
38.025	153	3	0	0	0	383.5	362.9	383.5	362.9	393.7	348.5	17.64	2423	0
38.025	153	1	0	0	0	383.2	363.3	383.2	363.3	393.7	348.5	18.1	2435	0
38.025	153	5	0	0	0	383.5	362.9	383.5	362.9	393.7	348.5	17.63	2432	0
38.025	153	7	0	0	0	383.2	363.3	383.2	363.3	393.7	348.5	18.09	2444	0
38.275	154	2	0	0	0	382.1	360.3	382.1	360.3	394.2	345.5	19.09	2446	0
38.275	154	4	0	370.4	333.8	381.9	359.7	381.9	359.7	394.2	345.5	18.79	2444	0
38.275	154	0	0	0	0	382.3	360.9	382.3	360.9	394.2	345.5	19.39	2463	0
38.275	154	6	0	0	0	382.1	360.3	382.1	360.3	394.2	345.5	19.07	2459	0
38.275	154	3	0	0	0	381.9	359.9	381.9	359.9	394.2	345.5	18.89	2442	0
38.275	154	1	0	0	0	382.2	360.7	382.2	360.7	394.2	345.5	19.29	2455	0
38.275	154	5	0	0	0	381.9	359.9	381.9	359.9	394.2	345.5	18.88	2451	0
38.275	154	7	0	0	0	382.2	360.6	382.2	360.6	394.2	345.5	19.27	2463	0
38.525	155	2	0	0	0	383.5	358.6	383.5	358.6	395.7	344.2	18.9	2464	0
38.525	155	4	0	396.8	342.7	383.7	358.2	383.7	358.2	395.7	344.2	18.45	2463	0
38.525	155	0	0	0	0	383.2	359	383.2	359	395.7	344.2	19.35	2483	0
38.525	155	6	0	0	0	383.5	358.6	383.5	358.6	395.7	344.2	18.87	2478	0
38.525	155	3	0	0	0	383.6	358.4	383.6	358.4	395.7	344.2	18.61	2461	0
38.525	155	1	0	0	0	383.3	358.9	383.3	358.9	395.7	344.2	19.2	2474	0
38.525	155	5	0	0	0	383.7	358.4	383.7	358.4	395.7	344.2	18.59	2470	0
38.525	155	7	0	0	0	383.3	358.8	383.3	358.8	395.7	344.2	19.18	2483	0
38.775	156	2	0	0	0	385.7	357.1	385.7	357.1	392.6	347.2	12.1	2477	0
38.775	156	4	0	406.7	342.5	386.2	356.7	386.2	356.7	392.6	347.2	11.56	2474	0
38.775	156	0	0	0	0	385.3	357.4	385.3	357.4	392.6	347.2	12.62	2495	0
38.775	156	6	0	0	0	385.7	357.1	385.7	357.1	392.6	347.2	12.06	2490	0
38.775	156	3	0	0	0	386	356.9	386	356.9	392.6	347.2	11.75	2472	0
38.775	156	1	0	0	0	385.4	357.3	385.4	357.3	392.6	347.2	12.45	2486	0
38.775	156	5	0	0	0	386	356.8	386	356.8	392.6	347.2	11.72	2481	0
38.775	156	7	0	0	0	385.4	357.3	385.4	357.3	392.6	347.2	12.42	2495	0
39.025	157	2	0	0	0	387.4	357.1	387.4	357.1	393.8	345.4	13.32	2490	0
39.025	157	4	0	403.6	357	387.8	357	387.8	357	393.8	345.4	13.12	2487	0
39.025	157	0	0	0	0	387	357.1	387	357.1	393.8	345.4	13.53	2509	0
39.025	157	6	0	0	0	387.4	357.1	387.4	357.1	393.8	345.4	13.31	2503	0
39.025	157	3	0	0	0	387.7	357	387.7	357	393.8	345.4	13.19	2486	0
39.025	157	1	0	0	0	387.2	357.1	387.2	357.1	393.8	345.4	13.46	2500	0
39.025	157	5	0	0	0	387.7	357	387.7	357	393.8	345.4	13.18	2494	0
39.025	157	7	0	0	0	387.2	357.1	387.2	357.1	393.8	345.4	13.45	2508	0
39.275	158	2	0	0	0	389.1	356.2	389.1	356.2	392.9	347.1	9.913	2500	0
39.275	158	4	0	405.5	348.4	389.5	356.1	389.5	356.1	392.9	347.1	9.621	2497	0
39.275	158	0	0	0	0	388.8	356.4	388.8	356.4	392.9	347.1	10.2	2519	0
39.275	158	6	0	0	0	389.2	356.2	389.2	356.2	392.9	347.1	9.892	2513	0
39.275	158	3	0	0	0	389.4	356.1	389.4	356.1	392.9	347.1	9.723	2495	0
39.275	158	1	0	0	0	388.9	356.3	388.9	356.3	392.9	347.1	10.1	2510	0
39.275	158	5	0	0	0	389.4	356.1	389.4	356.1	392.9	347.1	9.709	2504	0
39.275	158	7	0	0	0	388.9	356.3	388.9	356.3	392.9	347.1	10.09	2519	0
39.525	159	2	0	0	0	390.9	354.1	390.9	354.1	391.2	341.5	12.63	2512	0
39.525	159	4	0	407.8	334.1	391.3	353.7	391.3	353.7	391.2	341.5	12.2	2509	0
39.525	159	0	0	0	0	390.6	354.5	390.6	354.5	391.2	341.5	13.06	2532	0
39.525	159	6	0	0	0	390.9	354.1	390.9	354.1	391.2	341.5	12.6	2526	0
39.525	159	3	0	0	0	391.2	353.9	391.2	353.9	391.2	341.5	12.35	2508	0
39.525	159	1	0	0	0	390.7	354.4	390.7	354.4	391.2	341.5	12.92	2523	0
39.525	159	5	0	0	0	391.2	353.8	391.2	353.8	391.2	341.5	12.33	2516	0
39.525	159	7	0	0	0	390.7	354.4	390.7	354.4	391.2	341.5	12.89	2531	0
39.775	160	2	0	0	0	390.6	352.9	390.6	352.9	390.2	341.3	11.51	2524	0
39.775	160	4	0	387.2	340.8	390.5	352.6	390.5	352.6	390.2	341.3	11.22	2520	0
39.775	160	0	0	0	0	390.6	353.1	390.6	353.1	390.2	341.3	11.8	2544	0
39.775	160	6	0	0	0	390.6	352.8	390.6	352.8	390.2	341.3	11.49	2537	0
39.775	160	3	0	0	0	390.6	352.7	390.6	352.7	390.2	341.3	11.32	2519	0
39.775	160	1	0	0	0	390.6	353	390.6	353	390.2	341.3	11.7	2535	0
39.775	160	5	0	0	0	390.6	352.7	390.6	352.7	390.2	341.3	11.31	2528	0
39.775	160	7	0	0	0	390.6	353	390.6	353	390.2	341.3	11.69	2543	0
