# _procNoiseCov=10 _measNoiseCov=10 iter_max=10 alpha=0.3
#Simulation_time,tracking_step,NodeID,TargetID,MeasurementX,MeasurementY,EstimateX,EstimateY,GroundTruthX,GroundTruthY,Error,ErrorAcc,ResultsDelay
#t_sim	t_step	NID	TID	Zx	Zy	X_x	X_y	Xx	Xy	GTx	GTy	Err	ErrAcc	Delay
0.025	1	2	0	0	0	121.1	100.8	121.1	100.8	120	100	1.413	1.413	0
0.025	1	4	0	0	0	120.9	100.7	120.9	100.7	120	100	1.171	1.171	0
0.025	1	0	0	131.4	108.4	121.4	101	121.4	101	120	100	1.715	1.715	0
0.025	1	6	0	0	0	121.2	100.9	121.2	100.9	120	100	1.484	1.484	0
0.025	1	3	0	0	0	121	100.7	121	100.7	120	100	1.244	1.244	0
0.025	1	1	0	0	0	121.3	100.9	121.3	100.9	120	100	1.602	1.602	0
0.025	1	5	0	0	0	121	100.8	121	100.8	120	100	1.291	1.291	0
0.025	1	7	0	0	0	121.3	101	121.3	101	120	100	1.647	1.647	0
0.275	2	2	0	0	0	122.1	99.69	122.1	99.69	124.7	99.99	2.621	4.034	0
0.275	2	4	0	0	0	121.9	99.87	121.9	99.87	124.7	99.99	2.788	3.959	0
0.275	2	0	0	130.7	89.15	122.3	99.45	122.3	99.45	124.7	99.99	2.436	4.152	0
0.275	2	6	0	0	0	122.2	99.63	122.2	99.63	124.7	99.99	2.576	4.059	0
0.275	2	3	0	0	0	122	99.82	122	99.82	124.7	99.99	2.736	3.98	0
0.275	2	1	0	0	0	122.3	99.54	122.3	99.54	124.7	99.99	2.502	4.105	0
0.275	2	5	0	0	0	122	99.78	122	99.78	124.7	99.99	2.703	3.995	0
0.275	2	7	0	0	0	122.3	99.51	122.3	99.51	124.7	99.99	2.476	4.123	0
0.525	3	2	0	0	0	120.2	102	120.2	102	121.9	101.9	1.759	5.793	0
0.525	3	4	0	0	0	120.5	101.6	120.5	101.6	121.9	101.9	1.473	5.431	0
0.525	3	0	0	102.4	123.1	119.8	102.5	119.8	102.5	121.9	101.9	2.224	6.375	0
0.525	3	6	0	0	0	120.1	102.1	120.1	102.1	121.9	101.9	1.859	5.918	0
0.525	3	3	0	0	0	120.4	101.7	120.4	101.7	121.9	101.9	1.548	5.528	0
0.525	3	1	0	0	0	119.9	102.3	119.9	102.3	121.9	101.9	2.04	6.144	0
0.525	3	5	0	0	0	120.3	101.8	120.3	101.8	121.9	101.9	1.602	5.597	0
0.525	3	7	0	0	0	119.9	102.4	119.9	102.4	121.9	101.9	2.112	6.234	0
0.775	4	2	0	0	0	121.1	102.2	121.1	102.2	125.3	103.4	4.283	10.08	0
0.775	4	4	0	0	0	121	102.1	121	102.1	125.3	103.4	4.437	9.868	0
0.775	4	0	0	130.3	103.5	121.3	102.3	121.3	102.3	125.3	103.4	4.091	10.47	0
0.775	4	6	0	0	0	121.2	102.2	121.2	102.2	125.3	103.4	4.238	10.16	0
0.775	4	3	0	0	0	121	102.1	121	102.1	125.3	103.4	4.39	9.918	0
0.775	4	1	0	0	0	121.3	102.2	121.3	102.2	125.3	103.4	4.163	10.31	0
0.775	4	5	0	0	0	121.1	102.1	121.1	102.1	125.3	103.4	4.36	9.957	0
0.775	4	7	0	0	0	121.3	102.2	121.3	102.2	125.3	103.4	4.134	10.37	0
1.025	5	2	0	0	0	122.3	102.5	122.3	102.5	129.7	108.7	9.713	19.79	0
1.025	5	4	0	0	0	122.1	102.4	122.1	102.4	129.7	108.7	9.907	19.78	0
1.025	5	0	0	132.5	105	122.5	102.5	122.5	102.5	129.7	108.7	9.473	19.94	0
1.025	5	6	0	0	0	122.3	102.5	122.3	102.5	129.7	108.7	9.657	19.81	0
1.025	5	3	0	0	0	122.1	102.4	122.1	102.4	129.7	108.7	9.849	19.77	0
1.025	5	1	0	0	0	122.4	102.5	122.4	102.5	129.7	108.7	9.563	19.87	0
1.025	5	5	0	0	0	122.2	102.4	122.2	102.4	129.7	108.7	9.81	19.77	0
1.025	5	7	0	0	0	122.5	102.5	122.5	102.5	129.7	108.7	9.527	19.9	0
1.275	6	2	0	0	0	123.4	102.3	123.4	102.3	131.7	111.5	12.41	32.2	0
1.275	6	4	0	0	0	123.2	102.3	123.2	102.3	131.7	111.5	12.54	32.31	0
1.275	6	0	0	133.2	100.9	123.6	102.3	123.6	102.3	131.7	111.5	12.26	32.2	0
1.275	6	6	0	0	0	123.5	102.3	123.5	102.3	131.7	111.5	12.38	32.19	0
1.275	6	3	0	0	0	123.2	102.3	123.2	102.3	131.7	111.5	12.5	32.27	0
1.275	6	1	0	0	0	123.6	102.3	123.6	102.3	131.7	111.5	12.32	32.19	0
1.275	6	5	0	0	0	123.3	102.3	123.3	102.3	131.7	111.5	12.48	32.24	0
1.275	6	7	0	0	0	123.6	102.3	123.6	102.3	131.7	111.5	12.3	32.19	0
1.525	7	2	0	0	0	124.5	102.5	124.5	102.5	131	108.8	9.052	41.26	0
1.525	7	4	0	0	0	124.3	102.4	124.3	102.4	131	108.8	9.214	41.53	0
1.525	7	0	0	134.1	103.9	124.7	102.5	124.7	102.5	131	108.8	8.851	41.05	0
1.525	7	6	0	0	0	124.5	102.5	124.5	102.5	131	108.8	9.005	41.2	0
1.525	7	3	0	0	0	124.3	102.5	124.3	102.5	131	108.8	9.165	41.43	0
1.525	7	1	0	0	0	124.6	102.5	124.6	102.5	131	108.8	8.926	41.11	0
1.525	7	5	0	0	0	124.4	102.5	124.4	102.5	131	108.8	9.133	41.38	0
1.525	7	7	0	0	0	124.7	102.5	124.7	102.5	131	108.8	8.896	41.09	0
1.775	8	2	0	0	0	123.5	104.6	123.5	104.6	130	112.9	10.42	51.67	0
1.775	8	4	0	0	0	123.7	104.3	123.7	104.3	130	112.9	10.63	52.16	0
1.775	8	0	0	115	124.3	123.4	105.1	123.4	105.1	130	112.9	10.17	51.22	0
1.775	8	6	0	0	0	123.5	104.8	123.5	104.8	130	112.9	10.36	51.56	0
1.775	8	3	0	0	0	123.6	104.4	123.6	104.4	130	112.9	10.57	52	0
1.775	8	1	0	0	0	123.4	104.9	123.4	104.9	130	112.9	10.26	51.38	0
1.775	8	5	0	0	0	123.6	104.5	123.6	104.5	130	112.9	10.53	51.9	0
1.775	8	7	0	0	0	123.4	105	123.4	105	130	112.9	10.23	51.31	0
2.025	9	2	0	0	0	124.7	106.7	124.7	106.7	134.6	112.5	11.48	63.16	0
2.025	9	4	0	0	0	124.5	106.3	124.5	106.3	134.6	112.5	11.83	63.99	0
2.025	9	0	0	134.8	125.1	124.9	107.2	124.9	107.2	134.6	112.5	11.05	62.27	0
2.025	9	6	0	0	0	124.7	106.8	124.7	106.8	134.6	112.5	11.38	62.94	0
2.025	9	3	0	0	0	124.5	106.5	124.5	106.5	134.6	112.5	11.73	63.72	0
2.025	9	1	0	0	0	124.8	107	124.8	107	134.6	112.5	11.21	62.59	0
2.025	9	5	0	0	0	124.6	106.5	124.6	106.5	134.6	112.5	11.66	63.56	0
2.025	9	7	0	0	0	124.8	107.1	124.8	107.1	134.6	112.5	11.15	62.46	0
2.275	10	2	0	0	0	124.9	106.3	124.9	106.3	133.3	112.2	10.19	73.35	0
2.275	10	4	0	0	0	124.8	106.4	124.8	106.4	133.3	112.2	10.22	74.21	0
2.275	10	0	0	126.9	102.4	125	106.3	125	106.3	133.3	112.2	10.16	72.44	0
2.275	10	6	0	0	0	124.9	106.3	124.9	106.3	133.3	112.2	10.19	73.12	0
2.275	10	3	0	0	0	124.9	106.3	124.9	106.3	133.3	112.2	10.21	73.93	0
2.275	10	1	0	0	0	124.9	106.3	124.9	106.3	133.3	112.2	10.17	72.76	0
2.275	10	5	0	0	0	124.9	106.3	124.9	106.3	133.3	112.2	10.2	73.76	0
2.275	10	7	0	0	0	124.9	106.3	124.9	106.3	133.3	112.2	10.17	72.63	0
2.525	11	2	0	0	0	125.2	105.4	125.2	105.4	131.1	110.7	7.874	81.22	0
2.525	11	4	0	0	0	125.2	105.6	125.2	105.6	131.1	110.7	7.821	82.03	0
2.525	11	0	0	128.3	97.51	125.3	105.2	125.3	105.2	131.1	110.7	7.945	80.38	0
2.525	11	6	0	0	0	125.3	105.4	125.3	105.4	131.1	110.7	7.89	81.01	0
2.525	11	3	0	0	0	125.2	105.5	125.2	105.5	131.1	110.7	7.837	81.77	0
2.525	11	1	0	0	0	125.3	105.3	125.3	105.3	131.1	110.7	7.918	80.68	0
2.525	11	5	0	0	0	125.2	105.5	125.2	105.5	131.1	110.7	7.847	81.61	0
2.525	11	7	0	0	0	125.3	105.3	125.3	105.3	131.1	110.7	7.928	80.56	0
2.775	12	2	0	0	0	126	105.8	126	105.8	135	114.5	12.49	93.72	0
2.775	12	4	0	0	0	125.9	105.7	125.9	105.7	135	114.5	12.63	94.66	0
2.775	12	0	0	133.3	108.9	126.2	105.8	126.2	105.8	135	114.5	12.33	92.71	0
2.775	12	6	0	0	0	126.1	105.8	126.1	105.8	135	114.5	12.45	93.47	0
2.775	12	3	0	0	0	125.9	105.7	125.9	105.7	135	114.5	12.59	94.36	0
2.775	12	1	0	0	0	126.2	105.8	126.2	105.8	135	114.5	12.39	93.07	0
2.775	12	5	0	0	0	126	105.7	126	105.7	135	114.5	12.56	94.17	0
2.775	12	7	0	0	0	126.2	105.8	126.2	105.8	135	114.5	12.36	92.92	0
3.025	13	2	0	0	0	127.7	107.9	127.7	107.9	141.5	119.7	18.2	111.9	0
3.025	13	4	0	0	0	127.4	107.5	127.4	107.5	141.5	119.7	18.65	113.3	0
3.025	13	0	0	142.1	126.8	128	108.3	128	108.3	141.5	119.7	17.63	110.3	0
3.025	13	6	0	0	0	127.7	108	127.7	108	141.5	119.7	18.06	111.5	0
3.025	13	3	0	0	0	127.5	107.6	127.5	107.6	141.5	119.7	18.51	112.9	0
3.025	13	1	0	0	0	127.9	108.2	127.9	108.2	141.5	119.7	17.84	110.9	0
3.025	13	5	0	0	0	127.5	107.7	127.5	107.7	141.5	119.7	18.42	112.6	0
3.025	13	7	0	0	0	127.9	108.2	127.9	108.2	141.5	119.7	17.76	110.7	0
3.275	14	2	0	0	0	128.7	109.7	128.7	109.7	138.6	120	14.28	126.2	0
3.275	14	4	0	0	0	128.5	109.3	128.5	109.3	138.6	120	14.66	128	0
3.275	14	0	0	138.2	125.6	129	110.1	129	110.1	138.6	120	13.79	124.1	0
3.275	14	6	0	0	0	128.8	109.8	128.8	109.8	138.6	120	14.16	125.7	0
3.275	14	3	0	0	0	128.6	109.4	128.6	109.4	138.6	120	14.54	127.4	0
3.275	14	1	0	0	0	128.9	109.9	128.9	109.9	138.6	120	13.97	124.9	0
3.275	14	5	0	0	0	128.6	109.5	128.6	109.5	138.6	120	14.47	127.1	0
3.275	14	7	0	0	0	128.9	110	128.9	110	138.6	120	13.9	124.6	0
3.525	15	2	0	0	0	129.8	113.6	129.8	113.6	140.7	125.9	16.45	142.6	0
3.525	15	4	0	0	0	129.6	112.9	129.6	112.9	140.7	125.9	17.11	145.1	0
3.525	15	0	0	138.7	149.2	130	114.5	130	114.5	140.7	125.9	15.64	139.8	0
3.525	15	6	0	0	0	129.8	113.8	129.8	113.8	140.7	125.9	16.26	142	0
3.525	15	3	0	0	0	129.6	113.1	129.6	113.1	140.7	125.9	16.91	144.3	0
3.525	15	1	0	0	0	129.9	114.2	129.9	114.2	140.7	125.9	15.94	140.8	0
3.525	15	5	0	0	0	129.7	113.3	129.7	113.3	140.7	125.9	16.78	143.8	0
3.525	15	7	0	0	0	129.9	114.3	129.9	114.3	140.7	125.9	15.82	140.4	0
3.775	16	2	0	0	0	133.1	114.1	133.1	114.1	145.8	124.9	16.68	159.3	0
3.775	16	4	0	0	0	132.5	114	132.5	114	145.8	124.9	17.22	162.3	0
3.775	16	0	0	162.9	118.1	133.8	114.3	133.8	114.3	145.8	124.9	16.02	155.8	0
3.775	16	6	0	0	0	133.2	114.2	133.2	114.2	145.8	124.9	16.53	158.5	0
3.775	16	3	0	0	0	132.7	114	132.7	114	145.8	124.9	17.06	161.4	0
3.775	16	1	0	0	0	133.5	114.3	133.5	114.3	145.8	124.9	16.27	157.1	0
3.775	16	5	0	0	0	132.8	114.1	132.8	114.1	145.8	124.9	16.95	160.8	0
3.775	16	7	0	0	0	133.6	114.3	133.6	114.3	145.8	124.9	16.17	156.6	0
4.025	17	2	0	0	0	135.5	113.4	135.5	113.4	148.9	122.2	16.08	175.4	0
4.025	17	4	0	0	0	135	113.5	135	113.5	148.9	122.2	16.41	178.7	0
4.025	17	0	0	156.8	106.6	136.1	113.3	136.1	113.3	148.9	122.2	15.69	171.5	0
4.025	17	6	0	0	0	135.6	113.4	135.6	113.4	148.9	122.2	15.99	174.5	0
4.025	17	3	0	0	0	135.2	113.5	135.2	113.5	148.9	122.2	16.31	177.7	0
4.025	17	1	0	0	0	135.8	113.3	135.8	113.3	148.9	122.2	15.84	172.9	0
4.025	17	5	0	0	0	135.2	113.5	135.2	113.5	148.9	122.2	16.25	177	0
4.025	17	7	0	0	0	135.9	113.3	135.9	113.3	148.9	122.2	15.78	172.3	0
4.275	18	2	0	0	0	136.4	114.5	136.4	114.5	153.2	128	21.51	196.9	0
4.275	18	4	0	0	0	136.2	114.3	136.2	114.3	153.2	128	21.78	200.5	0
4.275	18	0	0	144.5	124.2	136.7	114.7	136.7	114.7	153.2	128	21.19	192.7	0
4.275	18	6	0	0	0	136.5	114.5	136.5	114.5	153.2	128	21.44	195.9	0
4.275	18	3	0	0	0	136.3	114.4	136.3	114.4	153.2	128	21.7	199.4	0
4.275	18	1	0	0	0	136.6	114.6	136.6	114.6	153.2	128	21.31	194.2	0
4.275	18	5	0	0	0	136.3	114.4	136.3	114.4	153.2	128	21.64	198.7	0
4.275	18	7	0	0	0	136.6	114.6	136.6	114.6	153.2	128	21.26	193.6	0
4.525	19	2	0	0	0	138.4	116	138.4	116	153.1	132.3	21.9	218.8	0
4.525	19	4	0	0	0	138.1	115.7	138.1	115.7	153.1	132.3	22.35	222.8	0
4.525	19	0	0	156.4	129.4	138.9	116.3	138.9	116.3	153.1	132.3	21.35	214	0
4.525	19	6	0	0	0	138.5	116.1	138.5	116.1	153.1	132.3	21.78	217.7	0
4.525	19	3	0	0	0	138.2	115.8	138.2	115.8	153.1	132.3	22.21	221.6	0
4.525	19	1	0	0	0	138.7	116.2	138.7	116.2	153.1	132.3	21.56	215.8	0
4.525	19	5	0	0	0	138.2	115.8	138.2	115.8	153.1	132.3	22.13	220.8	0
4.525	19	7	0	0	0	138.8	116.2	138.8	116.2	153.1	132.3	21.48	215.1	0
4.775	20	2	0	0	0	141.5	117.6	141.5	117.6	159.3	134.7	24.67	243.5	0
4.775	20	4	0	0	0	140.9	117.3	140.9	117.3	159.3	134.7	25.27	248.1	0
4.775	20	0	0	168.6	131.8	142.2	117.9	142.2	117.9	159.3	134.7	23.92	237.9	0
4.775	20	6	0	0	0	141.6	117.7	141.6	117.7	159.3	134.7	24.49	242.2	0
4.775	20	3	0	0	0	141.1	117.4	141.1	117.4	159.3	134.7	25.09	246.7	0
4.775	20	1	0	0	0	141.9	117.8	141.9	117.8	159.3	134.7	24.2	240	0
4.775	20	5	0	0	0	141.2	117.4	141.2	117.4	159.3	134.7	24.97	245.8	0
4.775	20	7	0	0	0	142	117.9	142	117.9	159.3	134.7	24.09	239.2	0
5.025	21	2	0	0	0	142.8	119.1	142.8	119.1	163.4	133	24.86	268.3	0
5.025	21	4	0	0	0	142.5	118.8	142.5	118.8	163.4	133	25.24	273.3	0
5.025	21	0	0	154	132.9	143.1	119.5	143.1	119.5	163.4	133	24.38	262.3	0
5.025	21	6	0	0	0	142.8	119.2	142.8	119.2	163.4	133	24.75	266.9	0
5.025	21	3	0	0	0	142.6	118.9	142.6	118.9	163.4	133	25.12	271.8	0
5.025	21	1	0	0	0	143	119.4	143	119.4	163.4	133	24.56	264.6	0
5.025	21	5	0	0	0	142.6	119	142.6	119	163.4	133	25.05	270.8	0
5.025	21	7	0	0	0	143	119.4	143	119.4	163.4	133	24.49	263.7	0
5.275	22	2	0	0	0	144.5	120.9	144.5	120.9	165.8	134.1	25.12	293.5	0
5.275	22	4	0	0	0	144.2	120.6	144.2	120.6	165.8	134.1	25.56	298.9	0
5.275	22	0	0	159.7	136.5	144.9	121.3	144.9	121.3	165.8	134.1	24.57	286.9	0
5.275	22	6	0	0	0	144.6	121	144.6	121	165.8	134.1	24.99	291.9	0
5.275	22	3	0	0	0	144.3	120.7	144.3	120.7	165.8	134.1	25.42	297.2	0
5.275	22	1	0	0	0	144.7	121.1	144.7	121.1	165.8	134.1	24.78	289.3	0
5.275	22	5	0	0	0	144.3	120.7	144.3	120.7	165.8	134.1	25.34	296.2	0
5.275	22	7	0	0	0	144.8	121.2	144.8	121.2	165.8	134.1	24.7	288.4	0
5.525	23	2	0	0	0	145.8	121.7	145.8	121.7	164.2	138.9	25.21	318.7	0
5.525	23	4	0	0	0	145.6	121.5	145.6	121.5	164.2	138.9	25.51	324.4	0
5.525	23	0	0	157.9	128.6	146.2	121.9	146.2	121.9	164.2	138.9	24.83	311.7	0
5.525	23	6	0	0	0	145.9	121.7	145.9	121.7	164.2	138.9	25.12	317	0
5.525	23	3	0	0	0	145.7	121.6	145.7	121.6	164.2	138.9	25.42	322.7	0
5.525	23	1	0	0	0	146.1	121.8	146.1	121.8	164.2	138.9	24.97	314.3	0
5.525	23	5	0	0	0	145.7	121.6	145.7	121.6	164.2	138.9	25.36	321.5	0
5.525	23	7	0	0	0	146.1	121.8	146.1	121.8	164.2	138.9	24.92	313.3	0
5.775	24	2	0	0	0	148.7	124	148.7	124	165	141.8	24.09	342.8	0
5.775	24	4	0	0	0	148.2	123.6	148.2	123.6	165	141.8	24.74	349.1	0
5.775	24	0	0	174.1	144.8	149.3	124.5	149.3	124.5	165	141.8	23.29	335	0
5.775	24	6	0	0	0	148.8	124.1	148.8	124.1	165	141.8	23.9	340.9	0
5.775	24	3	0	0	0	148.3	123.7	148.3	123.7	165	141.8	24.54	347.2	0
5.775	24	1	0	0	0	149.1	124.3	149.1	124.3	165	141.8	23.59	337.9	0
5.775	24	5	0	0	0	148.4	123.8	148.4	123.8	165	141.8	24.42	345.9	0
5.775	24	7	0	0	0	149.2	124.4	149.2	124.4	165	141.8	23.47	336.7	0
6.025	25	2	0	0	0	150.2	126.7	150.2	126.7	168.7	140.6	23.19	366	0
6.025	25	4	0	0	0	149.9	126.2	149.9	126.2	168.7	140.6	23.72	372.9	0
6.025	25	0	0	163	150.4	150.5	127.3	150.5	127.3	168.7	140.6	22.53	357.5	0
6.025	25	6	0	0	0	150.3	126.8	150.3	126.8	168.7	140.6	23.04	364	0
6.025	25	3	0	0	0	150	126.3	150	126.3	168.7	140.6	23.56	370.8	0
6.025	25	1	0	0	0	150.4	127	150.4	127	168.7	140.6	22.78	360.7	0
6.025	25	5	0	0	0	150	126.4	150	126.4	168.7	140.6	23.46	369.4	0
6.025	25	7	0	0	0	150.4	127.1	150.4	127.1	168.7	140.6	22.68	359.4	0
6.275	26	2	0	0	0	152.2	129.2	152.2	129.2	170.1	145.8	24.42	390.4	0
6.275	26	4	0	0	0	151.9	128.8	151.9	128.8	170.1	145.8	25.02	397.9	0
6.275	26	0	0	170.6	152	152.7	129.8	152.7	129.8	170.1	145.8	23.67	381.2	0
6.275	26	6	0	0	0	152.3	129.4	152.3	129.4	170.1	145.8	24.25	388.2	0
6.275	26	3	0	0	0	152	128.9	152	128.9	170.1	145.8	24.84	395.6	0
6.275	26	1	0	0	0	152.5	129.6	152.5	129.6	170.1	145.8	23.95	384.6	0
6.275	26	5	0	0	0	152	129	152	129	170.1	145.8	24.72	394.1	0
6.275	26	7	0	0	0	152.6	129.7	152.6	129.7	170.1	145.8	23.84	383.3	0
6.525	27	2	0	0	0	154.8	130.6	154.8	130.6	171.5	143.9	21.31	411.7	0
6.525	27	4	0	0	0	154.4	130.3	154.4	130.3	171.5	143.9	21.85	419.7	0
6.525	27	0	0	178	142.4	155.4	130.9	155.4	130.9	171.5	143.9	20.64	401.9	0
6.525	27	6	0	0	0	155	130.7	155	130.7	171.5	143.9	21.16	409.4	0
6.525	27	3	0	0	0	154.5	130.4	154.5	130.4	171.5	143.9	21.69	417.3	0
6.525	27	1	0	0	0	155.2	130.8	155.2	130.8	171.5	143.9	20.89	405.5	0
6.525	27	5	0	0	0	154.6	130.5	154.6	130.5	171.5	143.9	21.58	415.7	0
6.525	27	7	0	0	0	155.3	130.9	155.3	130.9	171.5	143.9	20.79	404.1	0
6.775	28	2	0	0	0	155.8	131.3	155.8	131.3	174.7	143.7	22.61	434.3	0
6.775	28	4	0	0	0	155.6	131.2	155.6	131.2	174.7	143.7	22.85	442.6	0
6.775	28	0	0	163.8	137.6	156	131.5	156	131.5	174.7	143.7	22.3	424.2	0
6.775	28	6	0	0	0	155.8	131.4	155.8	131.4	174.7	143.7	22.54	431.9	0
6.775	28	3	0	0	0	155.6	131.2	155.6	131.2	174.7	143.7	22.78	440.1	0
6.775	28	1	0	0	0	155.9	131.4	155.9	131.4	174.7	143.7	22.42	427.9	0
6.775	28	5	0	0	0	155.7	131.2	155.7	131.2	174.7	143.7	22.73	438.4	0
6.775	28	7	0	0	0	156	131.4	156	131.4	174.7	143.7	22.37	426.4	0
7.025	29	2	0	0	0	156.3	130.7	156.3	130.7	176.8	141.4	23.07	457.4	0
7.025	29	4	0	0	0	156.2	130.8	156.2	130.8	176.8	141.4	23.13	465.7	0
7.025	29	0	0	161.2	125.4	156.5	130.6	156.5	130.6	176.8	141.4	23	447.2	0
7.025	29	6	0	0	0	156.4	130.7	156.4	130.7	176.8	141.4	23.05	455	0
7.025	29	3	0	0	0	156.2	130.8	156.2	130.8	176.8	141.4	23.11	463.2	0
7.025	29	1	0	0	0	156.4	130.7	156.4	130.7	176.8	141.4	23.02	451	0
7.025	29	5	0	0	0	156.3	130.8	156.3	130.8	176.8	141.4	23.1	461.5	0
7.025	29	7	0	0	0	156.4	130.7	156.4	130.7	176.8	141.4	23.01	449.4	0
7.275	30	2	0	0	0	159.3	130.9	159.3	130.9	180.3	138.9	22.5	479.9	0
7.275	30	4	0	0	0	158.8	130.9	158.8	130.9	180.3	138.9	22.99	488.7	0
7.275	30	0	0	185.8	132.8	159.9	131	159.9	131	180.3	138.9	21.89	469	0
7.275	30	6	0	0	0	159.4	130.9	159.4	130.9	180.3	138.9	22.36	477.3	0
7.275	30	3	0	0	0	158.9	130.9	158.9	130.9	180.3	138.9	22.84	486	0
7.275	30	1	0	0	0	159.7	130.9	159.7	130.9	180.3	138.9	22.12	473.1	0
7.275	30	5	0	0	0	159	130.9	159	130.9	180.3	138.9	22.75	484.3	0
7.275	30	7	0	0	0	159.8	131	159.8	131	180.3	138.9	22.03	471.5	0
7.525	31	2	0	0	0	162.2	130.7	162.2	130.7	183.3	143.6	24.69	504.6	0
7.525	31	4	0	0	0	161.7	130.8	161.7	130.8	183.3	143.6	25.14	513.8	0
7.525	31	0	0	188.7	128.8	162.9	130.7	162.9	130.7	183.3	143.6	24.13	493.2	0
7.525	31	6	0	0	0	162.4	130.7	162.4	130.7	183.3	143.6	24.56	501.9	0
7.525	31	3	0	0	0	161.9	130.7	161.9	130.7	183.3	143.6	25	511	0
7.525	31	1	0	0	0	162.7	130.7	162.7	130.7	183.3	143.6	24.34	497.4	0
7.525	31	5	0	0	0	162	130.7	162	130.7	183.3	143.6	24.91	509.2	0
7.525	31	7	0	0	0	162.8	130.7	162.8	130.7	183.3	143.6	24.25	495.7	0
7.775	32	2	0	0	0	164	132.3	164	132.3	188.4	140.7	25.75	530.3	0
7.775	32	4	0	0	0	163.7	132	163.7	132	188.4	140.7	26.17	540	0
7.775	32	0	0	179.5	146.7	164.5	132.6	164.5	132.6	188.4	140.7	25.23	518.4	0
7.775	32	6	0	0	0	164.1	132.4	164.1	132.4	188.4	140.7	25.63	527.5	0
7.775	32	3	0	0	0	163.8	132.1	163.8	132.1	188.4	140.7	26.04	537.1	0
7.775	32	1	0	0	0	164.3	132.5	164.3	132.5	188.4	140.7	25.43	522.8	0
7.775	32	5	0	0	0	163.8	132.2	163.8	132.2	188.4	140.7	25.96	535.2	0
7.775	32	7	0	0	0	164.4	132.6	164.4	132.6	188.4	140.7	25.35	521.1	0
8.025	33	2	0	0	0	168	135.3	168	135.3	190.6	143.8	24.17	554.5	0
8.025	33	4	0	0	0	167.1	134.7	167.1	134.7	190.6	143.8	25.17	565.2	0
8.025	33	0	0	181.8	150.6	168.3	135.6	168.3	135.6	190.6	143.8	23.74	542.1	0
8.025	33	6	0	0	0	167.5	135.1	167.5	135.1	190.6	143.8	24.7	552.2	0
8.025	33	3	0	0	0	167.5	134.9	167.5	134.9	190.6	143.8	24.73	561.8	0
8.025	33	1	0	189.4	146.5	168.3	135.5	168.3	135.5	190.6	143.8	23.81	546.6	0
8.025	33	5	0	0	0	167.2	134.8	167.2	134.8	190.6	143.8	25.09	560.2	0
8.025	33	7	0	0	0	168	135.4	168	135.4	190.6	143.8	24.14	545.2	0
8.275	34	2	0	0	0	170.6	138.8	170.6	138.8	196.7	144.2	26.63	581.1	0
8.275	34	4	0	0	0	170	138	170	138	196.7	144.2	27.41	592.6	0
8.275	34	0	0	185.4	151.3	170.9	139.1	170.9	139.1	196.7	144.2	26.23	568.4	0
8.275	34	6	0	0	0	170.3	138.3	170.3	138.3	196.7	144.2	26.97	579.2	0
8.275	34	3	0	0	0	170.2	138.3	170.2	138.3	196.7	144.2	27.08	588.9	0
8.275	34	1	0	181.4	158.5	170.8	139	170.8	139	196.7	144.2	26.32	573	0
8.275	34	5	0	0	0	170	138	170	138	196.7	144.2	27.32	587.6	0
8.275	34	7	0	0	0	170.7	138.7	170.7	138.7	196.7	144.2	26.53	571.7	0
8.525	35	2	0	0	0	174.1	141.2	174.1	141.2	196.9	146.8	23.39	604.5	0
8.525	35	4	0	0	0	173.3	140.6	173.3	140.6	196.9	146.8	24.38	617	0
8.525	35	0	0	180.8	156.6	174.3	141.6	174.3	141.6	196.9	146.8	23.14	591.5	0
8.525	35	6	0	0	0	173.4	141	173.4	141	196.9	146.8	24.09	603.3	0
8.525	35	3	0	0	0	173.7	140.9	173.7	140.9	196.9	146.8	23.91	612.8	0
8.525	35	1	0	200.4	150.1	174.3	141.5	174.3	141.5	196.9	146.8	23.12	596.1	0
8.525	35	5	0	0	0	173.2	140.8	173.2	140.8	196.9	146.8	24.39	612	0
8.525	35	7	0	0	0	173.9	141.4	173.9	141.4	196.9	146.8	23.57	595.3	0
8.775	36	2	0	0	0	178.1	142.3	178.1	142.3	194.8	147.1	17.35	621.8	0
8.775	36	4	0	0	0	177.1	142.1	177.1	142.1	194.8	147.1	18.34	635.3	0
8.775	36	0	0	194.1	150.1	178.4	142.5	178.4	142.5	194.8	147.1	16.95	608.5	0
8.775	36	6	0	0	0	177.5	142.3	177.5	142.3	194.8	147.1	17.91	621.2	0
8.775	36	3	0	0	0	177.5	142.2	177.5	142.2	194.8	147.1	17.9	630.7	0
8.775	36	1	0	200.5	145.5	178.4	142.5	178.4	142.5	194.8	147.1	17	613.1	0
8.775	36	5	0	0	0	177.2	142.1	177.2	142.1	194.8	147.1	18.28	630.2	0
8.775	36	7	0	0	0	178	142.4	178	142.4	194.8	147.1	17.36	612.7	0
9.025	37	2	0	0	0	181.4	143.1	181.4	143.1	194.8	148.2	14.31	636.2	0
9.025	37	4	0	0	0	180.6	143	180.6	143	194.8	148.2	15.11	650.4	0
9.025	37	0	0	194.8	157.7	181.7	143.4	181.7	143.4	194.8	148.2	13.9	622.4	0
9.025	37	6	0	0	0	180.9	143.4	180.9	143.4	194.8	148.2	14.67	635.8	0
9.025	37	3	0	0	0	180.9	143	180.9	143	194.8	148.2	14.77	645.5	0
9.025	37	1	0	200.3	135.8	181.7	143.3	181.7	143.3	194.8	148.2	13.99	627.1	0
9.025	37	5	0	0	0	180.6	143.2	180.6	143.2	194.8	148.2	15.02	645.2	0
9.025	37	7	0	0	0	181.4	143.5	181.4	143.5	194.8	148.2	14.21	626.9	0
9.275	38	2	0	0	0	181.2	142.4	181.2	142.4	192.9	146	12.22	648.4	0
9.275	38	4	0	0	0	181.2	142.5	181.2	142.5	192.9	146	12.22	662.6	0
9.275	38	0	0	185.6	137.9	181.4	142.3	181.4	142.3	192.9	146	12.12	634.5	0
9.275	38	6	0	0	0	181.3	142.4	181.3	142.4	192.9	146	12.12	648	0
9.275	38	3	0	0	0	181.2	142.4	181.2	142.4	192.9	146	12.24	657.7	0
9.275	38	1	0	177.4	139	181.3	142.3	181.3	142.3	192.9	146	12.17	639.2	0
9.275	38	5	0	0	0	181.2	142.5	181.2	142.5	192.9	146	12.17	657.4	0
9.275	38	7	0	0	0	181.4	142.3	181.4	142.3	192.9	146	12.1	639	0
9.525	39	2	0	0	0	186.3	142.8	186.3	142.8	198.2	151.5	14.74	663.1	0
9.525	39	4	0	0	0	185.3	142.7	185.3	142.7	198.2	151.5	15.66	678.3	0
9.525	39	0	0	207.9	134.3	186.8	142.6	186.8	142.6	198.2	151.5	14.48	649	0
9.525	39	6	0	0	0	185.8	142.5	185.8	142.5	198.2	151.5	15.36	663.3	0
9.525	39	3	0	0	0	185.7	142.8	185.7	142.8	198.2	151.5	15.23	672.9	0
9.525	39	1	0	210	155.1	186.7	142.7	186.7	142.7	198.2	151.5	14.48	653.7	0
9.525	39	5	0	0	0	185.4	142.5	185.4	142.5	198.2	151.5	15.65	673.1	0
9.525	39	7	0	0	0	186.4	142.5	186.4	142.5	198.2	151.5	14.87	653.8	0
9.775	40	2	0	0	0	187.8	145.2	187.8	145.2	195.7	152.9	11	674.1	0
9.775	40	4	0	0	0	187.3	144.7	187.3	144.7	195.7	152.9	11.76	690.1	0
9.775	40	0	0	184.4	155.3	187.8	145.4	187.8	145.4	195.7	152.9	10.89	659.9	0
9.775	40	6	0	0	0	187.3	144.9	187.3	144.9	195.7	152.9	11.63	674.9	0
9.775	40	3	0	0	0	187.6	144.9	187.6	144.9	195.7	152.9	11.39	684.3	0
9.775	40	1	0	207.4	157.9	187.9	145.4	187.9	145.4	195.7	152.9	10.83	664.6	0
9.775	40	5	0	0	0	187.2	144.7	187.2	144.7	195.7	152.9	11.81	684.9	0
9.775	40	7	0	0	0	187.5	145.2	187.5	145.2	195.7	152.9	11.23	665.1	0
10.025	41	2	0	0	0	188.3	147.1	188.3	147.1	198.9	151.1	11.41	685.5	0
10.025	41	4	0	0	0	188.1	146.6	188.1	146.6	198.9	151.1	11.7	701.8	0
10.025	41	0	0	196	158.2	188.4	147.3	188.4	147.3	198.9	151.1	11.16	671	0
10.025	41	6	0	0	0	188.3	146.9	188.3	146.9	198.9	151.1	11.44	686.4	0
10.025	41	3	0	0	0	188.2	146.8	188.2	146.8	198.9	151.1	11.59	695.9	0
10.025	41	1	0	186.7	154.3	188.4	147.3	188.4	147.3	198.9	151.1	11.24	675.8	0
10.025	41	5	0	0	0	188.2	146.7	188.2	146.7	198.9	151.1	11.62	696.5	0
10.025	41	7	0	0	0	188.4	147.2	188.4	147.2	198.9	151.1	11.26	676.3	0
10.275	42	2	0	0	0	193	148.9	193	148.9	201.4	155.5	10.64	696.2	0
10.275	42	4	0	0	0	192.2	148.5	192.2	148.5	201.4	155.5	11.56	713.3	0
10.275	42	0	0	202.1	160.2	193.5	149.1	193.5	149.1	201.4	155.5	10.18	681.2	0
10.275	42	6	0	0	0	192.7	148.6	192.7	148.6	201.4	155.5	11.05	697.4	0
10.275	42	3	0	0	0	192.5	148.7	192.5	148.7	201.4	155.5	11.17	707.1	0
10.275	42	1	0	218.3	158.2	193.4	149.1	193.4	149.1	201.4	155.5	10.27	686.1	0
10.275	42	5	0	0	0	192.3	148.5	192.3	148.5	201.4	155.5	11.44	707.9	0
10.275	42	7	0	208.8	143.2	193.2	148.9	193.2	148.9	201.4	155.5	10.54	686.9	0
10.525	43	2	0	0	0	195.3	149.7	195.3	149.7	206.6	153.8	12.06	708.2	0
10.525	43	4	0	0	0	195	149.4	195	149.4	206.6	153.8	12.43	725.7	0
10.525	43	0	0	202.3	159.3	195.8	149.8	195.8	149.8	206.6	153.8	11.54	692.7	0
10.525	43	6	0	0	0	195.5	149.5	195.5	149.5	206.6	153.8	11.87	709.3	0
10.525	43	3	0	0	0	195	149.5	195	149.5	206.6	153.8	12.33	719.4	0
10.525	43	1	0	199.7	151.8	195.6	149.8	195.6	149.8	206.6	153.8	11.74	697.8	0
10.525	43	5	0	0	0	195.2	149.4	195.2	149.4	206.6	153.8	12.2	720.1	0
10.525	43	7	0	215.3	142.8	195.7	149.7	195.7	149.7	206.6	153.8	11.62	698.5	0
10.775	44	2	0	0	0	197.4	152.8	197.4	152.8	205.6	158.5	9.94	718.2	0
10.775	44	4	0	0	0	197.2	152.3	197.2	152.3	205.6	158.5	10.44	736.2	0
10.775	44	0	0	199.3	155.1	197.9	153.1	197.9	153.1	205.6	158.5	9.424	702.2	0
10.775	44	6	0	0	0	197.7	152.5	197.7	152.5	205.6	158.5	9.882	719.2	0
10.775	44	3	0	0	0	197.2	152.5	197.2	152.5	205.6	158.5	10.27	729.7	0
10.775	44	1	0	202.6	173.9	197.7	153.1	197.7	153.1	205.6	158.5	9.608	707.4	0
10.775	44	5	0	0	0	197.4	152.3	197.4	152.3	205.6	158.5	10.23	730.4	0
10.775	44	7	0	219.5	164.1	197.9	152.9	197.9	152.9	205.6	158.5	9.567	708.1	0
11.025	45	2	0	0	0	200.8	155.4	200.8	155.4	211.1	163.8	13.35	731.5	0
11.025	45	4	0	0	0	200.4	155	200.4	155	211.1	163.8	13.92	750.1	0
11.025	45	0	0	210	163.7	201.4	155.8	201.4	155.8	211.1	163.8	12.61	714.8	0
11.025	45	6	0	0	0	201.1	155.4	201.1	155.4	211.1	163.8	13.13	732.3	0
11.025	45	3	0	0	0	200.5	155.1	200.5	155.1	211.1	163.8	13.75	743.4	0
11.025	45	1	0	210	163.7	201.2	155.6	201.2	155.6	211.1	163.8	12.9	720.3	0
11.025	45	5	0	0	0	200.7	155.1	200.7	155.1	211.1	163.8	13.6	744	0
11.025	45	7	0	222.8	169.7	201.3	155.7	201.3	155.7	211.1	163.8	12.75	720.8	0
11.275	46	2	0	0	0	202.2	157.7	202.2	157.7	211.7	163.9	11.35	742.9	0
11.275	46	4	0	0	0	202	157.4	202	157.4	211.7	163.9	11.61	761.7	0
11.275	46	0	0	216.5	178.5	202.6	158.3	202.6	158.3	211.7	163.9	10.65	725.4	0
11.275	46	6	0	0	0	202.5	158.1	202.5	158.1	211.7	163.9	10.87	743.2	0
11.275	46	3	0	0	0	202	157.5	202	157.5	211.7	163.9	11.59	755	0
11.275	46	1	0	196.2	153.7	202.4	158.1	202.4	158.1	211.7	163.9	10.95	731.3	0
11.275	46	5	0	0	0	202.3	157.7	202.3	157.7	211.7	163.9	11.27	755.2	0
11.275	46	7	0	207.9	166.3	202.6	158.3	202.6	158.3	211.7	163.9	10.65	731.5	0
11.525	47	2	0	0	0	206.3	162.1	206.3	162.1	216.2	166.9	10.98	753.8	0
11.525	47	4	0	0	0	205.7	161.3	205.7	161.3	216.2	166.9	11.88	773.6	0
11.525	47	0	0	218.9	171.9	206.9	162.5	206.9	162.5	216.2	166.9	10.3	735.7	0
11.525	47	6	0	0	0	206.3	161.8	206.3	161.8	216.2	166.9	11.13	754.3	0
11.525	47	3	0	0	0	205.9	161.7	205.9	161.7	216.2	166.9	11.53	766.6	0
11.525	47	1	0	221.8	186	206.7	162.4	206.7	162.4	216.2	166.9	10.5	741.8	0
11.525	47	5	0	0	0	205.9	161.4	205.9	161.4	216.2	166.9	11.64	766.9	0
11.525	47	7	0	222.3	171.2	206.7	162.2	206.7	162.2	216.2	166.9	10.6	742.1	0
11.775	48	2	0	0	0	206.7	163.8	206.7	163.8	216.2	172.6	12.9	766.7	0
11.775	48	4	0	0	0	206.7	163.5	206.7	163.5	216.2	172.6	13.17	786.7	0
11.775	48	0	0	201.1	167	206.8	164.1	206.8	164.1	216.2	172.6	12.63	748.4	0
11.775	48	6	0	0	0	206.8	163.9	206.8	163.9	216.2	172.6	12.87	767.2	0
11.775	48	3	0	0	0	206.7	163.6	206.7	163.6	216.2	172.6	13.08	779.6	0
11.775	48	1	0	211.3	171.4	206.8	164	206.8	164	216.2	172.6	12.73	754.5	0
11.775	48	5	0	0	0	206.7	163.6	206.7	163.6	216.2	172.6	13.06	779.9	0
11.775	48	7	0	216	176	206.8	164.1	206.8	164.1	216.2	172.6	12.7	754.8	0
12.025	49	2	0	0	0	211.1	166.5	211.1	166.5	222	179.5	16.98	783.7	0
12.025	49	4	0	0	0	210.6	166.3	210.6	166.3	222	179.5	17.45	804.2	0
12.025	49	0	0	231.5	184.6	211.9	167.2	211.9	167.2	222	179.5	15.85	764.2	0
12.025	49	6	0	0	0	211.5	167.1	211.5	167.1	222	179.5	16.27	783.4	0
12.025	49	3	0	0	0	210.7	166.3	210.7	166.3	222	179.5	17.4	797	0
12.025	49	1	0	216.5	161.7	211.6	166.9	211.6	166.9	222	179.5	16.34	770.8	0
12.025	49	5	0	0	0	210.9	166.7	210.9	166.7	222	179.5	16.92	796.9	0
12.025	49	7	0	236.1	187.3	211.8	167.3	211.8	167.3	222	179.5	15.88	770.6	0
12.275	50	2	0	0	0	212.5	168.8	212.5	168.8	222.3	181.1	15.7	799.4	0
12.275	50	4	0	0	0	212.4	168.5	212.4	168.5	222.3	181.1	16.03	820.2	0
12.275	50	0	0	208.9	175.8	212.9	169.1	212.9	169.1	222.3	181.1	15.23	779.4	0
12.275	50	6	0	0	0	212.8	168.8	212.8	168.8	222.3	181.1	15.53	799	0
12.275	50	3	0	0	0	212.4	168.6	212.4	168.6	222.3	181.1	15.94	813	0
12.275	50	1	0	217.1	177.3	212.7	169	212.7	169	222.3	181.1	15.42	786.3	0
12.275	50	5	0	0	0	212.6	168.6	212.6	168.6	222.3	181.1	15.83	812.7	0
12.275	50	7	0	233.4	175.4	212.9	169	212.9	169	222.3	181.1	15.31	786	0
12.525	51	2	0	0	0	212.4	173.1	212.4	173.1	220.9	186.9	16.22	815.6	0
12.525	51	4	0	0	0	212.7	172.3	212.7	172.3	220.9	186.9	16.73	837	0
12.525	51	0	0	215	179.2	212.7	173.5	212.7	173.5	220.9	186.9	15.7	795.1	0
12.525	51	6	0	0	0	213	172.8	213	172.8	220.9	186.9	16.17	815.1	0
12.525	51	3	0	0	0	212.5	172.6	212.5	172.6	220.9	186.9	16.56	829.5	0
12.525	51	1	0	201.9	196.5	212.6	173.4	212.6	173.4	220.9	186.9	15.88	802.1	0
12.525	51	5	0	0	0	212.8	172.5	212.8	172.5	220.9	186.9	16.53	829.2	0
12.525	51	7	0	224.6	190	212.9	173.2	212.9	173.2	220.9	186.9	15.84	801.8	0
12.775	52	2	0	0	0	213.9	177.2	213.9	177.2	221.8	186.9	12.49	828.1	0
12.775	52	4	0	0	0	213.7	176.5	213.7	176.5	221.8	186.9	13.15	850.1	0
12.775	52	0	0	215.8	207.2	214.1	177.9	214.1	177.9	221.8	186.9	11.82	807	0
12.775	52	6	0	0	0	214	177.3	214	177.3	221.8	186.9	12.42	827.6	0
12.775	52	3	0	0	0	213.8	176.8	213.8	176.8	221.8	186.9	12.93	842.5	0
12.775	52	1	0	218.3	184.3	214	177.7	214	177.7	221.8	186.9	12.06	814.2	0
12.775	52	5	0	0	0	213.8	176.8	213.8	176.8	221.8	186.9	12.88	842.1	0
12.775	52	7	0	222.4	180.7	214.1	177.7	214.1	177.7	221.8	186.9	12.01	813.8	0
13.025	53	2	0	0	0	216.4	179.5	216.4	179.5	219.8	185.2	6.625	834.8	0
13.025	53	4	0	0	0	216	179	216	179	219.8	185.2	7.26	857.4	0
13.025	53	0	0	239.8	189.1	216.8	179.7	216.8	179.7	219.8	185.2	6.184	813.1	0
13.025	53	6	0	0	0	216.5	179.2	216.5	179.2	219.8	185.2	6.776	834.3	0
13.025	53	3	0	0	0	216.1	179.2	216.1	179.2	219.8	185.2	7.013	849.5	0
13.025	53	1	0	215.2	191	216.7	179.7	216.7	179.7	219.8	185.2	6.308	820.5	0
13.025	53	5	0	0	0	216.2	179	216.2	179	219.8	185.2	7.111	849.2	0
13.025	53	7	0	216.1	178.2	216.7	179.5	216.7	179.5	219.8	185.2	6.407	820.2	0
13.275	54	2	0	0	0	217.3	180.1	217.3	180.1	225	190.6	12.99	847.8	0
13.275	54	4	0	0	0	217.1	180	217.1	180	225	190.6	13.2	870.6	0
13.275	54	0	0	0	0	217.4	180.3	217.4	180.3	225	190.6	12.77	825.9	0
13.275	54	6	0	0	0	217.1	180.3	217.1	180.3	225	190.6	12.97	847.3	0
13.275	54	3	0	0	0	217.2	180	217.2	180	225	190.6	13.13	862.6	0
13.275	54	1	0	225.9	180.6	217.4	180.2	217.4	180.2	225	190.6	12.85	833.4	0
13.275	54	5	0	0	0	217.1	180.1	217.1	180.1	225	190.6	13.12	862.3	0
13.275	54	7	0	217.2	191.5	217.3	180.3	217.3	180.3	225	190.6	12.84	833	0
13.525	55	2	0	0	0	217.9	181.6	217.9	181.6	223.5	194.2	13.76	861.5	0
13.525	55	4	0	0	0	217.6	181.5	217.6	181.5	223.5	194.2	13.98	884.6	0
13.525	55	0	0	0	0	217.8	182	217.8	182	223.5	194.2	13.49	839.4	0
13.525	55	6	0	0	0	217.4	181.9	217.4	181.9	223.5	194.2	13.7	861	0
13.525	55	3	0	0	0	217.8	181.5	217.8	181.5	223.5	194.2	13.91	876.5	0
13.525	55	1	0	228.7	185.1	217.9	181.8	217.9	181.8	223.5	194.2	13.59	846.9	0
13.525	55	5	0	0	0	217.5	181.7	217.5	181.7	223.5	194.2	13.88	876.2	0
13.525	55	7	0	209	199.9	217.6	182	217.6	182	223.5	194.2	13.55	846.6	0
13.775	56	2	0	0	0	216.8	184.7	216.8	184.7	224.3	197.1	14.54	876	0
13.775	56	4	0	0	0	217.2	184.1	217.2	184.1	224.3	197.1	14.87	899.4	0
13.775	56	0	0	0	0	217.1	184.9	217.1	184.9	224.3	197.1	14.23	853.6	0
13.775	56	6	0	0	0	217.6	184.3	217.6	184.3	224.3	197.1	14.55	875.6	0
13.775	56	3	0	0	0	217	184.4	217	184.4	224.3	197.1	14.75	891.3	0
13.775	56	1	0	200.3	207.3	216.9	184.9	216.9	184.9	224.3	197.1	14.33	861.3	0
13.775	56	5	0	0	0	217.5	184.1	217.5	184.1	224.3	197.1	14.77	891	0
13.775	56	7	0	233.3	192.6	217.4	184.6	217.4	184.6	224.3	197.1	14.34	860.9	0
14.025	57	2	0	0	0	218.9	188.8	218.9	188.8	230.8	198.5	15.36	891.4	0
14.025	57	4	0	0	0	218.9	188.2	218.9	188.2	230.8	198.5	15.69	915.1	0
14.025	57	0	0	0	0	218.5	188.8	218.5	188.8	230.8	198.5	15.65	869.3	0
14.025	57	6	0	0	0	218.6	188.2	218.6	188.2	230.8	198.5	15.98	891.5	0
14.025	57	3	0	233.8	199.1	219	188.5	219	188.5	230.8	198.5	15.48	906.7	0
14.025	57	1	0	217.7	210.8	218.7	188.9	218.7	188.9	230.8	198.5	15.46	876.7	0
14.025	57	5	0	0	0	218.8	188.1	218.8	188.1	230.8	198.5	15.89	906.9	0
14.025	57	7	0	220.5	200.2	218.5	188.5	218.5	188.5	230.8	198.5	15.86	876.8	0
14.275	58	2	0	0	0	219.4	189.7	219.4	189.7	237.7	199.1	20.53	911.9	0
14.275	58	4	0	0	0	219.2	189.6	219.2	189.6	237.7	199.1	20.74	935.9	0
14.275	58	0	0	0	0	219.9	189.8	219.9	189.8	237.7	199.1	20.01	889.3	0
14.275	58	6	0	0	0	219.8	189.7	219.8	189.7	237.7	199.1	20.2	911.8	0
14.275	58	3	0	210.2	191.1	219.2	189.6	219.2	189.6	237.7	199.1	20.71	927.5	0
14.275	58	1	0	226.2	193.3	219.7	189.8	219.7	189.8	237.7	199.1	20.24	897	0
14.275	58	5	0	0	0	219.5	189.6	219.5	189.6	237.7	199.1	20.51	927.4	0
14.275	58	7	0	236.2	200.3	219.9	189.8	219.9	189.8	237.7	199.1	20.02	896.8	0
14.525	59	2	0	0	0	226.1	191.9	226.1	191.9	239.2	201.9	16.5	928.4	0
14.525	59	4	0	0	0	225.5	191.7	225.5	191.7	239.2	201.9	17.08	952.9	0
14.525	59	0	0	0	0	225.6	192	225.6	192	239.2	201.9	16.86	906.1	0
14.525	59	6	0	0	0	225	191.8	225	191.8	239.2	201.9	17.45	929.2	0
14.525	59	3	0	254.7	198.2	225.9	191.8	225.9	191.8	239.2	201.9	16.73	944.2	0
14.525	59	1	0	248.5	199.6	226	192	226	192	239.2	201.9	16.59	913.6	0
14.525	59	5	0	0	0	225.2	191.7	225.2	191.7	239.2	201.9	17.35	944.7	0
14.525	59	7	0	238.4	202.9	225.3	191.9	225.3	191.9	239.2	201.9	17.21	914	0
14.775	60	2	0	0	0	229.1	193.7	229.1	193.7	244.5	200.4	16.81	945.3	0
14.775	60	4	0	0	0	228.9	193.4	228.9	193.4	244.5	200.4	17.05	970	0
14.775	60	0	0	0	0	228.6	194.1	228.6	194.1	244.5	200.4	17.08	923.2	0
14.775	60	6	0	0	0	228.4	193.9	228.4	193.9	244.5	200.4	17.33	946.5	0
14.775	60	3	0	250.8	190.6	229.1	193.5	229.1	193.5	244.5	200.4	16.89	961.1	0
14.775	60	1	0	233.6	203.2	228.9	193.9	228.9	193.9	244.5	200.4	16.9	930.5	0
14.775	60	5	0	0	0	228.7	193.6	228.7	193.6	244.5	200.4	17.23	961.9	0
14.775	60	7	0	235.8	213.6	228.4	194.1	228.4	194.1	244.5	200.4	17.25	931.3	0
15.025	61	2	0	0	0	230.6	193.6	230.6	193.6	244	199.1	14.51	959.8	0
15.025	61	4	0	0	0	230.3	193.7	230.3	193.7	244	199.1	14.72	984.7	0
15.025	61	0	0	0	0	230.6	193.3	230.6	193.3	244	199.1	14.6	937.8	0
15.025	61	6	0	0	0	230.4	193.4	230.4	193.4	244	199.1	14.81	961.3	0
15.025	61	3	0	232.9	200.6	230.4	193.7	230.4	193.7	244	199.1	14.6	975.7	0
15.025	61	1	0	240.2	189.9	230.6	193.5	230.6	193.5	244	199.1	14.52	945	0
15.025	61	5	0	0	0	230.3	193.5	230.3	193.5	244	199.1	14.79	976.7	0
15.025	61	7	0	238.1	184.1	230.5	193.3	230.5	193.3	244	199.1	14.72	946	0
15.275	62	2	0	0	0	234.6	196.7	234.6	196.7	247	200.1	12.85	972.6	0
15.275	62	4	0	0	0	234.1	196.5	234.1	196.5	247	200.1	13.32	998	0
15.275	62	0	0	0	0	234.5	196.4	234.5	196.4	247	200.1	13.04	950.9	0
15.275	62	6	0	0	0	234	196.2	234	196.2	247	200.1	13.53	974.9	0
15.275	62	3	0	247.8	211.5	234.4	196.7	234.4	196.7	247	200.1	13.05	988.7	0
15.275	62	1	0	251.1	207.1	234.6	196.6	234.6	196.6	247	200.1	12.87	957.9	0
15.275	62	5	0	0	0	234	196.3	234	196.3	247	200.1	13.51	990.2	0
15.275	62	7	0	246.9	202.4	234.2	196.3	234.2	196.3	247	200.1	13.32	959.3	0
15.525	63	2	0	0	0	237.6	200	237.6	200	253	203.5	15.78	988.4	0
15.525	63	4	0	0	0	237.2	199.8	237.2	199.8	253	203.5	16.2	1014	0
15.525	63	0	0	0	0	237.3	199.5	237.3	199.5	253	203.5	16.18	967.1	0
15.525	63	6	0	0	0	236.9	199.2	236.9	199.2	253	203.5	16.62	991.5	0
15.525	63	3	0	250.7	221.2	237.5	200	237.5	200	253	203.5	15.93	1005	0
15.525	63	1	0	251.1	208.8	237.5	199.8	237.5	199.8	253	203.5	15.92	973.8	0
15.525	63	5	0	0	0	237	199.5	237	199.5	253	203.5	16.47	1007	0
15.525	63	7	0	241.4	201.6	237.1	199.3	237.1	199.3	253	203.5	16.46	975.8	0
15.775	64	2	0	0	0	240.7	200.3	240.7	200.3	255.3	204.2	15.12	1004	0
15.775	64	4	0	0	0	240.5	200.1	240.5	200.1	255.3	204.2	15.36	1030	0
15.775	64	0	0	0	0	240.7	200.4	240.7	200.4	255.3	204.2	15.18	982.2	0
15.775	64	6	0	0	0	240.4	200.3	240.4	200.3	255.3	204.2	15.42	1007	0
15.775	64	3	0	254.9	197.8	240.7	200.2	240.7	200.2	255.3	204.2	15.23	1020	0
15.775	64	1	0	247.9	205.5	240.7	200.4	240.7	200.4	255.3	204.2	15.11	988.9	0
15.775	64	5	0	0	0	240.5	200.2	240.5	200.2	255.3	204.2	15.43	1022	0
15.775	64	7	0	257.6	205.7	240.5	200.4	240.5	200.4	255.3	204.2	15.3	991.1	0
16.025	65	2	0	0	0	244.7	199.7	244.7	199.7	258.2	201.2	13.62	1017	0
16.025	65	4	0	0	0	244.5	199.6	244.5	199.6	258.2	201.2	13.87	1043	0
16.025	65	0	0	0	0	245.1	199.7	245.1	199.7	258.2	201.2	13.19	995.4	0
16.025	65	6	0	0	0	244.9	199.6	244.9	199.6	258.2	201.2	13.42	1020	0
16.025	65	3	0	253.2	195.5	244.5	199.7	244.5	199.7	258.2	201.2	13.81	1034	0
16.025	65	1	0	253.5	202.5	245	199.7	245	199.7	258.2	201.2	13.37	1002	0
16.025	65	5	0	0	0	244.7	199.6	244.7	199.6	258.2	201.2	13.68	1036	0
16.025	65	7	0	281.7	193.4	245.1	199.7	245.1	199.7	258.2	201.2	13.23	1004	0
16.275	66	2	0	0	0	248.5	201.5	248.5	201.5	255.6	203.7	7.457	1025	0
16.275	66	4	0	0	0	248.3	201.4	248.3	201.4	255.6	203.7	7.732	1051	0
16.275	66	0	0	0	0	248.2	201	248.2	201	255.6	203.7	7.971	1003	0
16.275	66	6	0	0	0	247.9	200.9	247.9	200.9	255.6	203.7	8.263	1029	0
16.275	66	3	0	268.4	216.3	248.5	201.5	248.5	201.5	255.6	203.7	7.513	1041	0
16.275	66	1	0	258.1	205.6	248.4	201.3	248.4	201.3	255.6	203.7	7.668	1010	0
16.275	66	5	0	0	0	248	201.1	248	201.1	255.6	203.7	8.04	1044	0
16.275	66	7	0	254.3	194.8	248	200.9	248	200.9	255.6	203.7	8.199	1013	0
16.525	67	2	0	0	0	250.7	200.6	250.7	200.6	256.2	202	5.664	1030	0
16.525	67	4	0	0	0	250.6	200.7	250.6	200.7	256.2	202	5.8	1057	0
16.525	67	0	0	0	0	250.6	200.2	250.6	200.2	256.2	202	5.873	1009	0
16.525	67	6	0	0	0	250.4	200.4	250.4	200.4	256.2	202	6.007	1035	0
16.525	67	3	0	261.1	205.2	250.7	200.7	250.7	200.7	256.2	202	5.7	1047	0
16.525	67	1	0	257	194.5	250.7	200.4	250.7	200.4	256.2	202	5.747	1016	0
16.525	67	5	0	0	0	250.5	200.6	250.5	200.6	256.2	202	5.924	1050	0
16.525	67	7	0	260.6	191.1	250.5	200.2	250.5	200.2	256.2	202	5.973	1018	0
16.775	68	2	0	0	0	254.3	198	254.3	198	254	199.8	1.873	1032	0
16.775	68	4	0	0	0	253.9	198.2	253.9	198.2	254	199.8	1.61	1059	0
16.775	68	0	0	0	0	254.3	198	254.3	198	254	199.8	1.816	1011	0
16.775	68	6	0	0	0	253.8	198.3	253.8	198.3	254	199.8	1.562	1036	0
16.775	68	3	0	263.1	189.3	254.1	198.1	254.1	198.1	254	199.8	1.736	1049	0
16.775	68	1	0	272.9	188.6	254.4	197.9	254.4	197.9	254	199.8	1.894	1018	0
16.775	68	5	0	0	0	253.8	198.3	253.8	198.3	254	199.8	1.557	1051	0
16.775	68	7	0	265.2	189.8	254	198.1	254	198.1	254	199.8	1.666	1020	0
17.025	69	2	0	0	0	255.1	197.4	255.1	197.4	254.1	199.2	2.03	1034	0
17.025	69	4	0	0	0	255	197.8	255	197.8	254.1	199.2	1.67	1060	0
17.025	69	0	0	0	0	255.2	197.2	255.2	197.2	254.1	199.2	2.285	1013	0
17.025	69	6	0	0	0	255.2	197.6	255.2	197.6	254.1	199.2	1.93	1038	0
17.025	69	3	0	255.9	204.9	255	197.6	255	197.6	254.1	199.2	1.811	1050	0
17.025	69	1	0	257.5	183.5	255.2	197.2	255.2	197.2	254.1	199.2	2.212	1020	0
17.025	69	5	0	0	0	255.1	197.7	255.1	197.7	254.1	199.2	1.743	1053	0
17.025	69	7	0	265.9	196.8	255.2	197.3	255.2	197.3	254.1	199.2	2.149	1022	0
17.275	70	2	0	0	0	254.2	199.1	254.2	199.1	254.4	202.8	3.687	1038	0
17.275	70	4	0	0	0	254	199.2	254	199.2	254.4	202.8	3.579	1064	0
17.275	70	0	0	0	0	254.3	199.3	254.3	199.3	254.4	202.8	3.416	1017	0
17.275	70	6	0	0	0	254.1	199.5	254.1	199.5	254.4	202.8	3.298	1041	0
17.275	70	3	0	245	204.5	254.1	199.1	254.1	199.1	254.4	202.8	3.675	1054	0
17.275	70	1	0	261.5	195.4	254.3	199.2	254.3	199.2	254.4	202.8	3.571	1023	0
17.275	70	5	0	0	0	254	199.3	254	199.3	254.4	202.8	3.422	1057	0
17.275	70	7	0	243.5	222.7	254.2	199.4	254.2	199.4	254.4	202.8	3.312	1026	0
17.525	71	2	0	0	0	257.6	202	257.6	202	259.1	201.9	1.505	1039	0
17.525	71	4	0	0	0	257	201.9	257	201.9	259.1	201.9	2.091	1066	0
17.525	71	0	0	0	0	257.6	201.4	257.6	201.4	259.1	201.9	1.615	1018	0
17.525	71	6	0	0	0	257	201.3	257	201.3	259.1	201.9	2.205	1044	0
17.525	71	3	0	262.5	223.3	257.3	202	257.3	202	259.1	201.9	1.792	1056	0
17.525	71	1	0	280.8	204.8	257.7	201.7	257.7	201.7	259.1	201.9	1.446	1025	0
17.525	71	5	0	0	0	256.9	201.6	256.9	201.6	259.1	201.9	2.224	1059	0
17.525	71	7	0	262.7	200.3	257.3	201.3	257.3	201.3	259.1	201.9	1.938	1028	0
17.775	72	2	0	0	0	258.2	202.6	258.2	202.6	256.5	200.9	2.374	1042	0
17.775	72	4	0	0	0	257.8	202.7	257.8	202.7	256.5	200.9	2.223	1068	0
17.775	72	0	0	0	0	257.9	202.5	257.9	202.5	256.5	200.9	2.09	1020	0
17.775	72	6	0	0	0	257.5	202.6	257.5	202.6	256.5	200.9	1.953	1046	0
17.775	72	3	0	260.5	210.6	258.1	202.7	258.1	202.7	256.5	200.9	2.338	1058	0
17.775	72	1	0	269.8	198.7	258.1	202.5	258.1	202.5	256.5	200.9	2.258	1027	0
17.775	72	5	0	0	0	257.6	202.7	257.6	202.7	256.5	200.9	2.068	1061	0
17.775	72	7	0	245.8	209.9	257.7	202.5	257.7	202.5	256.5	200.9	1.973	1030	0
18.025	73	2	0	0	0	258.1	203.9	258.1	203.9	257.8	201.8	2.174	1044	0
18.025	73	4	0	0	0	258	203.8	258	203.8	257.8	201.8	2.085	1070	0
18.025	73	0	0	0	0	258	203.4	258	203.4	257.8	201.8	1.694	1022	0
18.025	73	6	0	0	0	257.9	203.3	257.9	203.3	257.8	201.8	1.593	1047	0
18.025	73	3	0	259.5	215.8	258	204	258	204	257.8	201.8	2.205	1060	0
18.025	73	1	0	258.5	207.7	258	203.7	258	203.7	257.8	201.8	1.949	1029	0
18.025	73	5	0	0	0	258	203.6	258	203.6	257.8	201.8	1.825	1063	0
18.025	73	7	0	256.9	195.2	257.9	203.3	257.9	203.3	257.8	201.8	1.568	1031	0
18.275	74	2	0	0	0	261.1	203	261.1	203	257.9	201	3.699	1048	0
18.275	74	4	0	0	0	260.6	202.6	260.6	202.6	257.9	201	3.063	1073	0
18.275	74	0	0	0	0	260.9	203	260.9	203	257.9	201	3.541	1026	0
18.275	74	6	0	0	0	260.4	202.6	260.4	202.6	257.9	201	2.891	1050	0
18.275	74	3	0	269.1	188.5	260.9	202.8	260.9	202.8	257.9	201	3.41	1064	0
18.275	74	1	0	280.1	220.6	261	203.1	261	203.1	257.9	201	3.717	1033	0
18.275	74	5	0	0	0	260.4	202.5	260.4	202.5	257.9	201	2.875	1066	0
18.275	74	7	0	261.2	186.8	260.6	202.8	260.6	202.8	257.9	201	3.194	1034	0
18.525	75	2	0	0	0	261.7	201.2	261.7	201.2	261.3	199.2	2.129	1050	0
18.525	75	4	0	0	0	261.6	201.5	261.6	201.5	261.3	199.2	2.408	1076	0
18.525	75	0	0	0	0	261.7	201.5	261.7	201.5	261.3	199.2	2.411	1028	0
18.525	75	6	0	0	0	261.5	201.9	261.5	201.9	261.3	199.2	2.704	1053	0
18.525	75	3	0	264.2	196.5	261.7	201.4	261.7	201.4	261.3	199.2	2.221	1066	0
18.525	75	1	0	266.2	187.4	261.7	201.3	261.7	201.3	261.3	199.2	2.227	1035	0
18.525	75	5	0	0	0	261.5	201.7	261.5	201.7	261.3	199.2	2.602	1068	0
18.525	75	7	0	264.8	210.3	261.6	201.7	261.6	201.7	261.3	199.2	2.6	1037	0
18.775	76	2	0	0	0	258.9	200.4	258.9	200.4	261.8	202	3.29	1053	0
18.775	76	4	0	0	0	258.9	200.7	258.9	200.7	261.8	202	3.191	1079	0
18.775	76	0	0	0	0	259.3	200.1	259.3	200.1	261.8	202	3.129	1031	0
18.775	76	6	0	0	0	259.3	200.4	259.3	200.4	261.8	202	2.987	1056	0
18.775	76	3	0	238.4	206.2	258.8	200.6	258.8	200.6	261.8	202	3.273	1069	0
18.775	76	1	0	259.7	189.8	259.1	200.2	259.1	200.2	261.8	202	3.221	1038	0
18.775	76	5	0	0	0	259	200.6	259	200.6	261.8	202	3.063	1071	0
18.775	76	7	0	251.3	190.2	259.3	200.2	259.3	200.2	261.8	202	3.034	1040	0
19.025	77	2	0	0	0	258	198.3	258	198.3	259.2	201.3	3.251	1056	0
19.025	77	4	0	0	0	258	198.4	258	198.4	259.2	201.3	3.153	1082	0
19.025	77	0	0	0	0	258.4	198.7	258.4	198.7	259.2	201.3	2.79	1034	0
19.025	77	6	0	0	0	258.4	198.7	258.4	198.7	259.2	201.3	2.681	1058	0
19.025	77	3	0	248.2	183.1	257.9	198.3	257.9	198.3	259.2	201.3	3.277	1073	0
19.025	77	1	0	255.6	195.9	258.2	198.5	258.2	198.5	259.2	201.3	3.034	1041	0
19.025	77	5	0	0	0	258.2	198.6	258.2	198.6	259.2	201.3	2.898	1074	0
19.025	77	7	0	263.9	197.4	258.5	198.8	258.5	198.8	259.2	201.3	2.665	1043	0
19.275	78	2	0	0	0	259.3	199.8	259.3	199.8	265	203.9	7.009	1063	0
19.275	78	4	0	0	0	259.6	199.8	259.6	199.8	265	203.9	6.831	1089	0
19.275	78	0	0	0	0	259	199.6	259	199.6	265	203.9	7.318	1041	0
19.275	78	6	0	0	0	259.3	199.6	259.3	199.6	265	203.9	7.145	1066	0
19.275	78	3	0	275.4	208.3	259.5	199.8	259.5	199.8	265	203.9	6.872	1080	0
19.275	78	1	0	250.4	200.2	259.2	199.7	259.2	199.7	265	203.9	7.19	1048	0
19.275	78	5	0	0	0	259.5	199.7	259.5	199.7	265	203.9	6.959	1081	0
19.275	78	7	0	264.1	203.4	259.1	199.6	259.1	199.6	265	203.9	7.281	1050	0
19.525	79	2	0	0	0	259.7	201.9	259.7	201.9	269.6	206.1	10.77	1074	0
19.525	79	4	0	0	0	259.7	201.7	259.7	201.7	269.6	206.1	10.92	1100	0
19.525	79	0	0	0	0	259.6	202	259.6	202	269.6	206.1	10.85	1052	0
19.525	79	6	0	0	0	259.5	201.9	259.5	201.9	269.6	206.1	11	1077	0
19.525	79	3	0	261.7	205.5	259.7	201.8	259.7	201.8	269.6	206.1	10.83	1090	0
19.525	79	1	0	263.9	209.7	259.7	202	259.7	202	269.6	206.1	10.79	1059	0
19.525	79	5	0	0	0	259.6	201.7	259.6	201.7	269.6	206.1	10.99	1092	0
19.525	79	7	0	255.1	217.2	259.5	202	259.5	202	269.6	206.1	10.94	1061	0
19.775	80	2	0	0	0	263.4	202.9	263.4	202.9	275.4	206.6	12.59	1087	0
19.775	80	4	0	0	0	262.7	203	262.7	203	275.4	206.6	13.23	1113	0
19.775	80	0	0	0	0	263.3	202.5	263.3	202.5	275.4	206.6	12.77	1065	0
19.775	80	6	0	0	0	262.6	202.5	262.6	202.5	275.4	206.6	13.41	1090	0
19.775	80	3	0	267.5	216.8	263.1	203	263.1	203	275.4	206.6	12.88	1103	0
19.775	80	1	0	291	199.6	263.5	202.7	263.5	202.7	275.4	206.6	12.58	1072	0
19.775	80	5	0	0	0	262.6	202.8	262.6	202.8	275.4	206.6	13.42	1105	0
19.775	80	7	0	267.2	198.7	263	202.4	263	202.4	275.4	206.6	13.12	1074	0
20.025	81	2	0	0	0	265	205.4	265	205.4	276.6	210.7	12.75	1099	0
20.025	81	4	0	0	0	264.6	205.3	264.6	205.3	276.6	210.7	13.12	1126	0
20.025	81	0	0	0	0	264.1	205	264.1	205	276.6	210.7	13.73	1079	0
20.025	81	6	0	0	0	263.7	204.9	263.7	204.9	276.6	210.7	14.13	1104	0
20.025	81	3	0	282.2	221.4	264.9	205.4	264.9	205.4	276.6	210.7	12.78	1116	0
20.025	81	1	0	276.6	211.8	264.6	205.3	264.6	205.3	276.6	210.7	13.17	1085	0
20.025	81	5	0	0	0	264.1	205.1	264.1	205.1	276.6	210.7	13.68	1119	0
20.025	81	7	0	240.5	207.5	263.8	204.9	263.8	204.9	276.6	210.7	14.08	1088	0
20.275	82	2	0	0	0	266.9	204.7	266.9	204.7	279.7	215.9	16.92	1116	0
20.275	82	4	0	0	0	266.7	204.8	266.7	204.8	279.7	215.9	17.03	1143	0
20.275	82	0	0	0	0	266.4	204.8	266.4	204.8	279.7	215.9	17.26	1096	0
20.275	82	6	0	0	0	266.2	204.9	266.2	204.9	279.7	215.9	17.38	1121	0
20.275	82	3	0	282.2	202.7	266.9	204.7	266.9	204.7	279.7	215.9	16.92	1133	0
20.275	82	1	0	274.2	201.2	266.7	204.7	266.7	204.7	279.7	215.9	17.07	1102	0
20.275	82	5	0	0	0	266.4	204.8	266.4	204.8	279.7	215.9	17.22	1136	0
20.275	82	7	0	265.3	207.3	266.2	204.8	266.2	204.8	279.7	215.9	17.37	1105	0
20.525	83	2	0	0	0	267.5	204.2	267.5	204.2	281.8	214.2	17.49	1134	0
20.525	83	4	0	0	0	267.4	204.5	267.4	204.5	281.8	214.2	17.35	1161	0
20.525	83	0	0	0	0	267.3	204	267.3	204	281.8	214.2	17.76	1114	0
20.525	83	6	0	0	0	267.2	204.4	267.2	204.4	281.8	214.2	17.62	1139	0
20.525	83	3	0	272.8	211.6	267.5	204.4	267.5	204.4	281.8	214.2	17.38	1150	0
20.525	83	1	0	269.3	191.1	267.4	204	267.4	204	281.8	214.2	17.64	1120	0
20.525	83	5	0	0	0	267.3	204.5	267.3	204.5	281.8	214.2	17.46	1154	0
20.525	83	7	0	0	0	267.2	204.1	267.2	204.1	281.8	214.2	17.73	1123	0
20.775	84	2	0	0	0	271.3	203.4	271.3	203.4	284.8	217.3	19.31	1153	0
20.775	84	4	0	0	0	271	203.4	271	203.4	284.8	217.3	19.55	1180	0
20.775	84	0	0	0	0	270.7	203.7	270.7	203.7	284.8	217.3	19.59	1133	0
20.775	84	6	0	0	0	270.3	203.6	270.3	203.6	284.8	217.3	19.85	1159	0
20.775	84	3	0	294.9	192.8	271.3	203.3	271.3	203.3	284.8	217.3	19.39	1170	0
20.775	84	1	0	282	207	271	203.6	271	203.6	284.8	217.3	19.41	1139	0
20.775	84	5	0	0	0	270.6	203.5	270.6	203.5	284.8	217.3	19.74	1174	0
20.775	84	7	0	0	0	270.4	203.7	270.4	203.7	284.8	217.3	19.77	1143	0
21.025	85	2	0	0	0	275.5	206.2	275.5	206.2	284.4	217.1	14.1	1167	0
21.025	85	4	0	0	0	274.7	205.8	274.7	205.8	284.4	217.1	14.91	1195	0
21.025	85	0	0	0	0	275.1	206	275.1	206	284.4	217.1	14.49	1148	0
21.025	85	6	0	0	0	274.3	205.6	274.3	205.6	284.4	217.1	15.35	1174	0
21.025	85	3	0	286.2	214.7	275.1	206	275.1	206	284.4	217.1	14.44	1184	0
21.025	85	1	0	305.1	221.3	275.4	206.2	275.4	206.2	284.4	217.1	14.17	1153	0
21.025	85	5	0	0	0	274.3	205.6	274.3	205.6	284.4	217.1	15.26	1189	0
21.025	85	7	0	0	0	274.6	205.7	274.6	205.7	284.4	217.1	14.98	1158	0
21.275	86	2	0	0	0	278.4	208.7	278.4	208.7	284.4	219.2	12.05	1179	0
21.275	86	4	0	0	0	278	208.6	278	208.6	284.4	219.2	12.31	1207	0
21.275	86	0	0	0	0	277.9	208.1	277.9	208.1	284.4	219.2	12.87	1161	0
21.275	86	6	0	0	0	277.5	208	277.5	208	284.4	219.2	13.16	1187	0
21.275	86	3	0	296.9	230.9	278.3	208.8	278.3	208.8	284.4	219.2	12.05	1196	0
21.275	86	1	0	290	210.3	278.2	208.4	278.2	208.4	284.4	219.2	12.41	1166	0
21.275	86	5	0	0	0	277.7	208.3	277.7	208.3	284.4	219.2	12.77	1202	0
21.275	86	7	0	0	0	277.6	207.9	277.6	207.9	284.4	219.2	13.14	1171	0
21.525	87	2	0	0	0	278.7	213.5	278.7	213.5	281.6	216.6	4.238	1183	0
21.525	87	4	0	0	0	278.3	213.4	278.3	213.4	281.6	216.6	4.577	1212	0
21.525	87	0	0	0	0	278.9	212.3	278.9	212.3	281.6	216.6	5.064	1166	0
21.525	87	6	0	0	0	278.5	212.2	278.5	212.2	281.6	216.6	5.393	1193	0
21.525	87	3	0	272	253.6	278.5	213.6	278.5	213.6	281.6	216.6	4.295	1200	0
21.525	87	1	0	292.4	216.8	278.9	212.9	278.9	212.9	281.6	216.6	4.578	1170	0
21.525	87	5	0	0	0	278.3	212.8	278.3	212.8	281.6	216.6	5.015	1207	0
21.525	87	7	0	0	0	278.7	212.1	278.7	212.1	281.6	216.6	5.369	1176	0
21.775	88	2	0	0	0	280.6	216	280.6	216	281.7	216.9	1.423	1185	0
21.775	88	4	0	0	0	280.2	215.7	280.2	215.7	281.7	216.9	1.961	1214	0
21.775	88	0	0	0	0	280.5	215.5	280.5	215.5	281.7	216.9	1.817	1168	0
21.775	88	6	0	0	0	280.1	215.1	280.1	215.1	281.7	216.9	2.37	1195	0
21.775	88	3	0	282.9	230.2	280.4	215.9	280.4	215.9	281.7	216.9	1.634	1202	0
21.775	88	1	0	295.9	228.2	280.6	215.8	280.6	215.8	281.7	216.9	1.527	1172	0
21.775	88	5	0	0	0	280	215.3	280	215.3	281.7	216.9	2.244	1209	0
21.775	88	7	0	0	0	280.3	215.2	280.3	215.2	281.7	216.9	2.158	1179	0
22.025	89	2	0	0	0	281.3	214.1	281.3	214.1	281.1	213.9	0.3234	1185	0
22.025	89	4	0	0	0	281.1	214.5	281.1	214.5	281.1	213.9	0.5877	1214	0
22.025	89	0	0	0	0	281.3	214.1	281.3	214.1	281.1	213.9	0.2578	1168	0
22.025	89	6	0	0	0	281	214.4	281	214.4	281.1	213.9	0.5372	1196	0
22.025	89	3	0	282.1	214.9	281.2	214.3	281.2	214.3	281.1	213.9	0.4362	1203	0
22.025	89	1	0	288.9	200.1	281.3	214.1	281.3	214.1	281.1	213.9	0.2817	1172	0
22.025	89	5	0	0	0	281	214.5	281	214.5	281.1	213.9	0.6205	1209	0
22.025	89	7	0	0	0	281.1	214.2	281.1	214.2	281.1	213.9	0.3538	1179	0
22.275	90	2	0	0	0	282.4	216.7	282.4	216.7	283.7	217.5	1.573	1187	0
22.275	90	4	0	0	0	282.1	216.6	282.1	216.6	283.7	217.5	1.87	1216	0
22.275	90	0	0	0	0	282.3	216.3	282.3	216.3	283.7	217.5	1.852	1170	0
22.275	90	6	0	0	0	282	216.1	282	216.1	283.7	217.5	2.153	1198	0
22.275	90	3	0	283	231.8	282.2	216.7	282.2	216.7	283.7	217.5	1.683	1204	0
22.275	90	1	0	292.2	222.4	282.4	216.5	282.4	216.5	283.7	217.5	1.659	1174	0
22.275	90	5	0	0	0	282	216.3	282	216.3	283.7	217.5	2.051	1212	0
22.275	90	7	0	0	0	282.2	216.1	282.2	216.1	283.7	217.5	2.05	1181	0
22.525	91	2	0	0	0	282.3	214.7	282.3	214.7	286.3	218.3	5.403	1192	0
22.525	91	4	0	0	0	282.1	214.8	282.1	214.8	286.3	218.3	5.536	1222	0
22.525	91	0	0	0	0	282.6	214.9	282.6	214.9	286.3	218.3	5.072	1175	0
22.525	91	6	0	0	0	282.3	215	282.3	215	286.3	218.3	5.202	1203	0
22.525	91	3	0	273.9	204.5	282.2	214.7	282.2	214.7	286.3	218.3	5.517	1210	0
22.525	91	1	0	292.4	209.4	282.5	214.8	282.5	214.8	286.3	218.3	5.221	1179	0
22.525	91	5	0	0	0	282.1	214.9	282.1	214.9	286.3	218.3	5.393	1217	0
22.525	91	7	0	0	0	282.5	215	282.5	215	286.3	218.3	5.081	1186	0
22.775	92	2	0	0	0	283.4	215.4	283.4	215.4	288.1	222.8	8.776	1201	0
22.775	92	4	0	0	0	283.5	215.2	283.5	215.2	288.1	222.8	8.883	1231	0
22.775	92	0	0	0	0	283.1	215.4	283.1	215.4	288.1	222.8	8.892	1184	0
22.775	92	6	0	0	0	283.1	215.3	283.1	215.3	288.1	222.8	9	1212	0
22.775	92	3	0	295.9	213.5	283.5	215.3	283.5	215.3	288.1	222.8	8.812	1219	0
22.775	92	1	0	279.9	222.3	283.2	215.4	283.2	215.4	288.1	222.8	8.816	1188	0
22.775	92	5	0	0	0	283.3	215.2	283.3	215.2	288.1	222.8	8.957	1226	0
22.775	92	7	0	0	0	283.1	215.4	283.1	215.4	288.1	222.8	8.965	1195	0
23.025	93	2	0	0	0	283.8	217.5	283.8	217.5	288	221.2	5.572	1207	0
23.025	93	4	0	0	0	283.8	217.6	283.8	217.6	288	221.2	5.522	1236	0
23.025	93	0	0	0	0	283.6	217	283.6	217	288	221.2	6.08	1190	0
23.025	93	6	0	0	0	283.7	217	283.7	217	288	221.2	6.044	1218	0
23.025	93	3	0	289.6	237.8	283.9	217.6	283.9	217.6	288	221.2	5.471	1224	0
23.025	93	1	0	282.3	216.1	283.7	217.3	283.7	217.3	288	221.2	5.828	1194	0
23.025	93	5	0	0	0	283.8	217.3	283.8	217.3	288	221.2	5.771	1232	0
23.025	93	7	0	0	0	283.6	216.9	283.6	216.9	288	221.2	6.146	1201	0
23.275	94	2	0	0	0	281.4	218.3	281.4	218.3	285.7	222.1	5.644	1212	0
23.275	94	4	0	0	0	281.5	218.4	281.5	218.4	285.7	222.1	5.509	1242	0
23.275	94	0	0	0	0	281.8	218	281.8	218	285.7	222.1	5.599	1195	0
23.275	94	6	0	0	0	282	218.1	282	218.1	285.7	222.1	5.461	1224	0
23.275	94	3	0	265.2	230.3	281.4	218.4	281.4	218.4	285.7	222.1	5.59	1230	0
23.275	94	1	0	277.6	215	281.6	218.1	281.6	218.1	285.7	222.1	5.635	1199	0
23.275	94	5	0	0	0	281.7	218.3	281.7	218.3	285.7	222.1	5.456	1237	0
23.275	94	7	0	0	0	282	218	282	218	285.7	222.1	5.529	1207	0
23.525	95	2	0	0	0	284.4	222	284.4	222	292.4	227.7	9.869	1222	0
23.525	95	4	0	0	0	284.3	221.6	284.3	221.6	292.4	227.7	10.17	1252	0
23.525	95	0	0	0	0	283.9	221.5	283.9	221.5	292.4	227.7	10.59	1206	0
23.525	95	6	0	0	0	283.8	221.1	283.8	221.1	292.4	227.7	10.92	1235	0
23.525	95	3	0	304.8	239.2	284.5	221.9	284.5	221.9	292.4	227.7	9.904	1240	0
23.525	95	1	0	287.8	237.7	284.2	221.8	284.2	221.8	292.4	227.7	10.18	1209	0
23.525	95	5	0	0	0	284.1	221.3	284.1	221.3	292.4	227.7	10.59	1248	0
23.525	95	7	0	0	0	283.8	221.2	283.8	221.2	292.4	227.7	10.87	1218	0
23.775	96	2	0	0	0	285.2	224.5	285.2	224.5	292.8	234.3	12.38	1234	0
23.775	96	4	0	0	0	285.3	224.3	285.3	224.3	292.8	234.3	12.53	1264	0
23.775	96	0	0	0	0	285.2	224	285.2	224	292.8	234.3	12.84	1219	0
23.775	96	6	0	0	0	285.3	223.7	285.3	223.7	292.8	234.3	13	1248	0
23.775	96	3	0	284.1	244.8	285.3	224.5	285.3	224.5	292.8	234.3	12.38	1252	0
23.775	96	1	0	290.1	231.3	285.2	224.3	285.2	224.3	292.8	234.3	12.58	1222	0
23.775	96	5	0	293.5	222.1	285.3	224	285.3	224	292.8	234.3	12.79	1260	0
23.775	96	7	0	0	0	285.2	223.8	285.2	223.8	292.8	234.3	13	1231	0
24.025	97	2	0	0	0	287.5	227.7	287.5	227.7	294.8	236.2	11.17	1246	0
24.025	97	4	0	0	0	287.3	228.2	287.3	228.2	294.8	236.2	10.93	1275	0
24.025	97	0	0	0	0	287.4	227.1	287.4	227.1	294.8	236.2	11.65	1230	0
24.025	97	6	0	0	0	287.3	227.6	287.3	227.6	294.8	236.2	11.39	1259	0
24.025	97	3	0	288.6	248.9	287.4	228.1	287.4	228.1	294.8	236.2	10.98	1263	0
24.025	97	1	0	301.4	224.5	287.5	227.4	287.5	227.4	294.8	236.2	11.44	1233	0
24.025	97	5	0	294.2	245.3	287.3	228	287.3	228	294.8	236.2	11.12	1272	0
24.025	97	7	0	0	0	287.3	227.3	287.3	227.3	294.8	236.2	11.59	1242	0
24.275	98	2	0	0	0	288.2	229.1	288.2	229.1	301.6	234.2	14.29	1260	0
24.275	98	4	0	0	0	288.5	228.6	288.5	228.6	301.6	234.2	14.25	1290	0
24.275	98	0	0	0	0	288.4	229	288.4	229	301.6	234.2	14.2	1245	0
24.275	98	6	0	0	0	288.6	228.5	288.6	228.5	301.6	234.2	14.17	1273	0
24.275	98	3	0	282.3	232.1	288.3	228.9	288.3	228.9	301.6	234.2	14.28	1277	0
24.275	98	1	0	291.5	244.9	288.2	229.2	288.2	229.2	301.6	234.2	14.25	1248	0
24.275	98	5	0	302.6	221.2	288.6	228.5	288.6	228.5	301.6	234.2	14.21	1286	0
24.275	98	7	0	0	0	288.5	228.7	288.5	228.7	301.6	234.2	14.17	1256	0
24.525	99	2	0	0	0	294.5	229.6	294.5	229.6	303	234.6	9.861	1270	0
24.525	99	4	0	0	0	294.2	229.6	294.2	229.6	303	234.6	10.11	1300	0
24.525	99	0	0	0	0	294.1	229.2	294.1	229.2	303	234.6	10.4	1255	0
24.525	99	6	0	0	0	293.8	229.2	293.8	229.2	303	234.6	10.66	1284	0
24.525	99	3	0	308.7	246.4	294.4	229.7	294.4	229.7	303	234.6	9.907	1287	0
24.525	99	1	0	323.3	222.2	294.4	229.4	294.4	229.4	303	234.6	10.09	1258	0
24.525	99	5	0	309.7	224.6	294	229.4	294	229.4	303	234.6	10.42	1296	0
24.525	99	7	0	0	0	293.9	229.1	293.9	229.1	303	234.6	10.61	1267	0
24.775	100	2	0	0	0	295.5	230.7	295.5	230.7	303.2	240	12.06	1282	0
24.775	100	4	0	0	0	295.6	230.5	295.6	230.5	303.2	240	12.11	1312	0
24.775	100	0	0	0	0	295.3	230.4	295.3	230.4	303.2	240	12.41	1267	0
24.775	100	6	0	0	0	295.4	230.2	295.4	230.2	303.2	240	12.47	1296	0
24.775	100	3	0	301.8	240.6	295.6	230.6	295.6	230.6	303.2	240	12.03	1299	0
24.775	100	1	0	294.5	235	295.3	230.6	295.3	230.6	303.2	240	12.23	1270	0
24.775	100	5	0	303.2	226	295.6	230.3	295.6	230.3	303.2	240	12.3	1309	0
24.775	100	7	0	0	0	295.3	230.2	295.3	230.2	303.2	240	12.49	1279	0
25.025	101	2	0	0	0	300.1	235.3	300.1	235.3	305.3	241.6	8.255	1290	0
25.025	101	4	0	0	0	299.7	235.4	299.7	235.4	305.3	241.6	8.414	1320	0
25.025	101	0	0	0	0	299.9	234.8	299.9	234.8	305.3	241.6	8.795	1276	0
25.025	101	6	0	0	0	299.5	234.9	299.5	234.9	305.3	241.6	8.952	1305	0
25.025	101	3	0	307.7	254.2	299.9	235.4	299.9	235.4	305.3	241.6	8.252	1307	0
25.025	101	1	0	326.1	246.8	300	235	300	235	305.3	241.6	8.497	1278	0
25.025	101	5	0	310.6	251.5	299.6	235.1	299.6	235.1	305.3	241.6	8.704	1317	0
25.025	101	7	0	0	0	299.6	234.7	299.6	234.7	305.3	241.6	8.959	1288	0
25.275	102	2	0	0	0	301	237	301	237	308.1	239.6	7.56	1298	0
25.275	102	4	0	0	0	300.7	237.7	300.7	237.7	308.1	239.6	7.681	1328	0
25.275	102	0	0	0	0	301	237.1	301	237.1	308.1	239.6	7.591	1284	0
25.275	102	6	0	0	0	300.6	237.7	300.6	237.7	308.1	239.6	7.721	1313	0
25.275	102	3	0	302.1	233.3	300.9	237.3	300.9	237.3	308.1	239.6	7.608	1315	0
25.275	102	1	0	311.5	238.8	301	237	301	237	308.1	239.6	7.561	1286	0
25.275	102	5	0	299.5	264.4	300.6	237.8	300.6	237.8	308.1	239.6	7.726	1325	0
25.275	102	7	0	0	0	300.8	237.4	300.8	237.4	308.1	239.6	7.654	1296	0
25.525	103	2	0	0	0	303.1	236	303.1	236	313.7	245.1	13.96	1312	0
25.525	103	4	0	0	0	303.1	235.6	303.1	235.6	313.7	245.1	14.25	1342	0
25.525	103	0	0	0	0	302.7	236	302.7	236	313.7	245.1	14.3	1298	0
25.525	103	6	0	0	0	302.6	235.5	302.6	235.5	313.7	245.1	14.6	1327	0
25.525	103	3	0	320.4	236.3	303.2	235.8	303.2	235.8	313.7	245.1	14.05	1329	0
25.525	103	1	0	304.8	236.3	302.9	236	302.9	236	313.7	245.1	14.08	1300	0
25.525	103	5	0	304.1	217.6	302.9	235.5	302.9	235.5	313.7	245.1	14.47	1339	0
25.525	103	7	0	0	0	302.6	235.7	302.6	235.7	313.7	245.1	14.5	1310	0
25.775	104	2	0	0	0	305.6	236.6	305.6	236.6	311.4	245.5	10.63	1322	0
25.775	104	4	0	0	0	304.8	236.5	304.8	236.5	311.4	245.5	11.12	1353	0
25.775	104	0	0	0	0	305.2	236.7	305.2	236.7	311.4	245.5	10.75	1309	0
25.775	104	6	0	0	0	304.4	236.6	304.4	236.6	311.4	245.5	11.27	1339	0
25.775	104	3	0	318.8	231.7	305.2	236.5	305.2	236.5	311.4	245.5	10.86	1340	0
25.775	104	1	0	324.8	244.3	305.5	236.6	305.5	236.6	311.4	245.5	10.61	1311	0
25.775	104	5	0	292.7	242.7	304.5	236.5	304.5	236.5	311.4	245.5	11.27	1351	0
25.775	104	7	0	0	0	304.7	236.7	304.7	236.7	311.4	245.5	11.02	1322	0
26.025	105	2	0	0	0	308.7	236.3	308.7	236.3	313	248.5	12.95	1335	0
26.025	105	4	0	0	0	308.8	236.7	308.8	236.7	313	248.5	12.62	1366	0
26.025	105	0	0	0	0	308.2	236.4	308.2	236.4	313	248.5	13.03	1322	0
26.025	105	6	0	0	0	308.2	236.8	308.2	236.8	313	248.5	12.7	1351	0
26.025	105	3	0	328.4	232.4	308.8	236.5	308.8	236.5	313	248.5	12.77	1353	0
26.025	105	1	0	313.9	231.4	308.5	236.3	308.5	236.3	313	248.5	13.04	1324	0
26.025	105	5	0	318.5	245.7	308.5	236.8	308.5	236.8	313	248.5	12.6	1363	0
26.025	105	7	0	0	0	308.1	236.6	308.1	236.6	313	248.5	12.88	1334	0
26.275	106	2	0	0	0	310.1	239.3	310.1	239.3	317.8	246.7	10.74	1346	0
26.275	106	4	0	0	0	310.3	239.1	310.3	239.1	317.8	246.7	10.72	1377	0
26.275	106	0	0	0	0	309.7	238.9	309.7	238.9	317.8	246.7	11.27	1333	0
26.275	106	6	0	0	0	309.9	238.7	309.9	238.7	317.8	246.7	11.25	1363	0
26.275	106	3	0	322.4	255	310.2	239.2	310.2	239.2	317.8	246.7	10.64	1363	0
26.275	106	1	0	306.9	247.5	309.8	239.1	309.8	239.1	317.8	246.7	11.01	1335	0
26.275	106	5	0	315.2	238.9	310.1	238.9	310.1	238.9	317.8	246.7	10.98	1374	0
26.275	106	7	0	0	0	309.7	238.7	309.7	238.7	317.8	246.7	11.35	1346	0
26.525	107	2	0	0	0	312.3	242.8	312.3	242.8	322	249.1	11.53	1357	0
26.525	107	4	0	0	0	312.6	242.5	312.6	242.5	322	249.1	11.5	1388	0
26.525	107	0	0	0	0	312.1	242.2	312.1	242.2	322	249.1	12.09	1345	0
26.525	107	6	0	0	0	312.4	241.8	312.4	241.8	322	249.1	12.07	1375	0
26.525	107	3	0	319.7	267.5	312.5	242.8	312.5	242.8	322	249.1	11.42	1375	0
26.525	107	1	0	316	253	312.2	242.5	312.2	242.5	322	249.1	11.8	1347	0
26.525	107	5	0	325.9	240.2	312.5	242.1	312.5	242.1	322	249.1	11.77	1386	0
26.525	107	7	0	0	0	312.2	241.9	312.2	241.9	322	249.1	12.17	1358	0
26.775	108	2	0	0	0	317.2	245.9	317.2	245.9	324.9	253.3	10.67	1368	0
26.775	108	4	0	0	0	317.1	245.4	317.1	245.4	324.9	253.3	11.12	1399	0
26.775	108	0	0	0	0	317	245.2	317	245.2	324.9	253.3	11.27	1356	0
26.775	108	6	0	0	0	316.9	244.7	316.9	244.7	324.9	253.3	11.74	1387	0
26.775	108	3	0	321.7	270.8	317.1	245.8	317.1	245.8	324.9	253.3	10.81	1386	0
26.775	108	1	0	342.5	257.3	317.1	245.6	317.1	245.6	324.9	253.3	10.89	1357	0
26.775	108	5	0	335.7	237.2	317	245	317	245	324.9	253.3	11.5	1398	0
26.775	108	7	0	0	0	317	244.8	317	244.8	324.9	253.3	11.6	1370	0
27.025	109	2	0	0	0	319	248.8	319	248.8	322.2	259	10.71	1379	0
27.025	109	4	0	0	0	319.6	248.8	319.6	248.8	322.2	259	10.5	1410	0
27.025	109	0	0	0	0	318.8	248.5	318.8	248.5	322.2	259	11.03	1368	0
27.025	109	6	0	0	0	319.5	248.5	319.5	248.5	322.2	259	10.8	1397	0
27.025	109	3	0	326.3	256.7	319.3	248.8	319.3	248.8	322.2	259	10.56	1396	0
27.025	109	1	0	312.9	260.2	318.8	248.6	318.8	248.6	322.2	259	10.91	1368	0
27.025	109	5	0	340.8	263.6	319.7	248.7	319.7	248.7	322.2	259	10.62	1408	0
27.025	109	7	0	0	0	319.1	248.5	319.1	248.5	322.2	259	10.96	1380	0
27.275	110	2	0	0	0	318.8	251.3	318.8	251.3	322.7	257.4	7.303	1386	0
27.275	110	4	0	0	0	318.8	251.3	318.8	251.3	322.7	257.4	7.32	1417	0
27.275	110	0	0	0	0	319	251.3	319	251.3	322.7	257.4	7.229	1375	0
27.275	110	6	0	0	0	319	251.2	319	251.2	322.7	257.4	7.247	1405	0
27.275	110	3	0	309.4	252.2	318.7	251.3	318.7	251.3	322.7	257.4	7.324	1403	0
27.275	110	1	0	322.8	265.2	318.9	251.3	318.9	251.3	322.7	257.4	7.263	1376	0
27.275	110	5	0	321.6	263.6	318.9	251.2	318.9	251.2	322.7	257.4	7.285	1415	0
27.275	110	7	0	0	0	319	251.2	319	251.2	322.7	257.4	7.228	1388	0
27.525	111	2	0	0	0	319.2	252.2	319.2	252.2	325.4	255.5	6.989	1393	0
27.525	111	4	0	0	0	319.2	251.9	319.2	251.9	325.4	255.5	7.106	1424	0
27.525	111	0	0	0	0	319.2	252.2	319.2	252.2	325.4	255.5	6.993	1382	0
27.525	111	6	0	0	0	319.2	252	319.2	252	325.4	255.5	7.111	1412	0
27.525	111	3	0	321.4	249.5	319.2	252	319.2	252	325.4	255.5	7.047	1410	0
27.525	111	1	0	319.8	262.5	319.2	252.2	319.2	252.2	325.4	255.5	6.973	1383	0
27.525	111	5	0	319.5	252.8	319.2	251.9	319.2	251.9	325.4	255.5	7.127	1423	0
27.525	111	7	0	0	0	319.2	252.1	319.2	252.1	325.4	255.5	7.052	1395	0
27.775	112	2	0	0	0	322.5	252.9	322.5	252.9	325.4	257.4	5.307	1398	0
27.775	112	4	0	0	0	322.7	252.5	322.7	252.5	325.4	257.4	5.583	1430	0
27.775	112	0	0	0	0	322	252.9	322	252.9	325.4	257.4	5.615	1387	0
27.775	112	6	0	0	0	322.2	252.5	322.2	252.5	325.4	257.4	5.866	1418	0
27.775	112	3	0	343.4	253	322.7	252.7	322.7	252.7	325.4	257.4	5.4	1416	0
27.775	112	1	0	323.6	264.4	322.2	253	322.2	253	325.4	257.4	5.416	1388	0
27.775	112	5	0	331.9	246.9	322.5	252.4	322.5	252.4	325.4	257.4	5.761	1428	0
27.775	112	7	0	0	0	322	252.7	322	252.7	325.4	257.4	5.787	1401	0
28.025	113	2	0	0	0	322.8	251	322.8	251	327.5	254.7	5.959	1404	0
28.025	113	4	0	0	0	322.9	250.5	322.9	250.5	327.5	254.7	6.152	1436	0
28.025	113	0	0	0	0	322.8	251.2	322.8	251.2	327.5	254.7	5.802	1393	0
28.025	113	6	0	0	0	323	250.8	323	250.8	327.5	254.7	5.99	1424	0
28.025	113	3	0	319.7	242.7	322.9	250.7	322.9	250.7	327.5	254.7	6.077	1422	0
28.025	113	1	0	325.1	254.3	322.8	251.2	322.8	251.2	327.5	254.7	5.854	1394	0
28.025	113	5	0	329.5	237.1	323	250.6	323	250.6	327.5	254.7	6.104	1434	0
28.025	113	7	0	0	0	322.9	251	322.9	251	327.5	254.7	5.867	1406	0
28.275	114	2	0	0	0	326.5	252.2	326.5	252.2	331.2	257.6	7.161	1412	0
28.275	114	4	0	0	0	326.5	252.7	326.5	252.7	331.2	257.6	6.875	1443	0
28.275	114	0	0	0	0	326	252	326	252	331.2	257.6	7.673	1401	0
28.275	114	6	0	0	0	325.9	252.5	325.9	252.5	331.2	257.6	7.395	1431	0
28.275	114	3	0	348.8	259.6	326.6	252.5	326.6	252.5	331.2	257.6	6.938	1429	0
28.275	114	1	0	333.7	245.7	326.3	252.1	326.3	252.1	331.2	257.6	7.458	1401	0
28.275	114	5	0	329.7	266.9	326.2	252.7	326.2	252.7	331.2	257.6	7.088	1442	0
28.275	114	7	0	0	0	325.8	252.2	325.8	252.2	331.2	257.6	7.615	1414	0
28.525	115	2	0	0	0	328.3	250.8	328.3	250.8	329.8	256.7	6.105	1418	0
28.525	115	4	0	0	0	328	250.5	328	250.5	329.8	256.7	6.446	1449	0
28.525	115	0	0	0	0	328.1	251.1	328.1	251.1	329.8	256.7	5.853	1407	0
28.525	115	6	0	0	0	327.8	250.8	327.8	250.8	329.8	256.7	6.211	1437	0
28.525	115	3	0	332.5	238.3	328.1	250.6	328.1	250.6	329.8	256.7	6.313	1435	0
28.525	115	1	0	341.2	255.8	328.2	251	328.2	251	329.8	256.7	5.926	1407	0
28.525	115	5	0	329	242.7	327.8	250.6	327.8	250.6	329.8	256.7	6.384	1448	0
28.525	115	7	0	0	0	327.9	251	327.9	251	329.8	256.7	5.993	1420	0
28.775	116	2	0	0	0	327.2	253	327.2	253	327.3	255.7	2.747	1420	0
28.775	116	4	0	0	0	327.4	252.8	327.4	252.8	327.3	255.7	2.9	1452	0
28.775	116	0	0	0	0	327.2	252.7	327.2	252.7	327.3	255.7	3.024	1410	0
28.775	116	6	0	0	0	327.4	252.5	327.4	252.5	327.3	255.7	3.184	1440	0
28.775	116	3	0	325.8	264.7	327.3	252.9	327.3	252.9	327.3	255.7	2.778	1438	0
28.775	116	1	0	318.7	259.5	327.1	252.9	327.1	252.9	327.3	255.7	2.861	1410	0
28.775	116	5	0	329.9	253.8	327.5	252.7	327.5	252.7	327.3	255.7	3.066	1451	0
28.775	116	7	0	0	0	327.3	252.6	327.3	252.6	327.3	255.7	3.147	1423	0
29.025	117	2	0	0	0	327.8	254.5	327.8	254.5	327.7	261.2	6.676	1427	0
29.025	117	4	0	0	0	328.3	254.4	328.3	254.4	327.7	261.2	6.777	1459	0
29.025	117	0	0	0	0	327.9	254.1	327.9	254.1	327.7	261.2	7.071	1417	0
29.025	117	6	0	0	0	328.4	254	328.4	254	327.7	261.2	7.183	1447	0
29.025	117	3	0	322.7	268.8	328	254.5	328	254.5	327.7	261.2	6.662	1445	0
29.025	117	1	0	325.9	255.7	327.8	254.3	327.8	254.3	327.7	261.2	6.857	1417	0
29.025	117	5	0	344.2	252.9	328.4	254.2	328.4	254.2	327.7	261.2	6.997	1458	0
29.025	117	7	0	0	0	328.2	254	328.2	254	327.7	261.2	7.188	1430	0
29.275	118	2	0	0	0	325.2	255.2	325.2	255.2	325.8	258.8	3.632	1431	0
29.275	118	4	0	0	0	325.7	255.2	325.7	255.2	325.8	258.8	3.562	1463	0
29.275	118	0	0	0	0	325.6	255.1	325.6	255.1	325.8	258.8	3.711	1421	0
29.275	118	6	0	0	0	326.2	255.1	326.2	255.1	325.8	258.8	3.709	1451	0
29.275	118	3	0	308	258.8	325.4	255.2	325.4	255.2	325.8	258.8	3.575	1448	0
29.275	118	1	0	311.8	257.3	325.3	255.1	325.3	255.1	325.8	258.8	3.676	1421	0
29.275	118	5	0	332.8	258.4	326	255.1	326	255.1	325.8	258.8	3.629	1462	0
29.275	118	7	0	0	0	326	255.1	326	255.1	325.8	258.8	3.723	1434	0
29.525	119	2	0	0	0	324.9	257.7	324.9	257.7	324.6	260.8	3.048	1434	0
29.525	119	4	0	0	0	325	257.1	325	257.1	324.6	260.8	3.681	1466	0
29.525	119	0	0	0	0	325.2	257.6	325.2	257.6	324.6	260.8	3.211	1424	0
29.525	119	6	0	0	0	325.2	257	325.2	257	324.6	260.8	3.856	1455	0
29.525	119	3	0	317.9	262.3	324.9	257.4	324.9	257.4	324.6	260.8	3.34	1452	0
29.525	119	1	0	326.3	279.8	325	257.8	325	257.8	324.6	260.8	3.027	1424	0
29.525	119	5	0	325	252.9	325.1	256.9	325.1	256.9	324.6	260.8	3.866	1465	0
29.525	119	7	0	0	0	325.2	257.3	325.2	257.3	324.6	260.8	3.561	1438	0
29.775	120	2	0	0	0	329.3	257.3	329.3	257.3	330.4	260.2	3.142	1437	0
29.775	120	4	0	0	0	329.2	256.6	329.2	256.6	330.4	260.2	3.816	1470	0
29.775	120	0	0	0	0	329	257.8	329	257.8	330.4	260.2	2.808	1427	0
29.775	120	6	0	0	0	328.8	257.2	328.8	257.2	330.4	260.2	3.478	1459	0
29.775	120	3	0	343.8	235.6	329.3	256.9	329.3	256.9	330.4	260.2	3.538	1455	0
29.775	120	1	0	345.8	280.9	329.2	257.7	329.2	257.7	330.4	260.2	2.858	1427	0
29.775	120	5	0	339	255.2	329	256.8	329	256.8	330.4	260.2	3.744	1469	0
29.775	120	7	0	0	0	328.8	257.6	328.8	257.6	330.4	260.2	3.097	1441	0
30.025	121	2	0	0	0	329.2	256.8	329.2	256.8	331.1	260.5	4.218	1441	0
30.025	121	4	0	0	0	328.9	256.9	328.9	256.9	331.1	260.5	4.279	1474	0
30.025	121	0	0	0	0	329.3	257.1	329.3	257.1	331.1	260.5	3.859	1430	0
30.025	121	6	0	0	0	329	257.2	329	257.2	331.1	260.5	3.926	1462	0
30.025	121	3	0	322.6	245.5	329	256.8	329	256.8	331.1	260.5	4.3	1459	0
30.025	121	1	0	338.7	258.5	329.3	256.9	329.3	256.9	331.1	260.5	4.033	1431	0
30.025	121	5	0	326.4	264.9	328.9	257	328.9	257	331.1	260.5	4.117	1473	0
30.025	121	7	0	0	0	329.2	257.2	329.2	257.2	331.1	260.5	3.833	1445	0
30.275	122	2	0	0	0	327.5	257.6	327.5	257.6	330.3	257.5	2.723	1444	0
30.275	122	4	0	0	0	326.3	258	326.3	258	330.3	257.5	3.955	1478	0
30.275	122	0	0	0	0	328.1	257.5	328.1	257.5	330.3	257.5	2.213	1433	0
30.275	122	6	0	0	0	326.8	257.9	326.8	257.9	330.3	257.5	3.469	1466	0
30.275	122	3	0	308.2	262.8	326.9	257.8	326.9	257.8	330.3	257.5	3.412	1463	0
30.275	122	1	0	352.3	251.8	328	257.5	328	257.5	330.3	257.5	2.28	1433	0
30.275	122	5	0	302.3	266.7	326.4	258	326.4	258	330.3	257.5	3.91	1477	0
30.275	122	7	0	0	0	327.5	257.7	327.5	257.7	330.3	257.5	2.758	1447	0
30.525	123	2	0	0	0	326.6	258.7	326.6	258.7	334.8	257.5	8.257	1452	0
30.525	123	4	0	0	0	326.8	259	326.8	259	334.8	257.5	8.146	1486	0
30.525	123	0	0	0	0	326.6	258.6	326.6	258.6	334.8	257.5	8.291	1441	0
30.525	123	6	0	0	0	326.7	258.9	326.7	258.9	334.8	257.5	8.174	1474	0
30.525	123	3	0	330.2	262.4	326.7	258.9	326.7	258.9	334.8	257.5	8.196	1471	0
30.525	123	1	0	316.9	258.3	326.6	258.7	326.6	258.7	334.8	257.5	8.292	1441	0
30.525	123	5	0	327.4	266.5	326.8	259	326.8	259	334.8	257.5	8.143	1485	0
30.525	123	7	0	0	0	326.7	258.7	326.7	258.7	334.8	257.5	8.236	1456	0
30.775	124	2	0	0	0	330.2	261	330.2	261	332.9	264.4	4.269	1456	0
30.775	124	4	0	0	0	330.3	260.5	330.3	260.5	332.9	264.4	4.671	1491	0
30.775	124	0	0	0	0	330	260.9	330	260.9	332.9	264.4	4.485	1445	0
30.775	124	6	0	0	0	330.1	260.3	330.1	260.3	332.9	264.4	4.892	1479	0
30.775	124	3	0	336.9	265.6	330.3	260.8	330.3	260.8	332.9	264.4	4.434	1475	0
30.775	124	1	0	343.5	279.9	330.1	261.1	330.1	261.1	332.9	264.4	4.315	1445	0
30.775	124	5	0	345.7	256.1	330.2	260.3	330.2	260.3	332.9	264.4	4.845	1490	0
30.775	124	7	0	0	0	330	260.6	330	260.6	332.9	264.4	4.72	1460	0
31.025	125	2	0	0	0	331.9	261.6	331.9	261.6	337.3	263.8	5.832	1462	0
31.025	125	4	0	0	0	332.1	261.4	332.1	261.4	337.3	263.8	5.689	1497	0
31.025	125	0	0	0	0	332.2	261.5	332.2	261.5	337.3	263.8	5.589	1451	0
31.025	125	6	0	0	0	332.4	261.3	332.4	261.3	337.3	263.8	5.451	1484	0
31.025	125	3	0	319.3	264.4	332	261.5	332	261.5	337.3	263.8	5.797	1481	0
31.025	125	1	0	344.8	266.6	332	261.6	332	261.6	337.3	263.8	5.733	1451	0
31.025	125	5	0	354.4	260.9	332.3	261.3	332.3	261.3	337.3	263.8	5.549	1496	0
31.025	125	7	0	0	0	332.4	261.4	332.4	261.4	337.3	263.8	5.481	1466	0
31.275	126	2	0	0	0	333.2	263.7	333.2	263.7	339	268.1	7.268	1469	0
31.275	126	4	0	329.5	248.3	332.7	263.4	332.7	263.4	339	268.1	7.836	1505	0
31.275	126	0	0	0	0	333.1	263.8	333.1	263.8	339	268.1	7.323	1458	0
31.275	126	6	0	0	0	332.6	263.4	332.6	263.4	339	268.1	7.912	1492	0
31.275	126	3	0	340.8	271.5	333	263.6	333	263.6	339	268.1	7.545	1489	0
31.275	126	1	0	344.5	280.2	333.2	263.8	333.2	263.8	339	268.1	7.202	1458	0
31.275	126	5	0	324.4	278	332.6	263.4	332.6	263.4	339	268.1	7.961	1504	0
31.275	126	7	0	0	0	332.8	263.6	332.8	263.6	339	268.1	7.631	1473	0
31.525	127	2	0	0	0	335.7	265.1	335.7	265.1	342	274.7	11.44	1481	0
31.525	127	4	0	342.9	268.6	336	264.8	336	264.8	342	274.7	11.52	1516	0
31.525	127	0	0	0	0	335.5	265.1	335.5	265.1	342	274.7	11.58	1470	0
31.525	127	6	0	0	0	335.8	264.9	335.8	264.9	342	274.7	11.64	1504	0
31.525	127	3	0	341.5	262.1	335.9	265	335.9	265	342	274.7	11.46	1500	0
31.525	127	1	0	338.5	279.1	335.6	265.2	335.6	265.2	342	274.7	11.5	1470	0
31.525	127	5	0	349.1	264.6	336	264.8	336	264.8	342	274.7	11.59	1515	0
31.525	127	7	0	0	0	335.6	265	335.6	265	342	274.7	11.63	1485	0
31.775	128	2	0	0	0	334.9	268.2	334.9	268.2	340.5	279.9	12.93	1494	0
31.775	128	4	0	332.1	273.2	334.8	268.5	334.8	268.5	340.5	279.9	12.71	1529	0
31.775	128	0	0	0	0	334.7	267.8	334.7	267.8	340.5	279.9	13.35	1483	0
31.775	128	6	0	0	0	334.6	268.1	334.6	268.1	340.5	279.9	13.11	1517	0
31.775	128	3	0	342.9	280.8	334.9	268.4	334.9	268.4	340.5	279.9	12.76	1513	0
31.775	128	1	0	328.5	269.9	334.8	268	334.8	268	340.5	279.9	13.17	1483	0
31.775	128	5	0	324.9	280.8	334.7	268.4	334.7	268.4	340.5	279.9	12.87	1528	0
31.775	128	7	0	0	0	334.7	267.9	334.7	267.9	340.5	279.9	13.29	1498	0
32.025	129	2	0	0	0	337.5	270.4	337.5	270.4	339.3	283.8	13.48	1507	0
32.025	129	4	0	342.3	286.4	337.7	271	337.7	271	339.3	283.8	12.95	1542	0
32.025	129	0	0	0	0	337	270.2	337	270.2	339.3	283.8	13.83	1497	0
32.025	129	6	0	0	0	337.3	270.7	337.3	270.7	339.3	283.8	13.27	1530	0
32.025	129	3	0	352.1	269.6	337.7	270.7	337.7	270.7	339.3	283.8	13.16	1526	0
32.025	129	1	0	0	0	337.2	270.2	337.2	270.2	339.3	283.8	13.74	1497	0
32.025	129	5	0	344	279.3	337.6	270.9	337.6	270.9	339.3	283.8	13.02	1541	0
32.025	129	7	0	0	0	337.1	270.4	337.1	270.4	339.3	283.8	13.6	1512	0
32.275	130	2	0	0	0	337.5	272.8	337.5	272.8	342.8	282.9	11.39	1519	0
32.275	130	4	0	322	278.9	337.4	272.8	337.4	272.8	342.8	282.9	11.43	1553	0
32.275	130	0	0	0	0	337.4	272.2	337.4	272.2	342.8	282.9	11.94	1509	0
32.275	130	6	0	0	0	337.3	272.3	337.3	272.3	342.8	282.9	11.96	1542	0
32.275	130	3	0	348.1	290.5	337.4	272.9	337.4	272.9	342.8	282.9	11.33	1537	0
32.275	130	1	0	0	0	337.5	272.5	337.5	272.5	342.8	282.9	11.65	1508	0
32.275	130	5	0	342.9	267.1	337.3	272.6	337.3	272.6	342.8	282.9	11.7	1553	0
32.275	130	7	0	0	0	337.4	272.2	337.4	272.2	342.8	282.9	12.04	1524	0
32.525	131	2	0	0	0	338.3	273	338.3	273	340.2	285.1	12.21	1531	0
32.525	131	4	0	328.8	282.4	338.4	273.4	338.4	273.4	340.2	285.1	11.82	1565	0
32.525	131	0	0	0	0	338.2	273.1	338.2	273.1	340.2	285.1	12.15	1521	0
32.525	131	6	0	0	0	338.3	273.5	338.3	273.5	340.2	285.1	11.75	1554	0
32.525	131	3	0	348	262.1	338.4	273.2	338.4	273.2	340.2	285.1	12.02	1549	0
32.525	131	1	0	0	0	338.3	273	338.3	273	340.2	285.1	12.24	1521	0
32.525	131	5	0	348.5	282.6	338.4	273.5	338.4	273.5	340.2	285.1	11.73	1565	0
32.525	131	7	0	0	0	338.3	273.3	338.3	273.3	340.2	285.1	11.93	1536	0
32.775	132	2	0	0	0	338.9	277.5	338.9	277.5	339.7	291.6	14.07	1545	0
32.775	132	4	0	347.3	290.7	339.2	278.4	339.2	278.4	339.7	291.6	13.18	1578	0
32.775	132	0	0	0	0	339	277.1	339	277.1	339.7	291.6	14.47	1536	0
32.775	132	6	0	0	0	339.3	278.1	339.3	278.1	339.7	291.6	13.53	1568	0
32.775	132	3	0	331.4	284.1	339.1	278	339.1	278	339.7	291.6	13.56	1563	0
32.775	132	1	0	0	0	338.9	277.2	338.9	277.2	339.7	291.6	14.41	1535	0
32.775	132	5	0	346.3	304.4	339.3	278.4	339.3	278.4	339.7	291.6	13.22	1578	0
32.775	132	7	0	0	0	339.1	277.6	339.1	277.6	339.7	291.6	14.05	1550	0
33.025	133	2	0	0	0	341.8	280.5	341.8	280.5	342.2	295.5	15.08	1560	0
33.025	133	4	0	347.6	297.5	342.1	280.8	342.1	280.8	342.2	295.5	14.72	1593	0
33.025	133	0	0	0	0	341.4	279.9	341.4	279.9	342.2	295.5	15.63	1551	0
33.025	133	6	0	0	0	341.8	280.3	341.8	280.3	342.2	295.5	15.23	1583	0
33.025	133	3	0	353	288.6	342	280.7	342	280.7	342.2	295.5	14.81	1578	0
33.025	133	1	0	0	0	341.5	280.2	341.5	280.2	342.2	295.5	15.41	1551	0
33.025	133	5	0	351.4	280.1	342	280.6	342	280.6	342.2	295.5	14.91	1593	0
33.025	133	7	0	0	0	341.5	280.1	341.5	280.1	342.2	295.5	15.51	1565	0
33.275	134	2	0	0	0	342.9	284.4	342.9	284.4	341.4	301.6	17.29	1577	0
33.275	134	4	0	336.9	290.7	343	284.7	343	284.7	341.4	301.6	16.98	1610	0
33.275	134	0	0	0	0	342.7	283.6	342.7	283.6	341.4	301.6	18.02	1569	0
33.275	134	6	0	0	0	342.8	284	342.8	284	341.4	301.6	17.67	1601	0
33.275	134	3	0	353.3	307	343	284.6	343	284.6	341.4	301.6	17.03	1595	0
33.275	134	1	0	0	0	342.8	283.9	342.8	283.9	341.4	301.6	17.7	1568	0
33.275	134	5	0	350.3	292.3	343	284.4	343	284.4	341.4	301.6	17.27	1610	0
33.275	134	7	0	0	0	342.8	283.7	342.8	283.7	341.4	301.6	17.96	1583	0
33.525	135	2	0	0	0	341.5	287.2	341.5	287.2	342.2	305.1	17.91	1595	0
33.525	135	4	0	334.3	291.4	341.3	287.3	341.3	287.3	342.2	305.1	17.81	1628	0
33.525	135	0	0	0	0	341.6	286.5	341.6	286.5	342.2	305.1	18.59	1588	0
33.525	135	6	0	0	0	341.4	286.6	341.4	286.6	342.2	305.1	18.45	1619	0
33.525	135	3	0	338.2	308.3	341.3	287.3	341.3	287.3	342.2	305.1	17.76	1613	0
33.525	135	1	0	0	0	341.6	286.8	341.6	286.8	342.2	305.1	18.27	1586	0
33.525	135	5	0	337.6	287.9	341.3	287	341.3	287	342.2	305.1	18.11	1628	0
33.525	135	7	0	0	0	341.6	286.5	341.6	286.5	342.2	305.1	18.63	1602	0
33.775	136	2	0	0	0	342.3	291.5	342.3	291.5	348.5	305.5	15.31	1611	0
33.775	136	4	0	352.8	306.7	342.6	292.3	342.6	292.3	348.5	305.5	14.45	1642	0
33.775	136	0	0	0	0	342.3	290.9	342.3	290.9	348.5	305.5	15.84	1604	0
33.775	136	6	0	0	0	342.6	291.8	342.6	291.8	348.5	305.5	14.93	1634	0
33.775	136	3	0	335.5	301.4	342.4	292	342.4	292	348.5	305.5	14.8	1627	0
33.775	136	1	0	0	0	342.2	291.1	342.2	291.1	348.5	305.5	15.71	1602	0
33.775	136	5	0	349.1	314.4	342.7	292.2	342.7	292.2	348.5	305.5	14.55	1643	0
33.775	136	7	0	0	0	342.5	291.3	342.5	291.3	348.5	305.5	15.46	1617	0
34.025	137	2	0	0	0	346	294.1	346	294.1	354.7	303.2	12.55	1623	0
34.025	137	4	0	370.3	309.5	346.3	294.8	346.3	294.8	354.7	303.2	11.91	1654	0
34.025	137	0	0	0	0	345.2	293.8	345.2	293.8	354.7	303.2	13.3	1617	0
34.025	137	6	0	0	0	345.6	294.5	345.6	294.5	354.7	303.2	12.62	1647	0
34.025	137	3	0	359.8	293	346.3	294.5	346.3	294.5	354.7	303.2	12.12	1640	0
34.025	137	1	0	0	0	345.6	293.9	345.6	293.9	354.7	303.2	13.03	1615	0
34.025	137	5	0	338.7	306.8	346	294.7	346	294.7	354.7	303.2	12.16	1655	0
34.025	137	7	0	0	0	345.3	294.1	345.3	294.1	354.7	303.2	13.07	1631	0
34.275	138	2	0	0	0	348.4	294.7	348.4	294.7	357.4	302.4	11.82	1635	0
34.275	138	4	0	367.8	302.5	348.8	294.9	348.8	294.9	357.4	302.4	11.4	1665	0
34.275	138	0	0	0	0	347.9	294.6	347.9	294.6	357.4	302.4	12.3	1629	0
34.275	138	6	0	0	0	348.3	294.8	348.3	294.8	357.4	302.4	11.84	1658	0
34.275	138	3	0	353.5	290.7	348.7	294.8	348.7	294.8	357.4	302.4	11.54	1651	0
34.275	138	1	0	0	0	348.1	294.6	348.1	294.6	357.4	302.4	12.12	1627	0
34.275	138	5	0	0	0	348.6	294.9	348.6	294.9	357.4	302.4	11.54	1666	0
34.275	138	7	0	0	0	348	294.7	348	294.7	357.4	302.4	12.14	1643	0
34.525	139	2	0	0	0	349.3	297.8	349.3	297.8	359.7	300.8	10.83	1646	0
34.525	139	4	0	343.7	295	349.2	297.8	349.2	297.8	359.7	300.8	10.91	1676	0
34.525	139	0	0	0	0	349	297	349	297	359.7	300.8	11.35	1641	0
34.525	139	6	0	0	0	348.9	297	348.9	297	359.7	300.8	11.42	1670	0
34.525	139	3	0	362.2	326.4	349.3	297.9	349.3	297.9	359.7	300.8	10.79	1662	0
34.525	139	1	0	0	0	349.2	297.4	349.2	297.4	359.7	300.8	11.07	1638	0
34.525	139	5	0	0	0	349.1	297.4	349.1	297.4	359.7	300.8	11.17	1678	0
34.525	139	7	0	0	0	348.9	296.9	348.9	296.9	359.7	300.8	11.47	1654	0
34.775	140	2	0	0	0	349.4	299	349.4	299	356.9	305.2	9.758	1656	0
34.775	140	4	0	364.5	299.5	349.6	299	349.6	299	356.9	305.2	9.54	1686	0
34.775	140	0	0	0	0	349.4	298.5	349.4	298.5	356.9	305.2	10.02	1651	0
34.775	140	6	0	0	0	349.7	298.6	349.7	298.6	356.9	305.2	9.797	1680	0
34.775	140	3	0	337.8	311.3	349.5	299	349.5	299	356.9	305.2	9.61	1672	0
34.775	140	1	0	0	0	349.3	298.8	349.3	298.8	356.9	305.2	9.921	1648	0
34.775	140	5	0	0	0	349.7	298.8	349.7	298.8	356.9	305.2	9.631	1687	0
34.775	140	7	0	0	0	349.5	298.5	349.5	298.5	356.9	305.2	9.952	1664	0
35.025	141	2	0	0	0	353.6	300.3	353.6	300.3	363.6	305.7	11.42	1667	0
35.025	141	4	0	359.8	307.9	353.7	300.4	353.7	300.4	363.6	305.7	11.23	1697	0
35.025	141	0	0	0	0	352.6	299.9	352.6	299.9	363.6	305.7	12.4	1663	0
35.025	141	6	0	0	0	352.8	300.1	352.8	300.1	363.6	305.7	12.18	1692	0
35.025	141	3	0	382.6	306.4	353.8	300.4	353.8	300.4	363.6	305.7	11.18	1683	0
35.025	141	1	0	0	0	353.1	300.1	353.1	300.1	363.6	305.7	11.93	1660	0
35.025	141	5	0	0	0	353.3	300.3	353.3	300.3	363.6	305.7	11.66	1699	0
35.025	141	7	0	0	0	352.6	300	352.6	300	363.6	305.7	12.45	1677	0
35.275	142	2	0	0	0	356.9	302.9	356.9	302.9	366.4	308.4	10.99	1678	0
35.275	142	4	0	383.9	313.4	357.4	303.1	357.4	303.1	366.4	308.4	10.44	1708	0
35.275	142	0	0	0	0	356.1	302.3	356.1	302.3	366.4	308.4	11.97	1675	0
35.275	142	6	0	0	0	356.7	302.5	356.7	302.5	366.4	308.4	11.38	1703	0
35.275	142	3	0	364	316.1	357.3	303.1	357.3	303.1	366.4	308.4	10.57	1693	0
35.275	142	1	0	0	0	356.4	302.5	356.4	302.5	366.4	308.4	11.56	1672	0
35.275	142	5	0	0	0	357.1	302.8	357.1	302.8	366.4	308.4	10.81	1710	0
35.275	142	7	0	0	0	356.3	302.3	356.3	302.3	366.4	308.4	11.83	1688	0
35.525	143	2	0	0	0	359	300.8	359	300.8	371.3	307.1	13.78	1692	0
35.525	143	4	0	364.7	287.6	359.2	300.6	359.2	300.6	371.3	307.1	13.75	1721	0
35.525	143	0	0	0	0	358.5	301.1	358.5	301.1	371.3	307.1	14.15	1689	0
35.525	143	6	0	0	0	358.6	300.9	358.6	300.9	371.3	307.1	14.11	1717	0
35.525	143	3	0	373.1	296.5	359.2	300.7	359.2	300.7	371.3	307.1	13.71	1707	0
35.525	143	1	0	0	0	358.7	301	358.7	301	371.3	307.1	13.96	1686	0
35.525	143	5	0	0	0	358.9	300.7	358.9	300.7	371.3	307.1	13.92	1724	0
35.525	143	7	0	0	0	358.5	301.1	358.5	301.1	371.3	307.1	14.19	1703	0
35.775	144	2	0	0	0	362.9	300.5	362.9	300.5	373.9	304.5	11.66	1703	0
35.775	144	4	0	390.3	292	363.5	300.3	363.5	300.3	373.9	304.5	11.23	1733	0
35.775	144	0	0	0	0	362.1	300.6	362.1	300.6	373.9	304.5	12.44	1702	0
35.775	144	6	0	0	0	362.7	300.4	362.7	300.4	373.9	304.5	11.97	1729	0
35.775	144	3	0	373.3	305.4	363.3	300.4	363.3	300.4	373.9	304.5	11.33	1718	0
35.775	144	1	0	0	0	362.4	300.6	362.4	300.6	373.9	304.5	12.11	1698	0
35.775	144	5	0	0	0	363.2	300.3	363.2	300.3	373.9	304.5	11.52	1735	0
35.775	144	7	0	0	0	362.3	300.5	362.3	300.5	373.9	304.5	12.33	1715	0
36.025	145	2	0	0	0	366.5	301.1	366.5	301.1	379.7	309.7	15.73	1719	0
36.025	145	4	0	375.1	310.5	366.7	301.2	366.7	301.2	379.7	309.7	15.47	1748	0
36.025	145	0	0	0	0	365.6	301	365.6	301	379.7	309.7	16.53	1718	0
36.025	145	6	0	0	0	365.9	301.2	365.9	301.2	379.7	309.7	16.24	1745	0
36.025	145	3	0	390.3	297.8	366.8	301.2	366.8	301.2	379.7	309.7	15.48	1734	0
36.025	145	1	0	0	0	366	301	366	301	379.7	309.7	16.16	1714	0
36.025	145	5	0	0	0	366.3	301.2	366.3	301.2	379.7	309.7	15.8	1751	0
36.025	145	7	0	0	0	365.6	301.1	365.6	301.1	379.7	309.7	16.51	1731	0
36.275	146	2	0	0	0	369.8	301.7	369.8	301.7	382.5	314.8	18.25	1737	0
36.275	146	4	0	404.1	307.4	370.5	301.8	370.5	301.8	382.5	314.8	17.65	1766	0
36.275	146	0	0	0	0	369	301.6	369	301.6	382.5	314.8	18.88	1737	0
36.275	146	6	0	0	0	369.8	301.7	369.8	301.7	382.5	314.8	18.25	1764	0
36.275	146	3	0	0	0	370.3	301.8	370.3	301.8	382.5	314.8	17.85	1752	0
36.275	146	1	0	0	0	369.3	301.6	369.3	301.6	382.5	314.8	18.66	1733	0
36.275	146	5	0	0	0	370.3	301.8	370.3	301.8	382.5	314.8	17.85	1769	0
36.275	146	7	0	0	0	369.3	301.6	369.3	301.6	382.5	314.8	18.66	1750	0
36.525	147	2	0	0	0	372.2	303	372.2	303	386.6	313.7	17.97	1755	0
36.525	147	4	0	394.7	315.1	372.7	303.2	372.7	303.2	386.6	313.7	17.38	1783	0
36.525	147	0	0	0	0	371.7	302.7	371.7	302.7	386.6	313.7	18.54	1756	0
36.525	147	6	0	0	0	372.2	303	372.2	303	386.6	313.7	17.93	1782	0
36.525	147	3	0	0	0	372.5	303.2	372.5	303.2	386.6	313.7	17.59	1769	0
36.525	147	1	0	0	0	371.8	302.8	371.8	302.8	386.6	313.7	18.35	1751	0
36.525	147	5	0	0	0	372.5	303.2	372.5	303.2	386.6	313.7	17.57	1786	0
36.525	147	7	0	0	0	371.9	302.8	371.9	302.8	386.6	313.7	18.33	1768	0
36.775	148	2	0	0	0	372.3	302.1	372.3	302.1	385.1	314.4	17.74	1773	0
36.775	148	4	0	373.6	293.6	372.4	302	372.4	302	385.1	314.4	17.79	1801	0
36.775	148	0	0	0	0	372.2	302.3	372.2	302.3	385.1	314.4	17.7	1773	0
36.775	148	6	0	0	0	372.3	302.1	372.3	302.1	385.1	314.4	17.75	1799	0
36.775	148	3	0	0	0	372.4	302	372.4	302	385.1	314.4	17.78	1787	0
36.775	148	1	0	0	0	372.3	302.2	372.3	302.2	385.1	314.4	17.71	1769	0
36.775	148	5	0	0	0	372.4	302	372.4	302	385.1	314.4	17.78	1804	0
36.775	148	7	0	0	0	372.3	302.2	372.3	302.2	385.1	314.4	17.72	1786	0
37.025	149	2	0	0	0	373	305.2	373	305.2	386.4	318.9	19.12	1792	0
37.025	149	4	0	379.3	335.1	373.1	305.8	373.1	305.8	386.4	318.9	18.59	1819	0
37.025	149	0	0	0	0	372.9	304.6	372.9	304.6	386.4	318.9	19.63	1793	0
37.025	149	6	0	0	0	373	305.3	373	305.3	386.4	318.9	19.08	1818	0
37.025	149	3	0	0	0	373.1	305.6	373.1	305.6	386.4	318.9	18.78	1806	0
37.025	149	1	0	0	0	372.9	304.8	372.9	304.8	386.4	318.9	19.46	1788	0
37.025	149	5	0	0	0	373.1	305.6	373.1	305.6	386.4	318.9	18.75	1823	0
37.025	149	7	0	0	0	372.9	304.9	372.9	304.9	386.4	318.9	19.43	1806	0
37.275	150	2	0	0	0	374.3	306.8	374.3	306.8	390.3	317.7	19.36	1812	0
37.275	150	4	0	386.9	321.9	374.6	307.2	374.6	307.2	390.3	317.7	18.93	1838	0
37.275	150	0	0	0	0	374	306.5	374	306.5	390.3	317.7	19.79	1813	0
37.275	150	6	0	0	0	374.3	306.9	374.3	306.9	390.3	317.7	19.33	1838	0
37.275	150	3	0	0	0	374.5	307.1	374.5	307.1	390.3	317.7	19.08	1825	0
37.275	150	1	0	0	0	374.1	306.6	374.1	306.6	390.3	317.7	19.64	1808	0
37.275	150	5	0	0	0	374.5	307.1	374.5	307.1	390.3	317.7	19.06	1842	0
37.275	150	7	0	0	0	374.1	306.6	374.1	306.6	390.3	317.7	19.62	1825	0
37.525	151	2	0	0	0	376.2	307.3	376.2	307.3	388.4	318.9	16.77	1828	0
37.525	151	4	0	394.5	311.5	376.6	307.4	376.6	307.4	388.4	318.9	16.39	1855	0
37.525	151	0	0	0	0	375.8	307.2	375.8	307.2	388.4	318.9	17.13	1830	0
37.525	151	6	0	0	0	376.3	307.3	376.3	307.3	388.4	318.9	16.74	1855	0
37.525	151	3	0	0	0	376.5	307.4	376.5	307.4	388.4	318.9	16.52	1841	0
37.525	151	1	0	0	0	376	307.2	376	307.2	388.4	318.9	17.01	1825	0
37.525	151	5	0	0	0	376.5	307.4	376.5	307.4	388.4	318.9	16.51	1858	0
37.525	151	7	0	0	0	376	307.2	376	307.2	388.4	318.9	16.99	1842	0
37.775	152	2	0	0	0	378.7	307.9	378.7	307.9	389.8	318.2	15.07	1843	0
37.775	152	4	0	402.6	313.5	379.3	308	379.3	308	389.8	318.2	14.6	1869	0
37.775	152	0	0	0	0	378.2	307.8	378.2	307.8	389.8	318.2	15.54	1845	0
37.775	152	6	0	0	0	378.8	307.9	378.8	307.9	389.8	318.2	15.04	1870	0
37.775	152	3	0	0	0	379.1	308	379.1	308	389.8	318.2	14.76	1856	0
37.775	152	1	0	0	0	378.4	307.8	378.4	307.8	389.8	318.2	15.38	1840	0
37.775	152	5	0	0	0	379.1	308	379.1	308	389.8	318.2	14.74	1873	0
37.775	152	7	0	0	0	378.4	307.8	378.4	307.8	389.8	318.2	15.36	1858	0
38.025	153	2	0	0	0	380	310	380	310	388.4	321.7	14.42	1858	0
38.025	153	4	0	391.8	330.3	380.3	310.4	380.3	310.4	388.4	321.7	13.89	1883	0
38.025	153	0	0	0	0	379.7	309.6	379.7	309.6	388.4	321.7	14.92	1860	0
38.025	153	6	0	0	0	380	310	380	310	388.4	321.7	14.38	1884	0
38.025	153	3	0	0	0	380.2	310.3	380.2	310.3	388.4	321.7	14.08	1870	0
38.025	153	1	0	0	0	379.8	309.7	379.8	309.7	388.4	321.7	14.75	1855	0
38.025	153	5	0	0	0	380.2	310.3	380.2	310.3	388.4	321.7	14.05	1887	0
38.025	153	7	0	0	0	379.8	309.8	379.8	309.8	388.4	321.7	14.73	1872	0
38.275	154	2	0	0	0	380.2	311.1	380.2	311.1	390.5	326.4	18.4	1876	0
38.275	154	4	0	382.5	321	380.3	311.3	380.3	311.3	390.5	326.4	18.16	1901	0
38.275	154	0	0	0	0	380.2	310.8	380.2	310.8	390.5	326.4	18.64	1879	0
38.275	154	6	0	0	0	380.3	311.1	380.3	311.1	390.5	326.4	18.39	1902	0
38.275	154	3	0	0	0	380.3	311.2	380.3	311.2	390.5	326.4	18.24	1888	0
38.275	154	1	0	0	0	380.2	310.9	380.2	310.9	390.5	326.4	18.56	1874	0
38.275	154	5	0	0	0	380.3	311.2	380.3	311.2	390.5	326.4	18.23	1905	0
38.275	154	7	0	0	0	380.2	310.9	380.2	310.9	390.5	326.4	18.55	1891	0
38.525	155	2	0	0	0	382.1	312.8	382.1	312.8	395.7	331.7	23.25	1899	0
38.525	155	4	0	399.8	329.6	382.5	313.2	382.5	313.2	395.7	331.7	22.73	1924	0
38.525	155	0	0	0	0	381.7	312.5	381.7	312.5	395.7	331.7	23.75	1903	0
38.525	155	6	0	0	0	382.1	312.9	382.1	312.9	395.7	331.7	23.21	1926	0
38.525	155	3	0	0	0	382.3	313.1	382.3	313.1	395.7	331.7	22.91	1911	0
38.525	155	1	0	0	0	381.9	312.6	381.9	312.6	395.7	331.7	23.58	1897	0
38.525	155	5	0	0	0	382.4	313.1	382.4	313.1	395.7	331.7	22.89	1928	0
38.525	155	7	0	0	0	381.9	312.6	381.9	312.6	395.7	331.7	23.55	1914	0
38.775	156	2	0	0	0	382.6	313.9	382.6	313.9	393.6	330.8	20.18	1920	0
38.775	156	4	0	387.2	323.9	382.7	314.1	382.7	314.1	393.6	330.8	19.91	1944	0
38.775	156	0	0	0	0	382.5	313.7	382.5	313.7	393.6	330.8	20.45	1923	0
38.775	156	6	0	0	0	382.6	313.9	382.6	313.9	393.6	330.8	20.17	1946	0
38.775	156	3	0	0	0	382.7	314	382.7	314	393.6	330.8	20.01	1931	0
38.775	156	1	0	0	0	382.5	313.7	382.5	313.7	393.6	330.8	20.36	1918	0
38.775	156	5	0	0	0	382.7	314.1	382.7	314.1	393.6	330.8	19.99	1948	0
38.775	156	7	0	0	0	382.5	313.7	382.5	313.7	393.6	330.8	20.35	1935	0
39.025	157	2	0	0	0	382.2	316.3	382.2	316.3	398.6	337.4	26.75	1946	0
39.025	157	4	0	378.5	339.1	382.1	316.8	382.1	316.8	398.6	337.4	26.4	1970	0
39.025	157	0	0	0	0	382.3	315.8	382.3	315.8	398.6	337.4	27.09	1950	0
39.025	157	6	0	0	0	382.2	316.3	382.2	316.3	398.6	337.4	26.72	1972	0
39.025	157	3	0	0	0	382.2	316.6	382.2	316.6	398.6	337.4	26.52	1958	0
39.025	157	1	0	0	0	382.3	316	382.3	316	398.6	337.4	26.97	1945	0
39.025	157	5	0	0	0	382.2	316.6	382.2	316.6	398.6	337.4	26.5	1975	0
39.025	157	7	0	0	0	382.3	316	382.3	316	398.6	337.4	26.96	1962	0
39.275	158	2	0	0	0	382.3	318.4	382.3	318.4	400	337.1	25.69	1972	0
39.275	158	4	0	383.5	338.4	382.3	318.9	382.3	318.9	400	337.1	25.34	1996	0
39.275	158	0	0	0	0	382.3	318	382.3	318	400	337.1	26.03	1976	0
39.275	158	6	0	0	0	382.3	318.4	382.3	318.4	400	337.1	25.66	1998	0
39.275	158	3	0	0	0	382.3	318.7	382.3	318.7	400	337.1	25.46	1983	0
39.275	158	1	0	0	0	382.3	318.1	382.3	318.1	400	337.1	25.91	1970	0
39.275	158	5	0	0	0	382.3	318.7	382.3	318.7	400	337.1	25.45	2000	0
39.275	158	7	0	0	0	382.3	318.1	382.3	318.1	400	337.1	25.9	1988	0
39.525	159	2	0	0	0	383.3	320.6	383.3	320.6	398.9	342.7	27.05	1999	0
39.525	159	4	0	392.7	341.1	383.5	321	383.5	321	398.9	342.7	26.56	2022	0
39.525	159	0	0	0	0	383.1	320.1	383.1	320.1	398.9	342.7	27.53	2004	0
39.525	159	6	0	0	0	383.3	320.6	383.3	320.6	398.9	342.7	27.02	2025	0
39.525	159	3	0	0	0	383.4	320.9	383.4	320.9	398.9	342.7	26.73	2010	0
39.525	159	1	0	0	0	383.2	320.3	383.2	320.3	398.9	342.7	27.37	1998	0
39.525	159	5	0	0	0	383.5	320.9	383.5	320.9	398.9	342.7	26.71	2027	0
39.525	159	7	0	0	0	383.2	320.3	383.2	320.3	398.9	342.7	27.35	2015	0
39.775	160	2	0	0	0	383.6	321.6	383.6	321.6	393.9	341	21.89	2021	0
39.775	160	4	0	386.1	331.6	383.7	321.9	383.7	321.9	393.9	341	21.64	2044	0
39.775	160	0	0	0	0	383.5	321.4	383.5	321.4	393.9	341	22.14	2026	0
39.775	160	6	0	0	0	383.6	321.7	383.6	321.7	393.9	341	21.87	2047	0
39.775	160	3	0	0	0	383.6	321.8	383.6	321.8	393.9	341	21.72	2032	0
39.775	160	1	0	0	0	383.5	321.5	383.5	321.5	393.9	341	22.05	2020	0
39.775	160	5	0	0	0	383.6	321.8	383.6	321.8	393.9	341	21.71	2049	0
39.775	160	7	0	0	0	383.5	321.5	383.5	321.5	393.9	341	22.04	2037	0
