# _procNoiseCov=10 _measNoiseCov=10 iter_max=10 alpha=0.3
#Simulation_time,tracking_step,NodeID,TargetID,MeasurementX,MeasurementY,EstimateX,EstimateY,GroundTruthX,GroundTruthY,Error,ErrorAcc,ResultsDelay
#t_sim	t_step	NID	TID	Zx	Zy	X_x	X_y	Xx	Xy	GTx	GTy	Err	ErrAcc	Delay
0.025	1	2	0	0	0	118.9	98.55	118.9	98.55	120	100	1.809	1.809	0
0.025	1	4	0	0	0	119.1	98.79	119.1	98.79	120	100	1.499	1.499	0
0.025	1	0	0	109.2	85.4	118.7	98.23	118.7	98.23	120	100	2.196	2.196	0
0.025	1	6	0	0	0	118.9	98.47	118.9	98.47	120	100	1.9	1.9	0
0.025	1	3	0	0	0	119.1	98.72	119.1	98.72	120	100	1.593	1.593	0
0.025	1	1	0	0	0	118.8	98.35	118.8	98.35	120	100	2.051	2.051	0
0.025	1	5	0	0	0	119	98.67	119	98.67	120	100	1.654	1.654	0
0.025	1	7	0	0	0	118.7	98.3	118.7	98.3	120	100	2.109	2.109	0
0.275	2	2	0	0	0	119	97.4	119	97.4	123.1	103.4	7.231	9.041	0
0.275	2	4	0	0	0	119	97.61	119	97.61	123.1	103.4	7.055	8.554	0
0.275	2	0	0	120	87.25	119	97.13	119	97.13	123.1	103.4	7.454	9.651	0
0.275	2	6	0	0	0	119	97.33	119	97.33	123.1	103.4	7.283	9.183	0
0.275	2	3	0	0	0	119	97.55	119	97.55	123.1	103.4	7.108	8.701	0
0.275	2	1	0	0	0	119	97.23	119	97.23	123.1	103.4	7.371	9.422	0
0.275	2	5	0	0	0	119	97.51	119	97.51	123.1	103.4	7.142	8.796	0
0.275	2	7	0	0	0	119	97.19	119	97.19	123.1	103.4	7.404	9.513	0
0.525	3	2	0	0	0	120.2	96.38	120.2	96.38	125	105.3	10.16	19.2	0
0.525	3	4	0	0	0	120	96.57	120	96.57	125	105.3	10.09	18.65	0
0.525	3	0	0	131.2	87.43	120.5	96.15	120.5	96.15	125	105.3	10.25	19.9	0
0.525	3	6	0	0	0	120.3	96.33	120.3	96.33	125	105.3	10.18	19.36	0
0.525	3	3	0	0	0	120.1	96.52	120.1	96.52	125	105.3	10.11	18.81	0
0.525	3	1	0	0	0	120.4	96.24	120.4	96.24	125	105.3	10.21	19.64	0
0.525	3	5	0	0	0	120.1	96.48	120.1	96.48	125	105.3	10.12	18.92	0
0.525	3	7	0	0	0	120.4	96.2	120.4	96.2	125	105.3	10.23	19.74	0
0.775	4	2	0	0	0	121.2	96.6	121.2	96.6	129	107.4	13.32	32.52	0
0.775	4	4	0	0	0	121	96.58	121	96.58	129	107.4	13.44	32.09	0
0.775	4	0	0	129.5	98.73	121.4	96.63	121.4	96.63	129	107.4	13.17	33.07	0
0.775	4	6	0	0	0	121.2	96.61	121.2	96.61	129	107.4	13.28	32.65	0
0.775	4	3	0	0	0	121	96.59	121	96.59	129	107.4	13.41	32.22	0
0.775	4	1	0	0	0	121.3	96.62	121.3	96.62	129	107.4	13.23	32.86	0
0.775	4	5	0	0	0	121.1	96.59	121.1	96.59	129	107.4	13.38	32.3	0
0.775	4	7	0	0	0	121.3	96.62	121.3	96.62	129	107.4	13.2	32.94	0
1.025	5	2	0	0	0	122.8	97.94	122.8	97.94	128	108.7	11.94	44.46	0
1.025	5	4	0	0	0	122.5	97.71	122.5	97.71	128	108.7	12.28	44.37	0
1.025	5	0	0	137	110	123.1	98.23	123.1	98.23	128	108.7	11.53	44.6	0
1.025	5	6	0	0	0	122.8	98.01	122.8	98.01	128	108.7	11.85	44.49	0
1.025	5	3	0	0	0	122.6	97.78	122.6	97.78	128	108.7	12.18	44.39	0
1.025	5	1	0	0	0	123	98.12	123	98.12	128	108.7	11.68	44.54	0
1.025	5	5	0	0	0	122.6	97.83	122.6	97.83	128	108.7	12.11	44.41	0
1.025	5	7	0	0	0	123	98.17	123	98.17	128	108.7	11.62	44.56	0
1.275	6	2	0	0	0	124.9	100.9	124.9	100.9	132.7	106.6	9.618	54.08	0
1.275	6	4	0	0	0	124.5	100.4	124.5	100.4	132.7	106.6	10.25	54.62	0
1.275	6	0	0	144.3	127.7	125.4	101.6	125.4	101.6	132.7	106.6	8.835	53.43	0
1.275	6	6	0	0	0	125	101.1	125	101.1	132.7	106.6	9.435	53.93	0
1.275	6	3	0	0	0	124.7	100.6	124.7	100.6	132.7	106.6	10.06	54.45	0
1.275	6	1	0	0	0	125.2	101.3	125.2	101.3	132.7	106.6	9.127	53.67	0
1.275	6	5	0	0	0	124.7	100.7	124.7	100.7	132.7	106.6	9.935	54.35	0
1.275	6	7	0	0	0	125.3	101.4	125.3	101.4	132.7	106.6	9.011	53.58	0
1.525	7	2	0	0	0	126	100.6	126	100.6	136.8	107	12.49	66.57	0
1.525	7	4	0	0	0	125.8	100.6	125.8	100.6	136.8	107	12.68	67.3	0
1.525	7	0	0	135.7	97.53	126.3	100.6	126.3	100.6	136.8	107	12.26	65.7	0
1.525	7	6	0	0	0	126.1	100.6	126.1	100.6	136.8	107	12.44	66.37	0
1.525	7	3	0	0	0	125.9	100.6	125.9	100.6	136.8	107	12.62	67.08	0
1.525	7	1	0	0	0	126.2	100.6	126.2	100.6	136.8	107	12.35	66.02	0
1.525	7	5	0	0	0	125.9	100.6	125.9	100.6	136.8	107	12.59	66.93	0
1.525	7	7	0	0	0	126.2	100.6	126.2	100.6	136.8	107	12.32	65.89	0
1.775	8	2	0	0	0	128.3	102.6	128.3	102.6	137.4	113.9	14.49	81.07	0
1.775	8	4	0	0	0	127.9	102.3	127.9	102.3	137.4	113.9	15.01	82.31	0
1.775	8	0	0	148.6	120.4	128.8	103	128.8	103	137.4	113.9	13.85	79.54	0
1.775	8	6	0	0	0	128.4	102.7	128.4	102.7	137.4	113.9	14.34	80.71	0
1.775	8	3	0	0	0	128	102.4	128	102.4	137.4	113.9	14.86	81.93	0
1.775	8	1	0	0	0	128.6	102.9	128.6	102.9	137.4	113.9	14.09	80.11	0
1.775	8	5	0	0	0	128.1	102.4	128.1	102.4	137.4	113.9	14.75	81.69	0
1.775	8	7	0	0	0	128.7	102.9	128.7	102.9	137.4	113.9	13.99	79.89	0
2.025	9	2	0	0	0	128.8	104.3	128.8	104.3	144.2	112.2	17.3	98.37	0
2.025	9	4	0	0	0	128.7	104	128.7	104	144.2	112.2	17.55	99.86	0
2.025	9	0	0	132.6	119.7	128.9	104.7	128.9	104.7	144.2	112.2	17	96.54	0
2.025	9	6	0	0	0	128.8	104.4	128.8	104.4	144.2	112.2	17.23	97.94	0
2.025	9	3	0	0	0	128.7	104.1	128.7	104.1	144.2	112.2	17.47	99.41	0
2.025	9	1	0	0	0	128.9	104.6	128.9	104.6	144.2	112.2	17.11	97.22	0
2.025	9	5	0	0	0	128.7	104.2	128.7	104.2	144.2	112.2	17.43	99.11	0
2.025	9	7	0	0	0	128.9	104.6	128.9	104.6	144.2	112.2	17.06	96.95	0
2.275	10	2	0	0	0	130.4	105.3	130.4	105.3	142.1	112.1	13.5	111.9	0
2.275	10	4	0	0	0	130.1	105.1	130.1	105.1	142.1	112.1	13.85	113.7	0
2.275	10	0	0	145.4	113.5	130.8	105.5	130.8	105.5	142.1	112.1	13.06	109.6	0
2.275	10	6	0	0	0	130.5	105.3	130.5	105.3	142.1	112.1	13.4	111.3	0
2.275	10	3	0	0	0	130.2	105.1	130.2	105.1	142.1	112.1	13.74	113.1	0
2.275	10	1	0	0	0	130.7	105.4	130.7	105.4	142.1	112.1	13.23	110.4	0
2.275	10	5	0	0	0	130.3	105.2	130.3	105.2	142.1	112.1	13.67	112.8	0
2.275	10	7	0	0	0	130.7	105.5	130.7	105.5	142.1	112.1	13.16	110.1	0
2.525	11	2	0	0	0	130.8	106.1	130.8	106.1	143.2	114.7	15.1	127	0
2.525	11	4	0	0	0	130.7	105.9	130.7	105.9	143.2	114.7	15.26	129	0
2.525	11	0	0	134.1	113.2	130.9	106.3	130.9	106.3	143.2	114.7	14.9	124.5	0
2.525	11	6	0	0	0	130.9	106.1	130.9	106.1	143.2	114.7	15.05	126.4	0
2.525	11	3	0	0	0	130.8	106	130.8	106	143.2	114.7	15.21	128.4	0
2.525	11	1	0	0	0	130.9	106.2	130.9	106.2	143.2	114.7	14.98	125.4	0
2.525	11	5	0	0	0	130.8	106	130.8	106	143.2	114.7	15.18	128	0
2.525	11	7	0	0	0	130.9	106.2	130.9	106.2	143.2	114.7	14.95	125.1	0
2.775	12	2	0	0	0	132	107.3	132	107.3	140.8	111.8	9.866	136.8	0
2.775	12	4	0	0	0	131.8	107.1	131.8	107.1	140.8	111.8	10.16	139.1	0
2.775	12	0	0	143	118.1	132.3	107.6	132.3	107.6	140.8	111.8	9.503	134	0
2.775	12	6	0	0	0	132.1	107.4	132.1	107.4	140.8	111.8	9.781	136.2	0
2.775	12	3	0	0	0	131.9	107.1	131.9	107.1	140.8	111.8	10.07	138.4	0
2.775	12	1	0	0	0	132.2	107.5	132.2	107.5	140.8	111.8	9.638	135.1	0
2.775	12	5	0	0	0	131.9	107.2	131.9	107.2	140.8	111.8	10.01	138	0
2.775	12	7	0	0	0	132.3	107.5	132.3	107.5	140.8	111.8	9.585	134.6	0
3.025	13	2	0	0	0	133.6	107.9	133.6	107.9	140.8	117.1	11.69	148.5	0
3.025	13	4	0	0	0	133.3	107.8	133.3	107.8	140.8	117.1	11.96	151.1	0
3.025	13	0	0	147.6	112.9	134	108	134	108	140.8	117.1	11.36	145.4	0
3.025	13	6	0	0	0	133.7	107.9	133.7	107.9	140.8	117.1	11.61	147.8	0
3.025	13	3	0	0	0	133.4	107.8	133.4	107.8	140.8	117.1	11.88	150.3	0
3.025	13	1	0	0	0	133.8	108	133.8	108	140.8	117.1	11.48	146.5	0
3.025	13	5	0	0	0	133.5	107.8	133.5	107.8	140.8	117.1	11.83	149.8	0
3.025	13	7	0	0	0	133.9	108	133.9	108	140.8	117.1	11.43	146.1	0
3.275	14	2	0	0	0	134.4	111.4	134.4	111.4	147.8	121.4	16.77	165.3	0
3.275	14	4	0	0	0	134.2	110.8	134.2	110.8	147.8	121.4	17.26	168.3	0
3.275	14	0	0	141	142.9	134.6	112.1	134.6	112.1	147.8	121.4	16.17	161.5	0
3.275	14	6	0	0	0	134.4	111.6	134.4	111.6	147.8	121.4	16.62	164.4	0
3.275	14	3	0	0	0	134.3	111	134.3	111	147.8	121.4	17.11	167.4	0
3.275	14	1	0	0	0	134.5	111.9	134.5	111.9	147.8	121.4	16.39	162.9	0
3.275	14	5	0	0	0	134.3	111.1	134.3	111.1	147.8	121.4	17.01	166.8	0
3.275	14	7	0	0	0	134.5	112	134.5	112	147.8	121.4	16.3	162.4	0
3.525	15	2	0	0	0	135.5	112.8	135.5	112.8	154	119	19.51	184.8	0
3.525	15	4	0	0	0	135.3	112.5	135.3	112.5	154	119	19.81	188.1	0
3.525	15	0	0	145.7	125.1	135.8	113.2	135.8	113.2	154	119	19.15	180.7	0
3.525	15	6	0	0	0	135.6	112.9	135.6	112.9	154	119	19.43	183.8	0
3.525	15	3	0	0	0	135.4	112.6	135.4	112.6	154	119	19.72	187.1	0
3.525	15	1	0	0	0	135.7	113	135.7	113	154	119	19.29	182.2	0
3.525	15	5	0	0	0	135.4	112.7	135.4	112.7	154	119	19.66	186.5	0
3.525	15	7	0	0	0	135.7	113.1	135.7	113.1	154	119	19.23	181.6	0
3.775	16	2	0	0	0	136.3	115.3	136.3	115.3	155.5	117.6	19.35	204.2	0
3.775	16	4	0	0	0	136.2	114.8	136.2	114.8	155.5	117.6	19.56	207.7	0
3.775	16	0	0	143.5	137.2	136.5	115.8	136.5	115.8	155.5	117.6	19.09	199.8	0
3.775	16	6	0	0	0	136.4	115.4	136.4	115.4	155.5	117.6	19.29	203.1	0
3.775	16	3	0	0	0	136.2	114.9	136.2	114.9	155.5	117.6	19.5	206.6	0
3.775	16	1	0	0	0	136.5	115.6	136.5	115.6	155.5	117.6	19.19	201.4	0
3.775	16	5	0	0	0	136.3	115	136.3	115	155.5	117.6	19.45	205.9	0
3.775	16	7	0	0	0	136.5	115.7	136.5	115.7	155.5	117.6	19.15	200.8	0
4.025	17	2	0	0	0	139.9	115.4	139.9	115.4	161.7	118.3	22.07	226.2	0
4.025	17	4	0	0	0	139.2	115.3	139.2	115.3	161.7	118.3	22.69	230.4	0
4.025	17	0	0	171.5	116.2	140.6	115.5	140.6	115.5	161.7	118.3	21.3	221.1	0
4.025	17	6	0	0	0	140	115.4	140	115.4	161.7	118.3	21.89	225	0
4.025	17	3	0	0	0	139.4	115.3	139.4	115.3	161.7	118.3	22.51	229.1	0
4.025	17	1	0	0	0	140.3	115.4	140.3	115.4	161.7	118.3	21.59	223	0
4.025	17	5	0	0	0	139.5	115.4	139.5	115.4	161.7	118.3	22.38	228.3	0
4.025	17	7	0	0	0	140.4	115.4	140.4	115.4	161.7	118.3	21.48	222.2	0
4.275	18	2	0	0	0	142.8	116.4	142.8	116.4	161.6	123.2	20.04	246.3	0
4.275	18	4	0	0	0	142.3	116.2	142.3	116.2	161.6	123.2	20.62	251	0
4.275	18	0	0	168.9	125.2	143.5	116.6	143.5	116.6	161.6	123.2	19.31	240.4	0
4.275	18	6	0	0	0	143	116.4	143	116.4	161.6	123.2	19.87	244.9	0
4.275	18	3	0	0	0	142.4	116.2	142.4	116.2	161.6	123.2	20.44	249.6	0
4.275	18	1	0	0	0	143.2	116.5	143.2	116.5	161.6	123.2	19.58	242.6	0
4.275	18	5	0	0	0	142.5	116.3	142.5	116.3	161.6	123.2	20.33	248.6	0
4.275	18	7	0	0	0	143.3	116.5	143.3	116.5	161.6	123.2	19.48	241.7	0
4.525	19	2	0	0	0	144.1	116.9	144.1	116.9	164.2	121.5	20.67	266.9	0
4.525	19	4	0	0	0	143.8	116.8	143.8	116.8	164.2	121.5	20.95	272	0
4.525	19	0	0	155.3	121.5	144.4	117	144.4	117	164.2	121.5	20.32	260.7	0
4.525	19	6	0	0	0	144.2	116.9	144.2	116.9	164.2	121.5	20.59	265.5	0
4.525	19	3	0	0	0	143.9	116.8	143.9	116.8	164.2	121.5	20.87	270.4	0
4.525	19	1	0	0	0	144.3	117	144.3	117	164.2	121.5	20.45	263	0
4.525	19	5	0	0	0	144	116.8	144	116.8	164.2	121.5	20.81	269.5	0
4.525	19	7	0	0	0	144.4	117	144.4	117	164.2	121.5	20.4	262.1	0
4.775	20	2	0	0	0	145.1	118.3	145.1	118.3	165.8	122.8	21.22	288.2	0
4.775	20	4	0	0	0	144.9	118	144.9	118	165.8	122.8	21.46	293.4	0
4.775	20	0	0	154	130.9	145.4	118.6	145.4	118.6	165.8	122.8	20.92	281.6	0
4.775	20	6	0	0	0	145.2	118.4	145.2	118.4	165.8	122.8	21.15	286.6	0
4.775	20	3	0	0	0	145	118.1	145	118.1	165.8	122.8	21.39	291.8	0
4.775	20	1	0	0	0	145.3	118.5	145.3	118.5	165.8	122.8	21.03	284.1	0
4.775	20	5	0	0	0	145	118.2	145	118.2	165.8	122.8	21.34	290.8	0
4.775	20	7	0	0	0	145.3	118.5	145.3	118.5	165.8	122.8	20.99	283.1	0
5.025	21	2	0	0	0	147	117.4	147	117.4	163	123.6	17.22	305.4	0
5.025	21	4	0	0	0	146.6	117.5	146.6	117.5	163	123.6	17.48	310.9	0
5.025	21	0	0	163.5	108.7	147.4	117.2	147.4	117.2	163	123.6	16.9	298.5	0
5.025	21	6	0	0	0	147.1	117.3	147.1	117.3	163	123.6	17.15	303.8	0
5.025	21	3	0	0	0	146.7	117.5	146.7	117.5	163	123.6	17.4	309.2	0
5.025	21	1	0	0	0	147.2	117.3	147.2	117.3	163	123.6	17.02	301.1	0
5.025	21	5	0	0	0	146.8	117.4	146.8	117.4	163	123.6	17.35	308.2	0
5.025	21	7	0	0	0	147.3	117.2	147.3	117.2	163	123.6	16.97	300.1	0
5.275	22	2	0	0	0	148.7	119.7	148.7	119.7	169.5	125.4	21.55	326.9	0
5.275	22	4	0	0	0	148.4	119.3	148.4	119.3	169.5	125.4	21.97	332.9	0
5.275	22	0	0	164.2	141	149.1	120.2	149.1	120.2	169.5	125.4	21.04	319.6	0
5.275	22	6	0	0	0	148.8	119.8	148.8	119.8	169.5	125.4	21.43	325.2	0
5.275	22	3	0	0	0	148.5	119.4	148.5	119.4	169.5	125.4	21.84	331.1	0
5.275	22	1	0	0	0	149	120	149	120	169.5	125.4	21.23	322.3	0
5.275	22	5	0	0	0	148.5	119.5	148.5	119.5	169.5	125.4	21.76	329.9	0
5.275	22	7	0	0	0	149	120.1	149	120.1	169.5	125.4	21.15	321.2	0
5.525	23	2	0	0	0	151.1	119.5	151.1	119.5	169.6	124.3	19.11	346	0
5.525	23	4	0	0	0	150.7	119.5	150.7	119.5	169.6	124.3	19.54	352.4	0
5.525	23	0	0	172.6	117.4	151.7	119.5	151.7	119.5	169.6	124.3	18.58	338.2	0
5.525	23	6	0	0	0	151.2	119.5	151.2	119.5	169.6	124.3	18.99	344.2	0
5.525	23	3	0	0	0	150.8	119.5	150.8	119.5	169.6	124.3	19.41	350.5	0
5.525	23	1	0	0	0	151.5	119.5	151.5	119.5	169.6	124.3	18.78	341.1	0
5.525	23	5	0	0	0	150.9	119.5	150.9	119.5	169.6	124.3	19.32	349.2	0
5.525	23	7	0	0	0	151.5	119.5	151.5	119.5	169.6	124.3	18.7	339.9	0
5.775	24	2	0	0	0	152.8	118.9	152.8	118.9	175	124.4	22.94	369	0
5.775	24	4	0	0	0	152.4	119	152.4	119	175	124.4	23.22	375.6	0
5.775	24	0	0	167.2	113.3	153.2	118.8	153.2	118.8	175	124.4	22.59	360.7	0
5.775	24	6	0	0	0	152.9	118.9	152.9	118.9	175	124.4	22.85	367	0
5.775	24	3	0	0	0	152.5	119	152.5	119	175	124.4	23.13	373.6	0
5.775	24	1	0	0	0	153	118.8	153	118.8	175	124.4	22.72	363.8	0
5.775	24	5	0	0	0	152.6	119	152.6	119	175	124.4	23.08	372.3	0
5.775	24	7	0	0	0	153.1	118.8	153.1	118.8	175	124.4	22.67	362.6	0
6.025	25	2	0	0	0	155.5	121.5	155.5	121.5	172.3	129.8	18.75	387.7	0
6.025	25	4	0	0	0	155	121.1	155	121.1	172.3	129.8	19.38	395	0
6.025	25	0	0	179.6	145	156.1	122	156.1	122	172.3	129.8	17.96	378.7	0
6.025	25	6	0	0	0	155.6	121.6	155.6	121.6	172.3	129.8	18.56	385.6	0
6.025	25	3	0	0	0	155.1	121.2	155.1	121.2	172.3	129.8	19.19	392.8	0
6.025	25	1	0	0	0	155.8	121.8	155.8	121.8	172.3	129.8	18.25	382.1	0
6.025	25	5	0	0	0	155.2	121.3	155.2	121.3	172.3	129.8	19.06	391.4	0
6.025	25	7	0	0	0	155.9	121.9	155.9	121.9	172.3	129.8	18.14	380.7	0
6.275	26	2	0	0	0	158.3	121.8	158.3	121.8	175.1	135.3	21.48	409.2	0
6.275	26	4	0	0	0	157.8	121.7	157.8	121.7	175.1	135.3	21.94	417	0
6.275	26	0	0	183.7	124.3	159	121.9	159	121.9	175.1	135.3	20.89	399.6	0
6.275	26	6	0	0	0	158.5	121.8	158.5	121.8	175.1	135.3	21.34	406.9	0
6.275	26	3	0	0	0	158	121.7	158	121.7	175.1	135.3	21.8	414.6	0
6.275	26	1	0	0	0	158.7	121.9	158.7	121.9	175.1	135.3	21.11	403.2	0
6.275	26	5	0	0	0	158.1	121.8	158.1	121.8	175.1	135.3	21.71	413.1	0
6.275	26	7	0	0	0	158.8	121.9	158.8	121.9	175.1	135.3	21.03	401.8	0
6.525	27	2	0	0	0	160.9	123.2	160.9	123.2	178.1	140.2	24.21	433.4	0
6.525	27	4	0	0	0	160.4	123	160.4	123	178.1	140.2	24.73	441.7	0
6.525	27	0	0	183.4	136.1	161.5	123.6	161.5	123.6	178.1	140.2	23.57	423.2	0
6.525	27	6	0	0	0	161	123.3	161	123.3	178.1	140.2	24.06	431	0
6.525	27	3	0	0	0	160.5	123.1	160.5	123.1	178.1	140.2	24.57	439.2	0
6.525	27	1	0	0	0	161.2	123.4	161.2	123.4	178.1	140.2	23.81	427	0
6.525	27	5	0	0	0	160.6	123.1	160.6	123.1	178.1	140.2	24.47	437.6	0
6.525	27	7	0	0	0	161.3	123.5	161.3	123.5	178.1	140.2	23.71	425.5	0
6.775	28	2	0	0	0	164	123.6	164	123.6	183.6	146.6	30.18	463.6	0
6.775	28	4	0	0	0	163.4	123.5	163.4	123.5	183.6	146.6	30.62	472.3	0
6.775	28	0	0	192.1	127	164.7	123.7	164.7	123.7	183.6	146.6	29.63	452.8	0
6.775	28	6	0	0	0	164.2	123.7	164.2	123.7	183.6	146.6	30.05	461.1	0
6.775	28	3	0	0	0	163.6	123.6	163.6	123.6	183.6	146.6	30.49	469.7	0
6.775	28	1	0	0	0	164.5	123.7	164.5	123.7	183.6	146.6	29.84	456.8	0
6.775	28	5	0	0	0	163.7	123.6	163.7	123.6	183.6	146.6	30.4	468	0
6.775	28	7	0	0	0	164.6	123.7	164.6	123.7	183.6	146.6	29.76	455.2	0
7.025	29	2	0	0	0	164.7	125.1	164.7	125.1	183.7	145.8	28.1	491.7	0
7.025	29	4	0	0	0	164.5	124.9	164.5	124.9	183.7	145.8	28.4	500.7	0
7.025	29	0	0	170.2	138.4	164.9	125.4	164.9	125.4	183.7	145.8	27.73	480.5	0
7.025	29	6	0	0	0	164.7	125.2	164.7	125.2	183.7	145.8	28.02	489.1	0
7.025	29	3	0	0	0	164.6	124.9	164.6	124.9	183.7	145.8	28.31	498	0
7.025	29	1	0	0	0	164.8	125.3	164.8	125.3	183.7	145.8	27.87	484.7	0
7.025	29	5	0	0	0	164.6	125	164.6	125	183.7	145.8	28.25	496.2	0
7.025	29	7	0	0	0	164.9	125.4	164.9	125.4	183.7	145.8	27.81	483	0
7.275	30	2	0	0	0	170.6	128.8	170.6	128.8	190.2	150.4	29.19	520.9	0
7.275	30	4	0	0	0	169.4	128	169.4	128	190.2	150.4	30.62	531.3	0
7.275	30	0	0	192.4	136.7	171.1	129	171.1	129	190.2	150.4	28.72	509.2	0
7.275	30	6	0	0	0	169.9	128.2	169.9	128.2	190.2	150.4	30.11	519.2	0
7.275	30	3	0	0	0	169.9	128.4	169.9	128.4	190.2	150.4	29.97	528	0
7.275	30	1	0	201.9	153.8	171	129	171	129	190.2	150.4	28.74	513.4	0
7.275	30	5	0	0	0	169.4	128	169.4	128	190.2	150.4	30.59	526.8	0
7.275	30	7	0	0	0	170.6	128.6	170.6	128.6	190.2	150.4	29.33	512.4	0
7.525	31	2	0	0	0	176.4	133.8	176.4	133.8	194.6	156.4	29.05	549.9	0
7.525	31	4	0	0	0	175.1	132.7	175.1	132.7	194.6	156.4	30.74	562.1	0
7.525	31	0	0	206.7	156.7	177	134.3	177	134.3	194.6	156.4	28.22	537.5	0
7.525	31	6	0	0	0	175.8	133.2	175.8	133.2	194.6	156.4	29.84	549	0
7.525	31	3	0	0	0	175.6	133.1	175.6	133.1	194.6	156.4	30.01	558	0
7.525	31	1	0	200.9	158.3	176.9	134.2	176.9	134.2	194.6	156.4	28.39	541.8	0
7.525	31	5	0	0	0	175.2	132.7	175.2	132.7	194.6	156.4	30.56	557.4	0
7.525	31	7	0	0	0	176.6	133.8	176.6	133.8	194.6	156.4	28.88	541.2	0
7.775	32	2	0	0	0	182.1	138.3	182.1	138.3	200.6	157.1	26.42	576.4	0
7.775	32	4	0	0	0	181	137.4	181	137.4	200.6	157.1	27.82	589.9	0
7.775	32	0	0	214	160.4	182.9	138.9	182.9	138.9	200.6	157.1	25.38	562.9	0
7.775	32	6	0	0	0	181.9	138	181.9	138	200.6	157.1	26.68	575.7	0
7.775	32	3	0	0	0	181.4	137.7	181.4	137.7	200.6	157.1	27.28	585.3	0
7.775	32	1	0	199	155.2	182.7	138.7	182.7	138.7	200.6	157.1	25.69	567.5	0
7.775	32	5	0	0	0	181.3	137.6	181.3	137.6	200.6	157.1	27.46	584.8	0
7.775	32	7	0	191.7	145.5	182.6	138.5	182.6	138.5	200.6	157.1	25.86	567.1	0
8.025	33	2	0	0	0	187.7	143.8	187.7	143.8	206.3	160.2	24.74	601.1	0
8.025	33	4	0	0	0	186.9	142.9	186.9	142.9	206.3	160.2	25.94	615.8	0
8.025	33	0	0	215.8	169.7	188.8	144.7	188.8	144.7	206.3	160.2	23.31	586.2	0
8.025	33	6	0	0	0	188	143.9	188	143.9	206.3	160.2	24.41	600.1	0
8.025	33	3	0	0	0	187.1	143.2	187.1	143.2	206.3	160.2	25.57	610.8	0
8.025	33	1	0	198.6	158.2	188.4	144.4	188.4	144.4	206.3	160.2	23.84	591.4	0
8.025	33	5	0	0	0	187.4	143.3	187.4	143.3	206.3	160.2	25.35	610.2	0
8.025	33	7	0	213.1	164.9	188.6	144.5	188.6	144.5	206.3	160.2	23.63	590.7	0
8.275	34	2	0	0	0	191.2	149.1	191.2	149.1	212.3	162.1	24.72	625.8	0
8.275	34	4	0	0	0	190.6	148.2	190.6	148.2	212.3	162.1	25.8	641.6	0
8.275	34	0	0	203.1	176.6	191.6	149.9	191.6	149.9	212.3	162.1	23.98	610.1	0
8.275	34	6	0	0	0	191	149	191	149	212.3	162.1	24.98	625.1	0
8.275	34	3	0	0	0	190.8	148.5	190.8	148.5	212.3	162.1	25.37	636.2	0
8.275	34	1	0	207	166.4	191.5	149.7	191.5	149.7	212.3	162.1	24.19	615.5	0
8.275	34	5	0	0	0	190.7	148.4	190.7	148.4	212.3	162.1	25.55	635.7	0
8.275	34	7	0	196.8	155.3	191.4	149.5	191.4	149.5	212.3	162.1	24.35	615.1	0
8.525	35	2	0	0	0	199.3	152.5	199.3	152.5	216.5	164.8	21.17	647	0
8.525	35	4	0	0	0	198	151.7	198	151.7	216.5	164.8	22.71	664.4	0
8.525	35	0	0	211.2	155.7	200.2	152.7	200.2	152.7	216.5	164.8	20.32	630.5	0
8.525	35	6	0	0	0	198.9	152	198.9	152	216.5	164.8	21.76	646.9	0
8.525	35	3	0	0	0	198.5	152.1	198.5	152.1	216.5	164.8	22.07	658.3	0
8.525	35	1	0	243	176.7	200	152.7	200	152.7	216.5	164.8	20.52	636.1	0
8.525	35	5	0	0	0	198.3	151.8	198.3	151.8	216.5	164.8	22.47	658.2	0
8.525	35	7	0	234.9	159.4	199.7	152.4	199.7	152.4	216.5	164.8	20.89	636	0
8.775	36	2	0	0	0	203.5	158.1	203.5	158.1	218.8	171.7	20.4	667.4	0
8.775	36	4	0	0	0	202.8	157.1	202.8	157.1	218.8	171.7	21.63	686	0
8.775	36	0	0	212	173.5	204.2	158.8	204.2	158.8	218.8	171.7	19.49	649.9	0
8.775	36	6	0	0	0	203.4	157.9	203.4	157.9	218.8	171.7	20.63	667.5	0
8.775	36	3	0	0	0	203.1	157.5	203.1	157.5	218.8	171.7	21.16	679.4	0
8.775	36	1	0	223.5	184.9	204	158.6	204	158.6	218.8	171.7	19.76	655.8	0
8.775	36	5	0	0	0	203	157.4	203	157.4	218.8	171.7	21.32	679.5	0
8.775	36	7	0	225.5	178.9	203.9	158.5	203.9	158.5	218.8	171.7	19.9	655.9	0
9.025	37	2	0	0	0	208.8	158.9	208.8	158.9	223.4	173.4	20.64	688	0
9.025	37	4	0	0	0	207.9	158.6	207.9	158.6	223.4	173.4	21.5	707.5	0
9.025	37	0	0	234.7	157	209.6	158.9	209.6	158.9	223.4	173.4	20.09	670	0
9.025	37	6	0	0	0	208.7	158.6	208.7	158.6	223.4	173.4	20.89	688.4	0
9.025	37	3	0	0	0	208.2	158.7	208.2	158.7	223.4	173.4	21.15	700.6	0
9.025	37	1	0	225.6	168.4	209.3	158.9	209.3	158.9	223.4	173.4	20.23	676.1	0
9.025	37	5	0	0	0	208.2	158.5	208.2	158.5	223.4	173.4	21.33	700.8	0
9.025	37	7	0	219.5	159.1	209.3	158.8	209.3	158.8	223.4	173.4	20.4	676.3	0
9.275	38	2	0	0	0	211.5	161.1	211.5	161.1	222.7	176	18.61	706.6	0
9.275	38	4	0	0	0	211	160.5	211	160.5	222.7	176	19.42	726.9	0
9.275	38	0	0	213.4	170.3	211.9	161.1	211.9	161.1	222.7	176	18.41	688.4	0
9.275	38	6	0	0	0	211.5	160.5	211.5	160.5	222.7	176	19.17	707.6	0
9.275	38	3	0	0	0	211.2	160.8	211.2	160.8	222.7	176	19.04	719.6	0
9.275	38	1	0	225.2	180.2	211.8	161.2	211.8	161.2	222.7	176	18.39	694.4	0
9.275	38	5	0	0	0	211.2	160.4	211.2	160.4	222.7	176	19.42	720.3	0
9.275	38	7	0	229.1	148.2	211.8	160.8	211.8	160.8	222.7	176	18.75	695	0
9.525	39	2	0	0	0	214.8	165.6	214.8	165.6	227.1	183	21.32	728	0
9.525	39	4	0	0	0	214.3	165.2	214.3	165.2	227.1	183	21.98	748.9	0
9.525	39	0	0	227.9	181.3	215.3	166.7	215.3	166.7	227.1	183	20.15	708.6	0
9.525	39	6	0	0	0	214.8	166.3	214.8	166.3	227.1	183	20.74	728.3	0
9.525	39	3	0	0	0	214.4	165.2	214.4	165.2	227.1	183	21.84	741.5	0
9.525	39	1	0	224.5	170.9	215.1	166.3	215.1	166.3	227.1	183	20.63	715.1	0
9.525	39	5	0	0	0	214.5	165.7	214.5	165.7	227.1	183	21.45	741.7	0
9.525	39	7	0	227.9	209	215.1	166.7	215.1	166.7	227.1	183	20.26	715.3	0
9.775	40	2	0	0	0	218.1	171.7	218.1	171.7	231.8	181.3	16.69	744.6	0
9.775	40	4	0	0	0	217.9	171	217.9	171	231.8	181.3	17.36	766.2	0
9.775	40	0	0	0	0	217.6	171.5	217.6	171.5	231.8	181.3	17.22	725.8	0
9.775	40	6	0	0	0	217.4	170.7	217.4	170.7	231.8	181.3	17.89	746.2	0
9.775	40	3	0	238.8	188.6	218.1	171.4	218.1	171.4	231.8	181.3	16.94	758.4	0
9.775	40	1	0	226.7	202	217.9	171.8	217.9	171.8	231.8	181.3	16.85	731.9	0
9.775	40	5	0	0	0	217.6	170.7	217.6	170.7	231.8	181.3	17.73	759.4	0
9.775	40	7	0	217.8	179.8	217.4	171.1	217.4	171.1	231.8	181.3	17.63	732.9	0
10.025	41	2	0	0	0	221.8	175.2	221.8	175.2	232.6	182.3	12.97	757.6	0
10.025	41	4	0	0	0	221.1	174.6	221.1	174.6	232.6	182.3	13.88	780.1	0
10.025	41	0	0	0	0	221.6	175	221.6	175	232.6	182.3	13.23	739	0
10.025	41	6	0	0	0	220.9	174.3	220.9	174.3	232.6	182.3	14.15	760.3	0
10.025	41	3	0	228.2	185.8	221.4	174.9	221.4	174.9	232.6	182.3	13.38	771.8	0
10.025	41	1	0	248.8	197.2	221.8	175.2	221.8	175.2	232.6	182.3	12.96	744.9	0
10.025	41	5	0	0	0	220.9	174.4	220.9	174.4	232.6	182.3	14.16	773.6	0
10.025	41	7	0	224.8	178.9	221.2	174.6	221.2	174.6	232.6	182.3	13.72	746.6	0
10.275	42	2	0	0	0	224.8	179.1	224.8	179.1	233.3	185.7	10.76	768.4	0
10.275	42	4	0	0	0	224.1	178.5	224.1	178.5	233.3	185.7	11.71	791.8	0
10.275	42	0	0	0	0	224.3	178.9	224.3	178.9	233.3	185.7	11.24	750.3	0
10.275	42	6	0	0	0	223.6	178.3	223.6	178.3	233.3	185.7	12.21	772.5	0
10.275	42	3	0	233.7	190.9	224.5	178.9	224.5	178.9	233.3	185.7	11.16	782.9	0
10.275	42	1	0	251.9	201.9	224.7	179.1	224.7	179.1	233.3	185.7	10.86	755.7	0
10.275	42	5	0	0	0	223.7	178.3	223.7	178.3	233.3	185.7	12.12	785.7	0
10.275	42	7	0	213.3	186.1	223.9	178.6	223.9	178.6	233.3	185.7	11.8	758.4	0
10.525	43	2	0	0	0	226.6	178.7	226.6	178.7	238.4	182.9	12.54	780.9	0
10.525	43	4	0	0	0	226.4	178.6	226.4	178.6	238.4	182.9	12.74	804.6	0
10.525	43	0	0	0	0	226.7	178.8	226.7	178.8	238.4	182.9	12.43	762.7	0
10.525	43	6	0	0	0	226.5	178.8	226.5	178.8	238.4	182.9	12.64	785.2	0
10.525	43	3	0	233.6	175.5	226.5	178.6	226.5	178.6	238.4	182.9	12.66	795.6	0
10.525	43	1	0	232.3	178.5	226.7	178.8	226.7	178.8	238.4	182.9	12.45	768.2	0
10.525	43	5	0	0	0	226.4	178.7	226.4	178.7	238.4	182.9	12.72	798.4	0
10.525	43	7	0	242	184	226.6	178.8	226.6	178.8	238.4	182.9	12.51	771	0
10.775	44	2	0	0	0	230.4	181.7	230.4	181.7	236.8	187.6	8.642	789.6	0
10.775	44	4	0	0	0	230	181.5	230	181.5	236.8	187.6	9.116	813.7	0
10.775	44	0	0	0	0	230.7	181.9	230.7	181.9	236.8	187.6	8.354	771.1	0
10.775	44	6	0	0	0	230.2	181.7	230.2	181.7	236.8	187.6	8.823	794	0
10.775	44	3	0	236.4	189.7	230.2	181.6	230.2	181.6	236.8	187.6	8.92	804.5	0
10.775	44	1	0	247.9	190.1	230.6	181.9	230.6	181.9	236.8	187.6	8.428	776.6	0
10.775	44	5	0	0	0	230	181.6	230	181.6	236.8	187.6	9.046	807.5	0
10.775	44	7	0	252.2	201.7	230.5	181.8	230.5	181.8	236.8	187.6	8.539	779.5	0
11.025	45	2	0	0	0	233.3	183.8	233.3	183.8	240.1	185.1	6.915	796.5	0
11.025	45	4	0	0	0	232.6	183.5	232.6	183.5	240.1	185.1	7.651	821.3	0
11.025	45	0	0	0	0	233.5	184.2	233.5	184.2	240.1	185.1	6.675	777.7	0
11.025	45	6	0	0	0	232.8	183.8	232.8	183.8	240.1	185.1	7.402	801.4	0
11.025	45	3	0	230.8	182	232.9	183.6	232.9	183.6	240.1	185.1	7.317	811.8	0
11.025	45	1	0	259.4	196.5	233.5	184	233.5	184	240.1	185.1	6.684	783.3	0
11.025	45	5	0	0	0	232.6	183.6	232.6	183.6	240.1	185.1	7.642	815.1	0
11.025	45	7	0	239.4	199.6	233.2	184.1	233.2	184.1	240.1	185.1	6.996	786.5	0
11.275	46	2	0	0	0	236.1	183.3	236.1	183.3	246.3	184.6	10.26	806.7	0
11.275	46	4	0	0	0	235.9	183.4	235.9	183.4	246.3	184.6	10.51	831.9	0
11.275	46	0	0	0	0	235.8	183	235.8	183	246.3	184.6	10.68	788.4	0
11.275	46	6	0	0	0	235.5	183.2	235.5	183.2	246.3	184.6	10.94	812.4	0
11.275	46	3	0	253	189.5	236.1	183.4	236.1	183.4	246.3	184.6	10.32	822.2	0
11.275	46	1	0	245.2	175.5	236	183.1	236	183.1	246.3	184.6	10.43	793.7	0
11.275	46	5	0	0	0	235.6	183.3	235.6	183.3	246.3	184.6	10.77	825.9	0
11.275	46	7	0	237.8	176.1	235.6	183.1	235.6	183.1	246.3	184.6	10.87	797.4	0
11.525	47	2	0	0	0	238.1	185.7	238.1	185.7	246.2	187.2	8.199	814.9	0
11.525	47	4	0	0	0	238	185.4	238	185.4	246.2	187.2	8.342	840.2	0
11.525	47	0	0	0	0	237.7	185.3	237.7	185.3	246.2	187.2	8.666	797.1	0
11.525	47	6	0	0	0	237.6	185	237.6	185	246.2	187.2	8.831	821.2	0
11.525	47	3	0	253.8	197.7	238.2	185.6	238.2	185.6	246.2	187.2	8.196	830.3	0
11.525	47	1	0	240.9	197.2	238	185.6	238	185.6	246.2	187.2	8.408	802.1	0
11.525	47	5	0	0	0	237.8	185.2	237.8	185.2	246.2	187.2	8.61	834.5	0
11.525	47	7	0	240.5	181.9	237.6	185.1	237.6	185.1	246.2	187.2	8.822	806.2	0
11.775	48	2	0	0	0	242.2	186.7	242.2	186.7	253.1	187.9	10.96	825.9	0
11.775	48	4	0	0	0	241.6	186.4	241.6	186.4	253.1	187.9	11.54	851.7	0
11.775	48	0	0	0	0	242	186.7	242	186.7	253.1	187.9	11.16	808.2	0
11.775	48	6	0	0	0	241.4	186.4	241.4	186.4	253.1	187.9	11.74	832.9	0
11.775	48	3	0	254	185.7	241.9	186.5	241.9	186.5	253.1	187.9	11.22	841.6	0
11.775	48	1	0	263.7	199.4	242.2	186.8	242.2	186.8	253.1	187.9	10.97	813.1	0
11.775	48	5	0	0	0	241.5	186.3	241.5	186.3	253.1	187.9	11.74	846.2	0
11.775	48	7	0	250.4	186.6	241.7	186.5	241.7	186.5	253.1	187.9	11.48	817.7	0
12.025	49	2	0	0	0	242.9	187.7	242.9	187.7	251	189.4	8.237	834.1	0
12.025	49	4	0	0	0	242.7	187.7	242.7	187.7	251	189.4	8.487	860.2	0
12.025	49	0	0	0	0	243.3	187.5	243.3	187.5	251	189.4	7.887	816.1	0
12.025	49	6	0	0	0	243.1	187.5	243.1	187.5	251	189.4	8.13	841.1	0
12.025	49	3	0	237	197.1	242.8	187.7	242.8	187.7	251	189.4	8.416	850	0
12.025	49	1	0	251.2	187.5	243.2	187.6	243.2	187.6	251	189.4	8.024	821.1	0
12.025	49	5	0	0	0	242.9	187.6	242.9	187.6	251	189.4	8.347	854.6	0
12.025	49	7	0	258	189.4	243.3	187.5	243.3	187.5	251	189.4	7.952	825.6	0
12.275	50	2	0	0	0	245.7	187.6	245.7	187.6	255.2	187	9.495	843.6	0
12.275	50	4	0	0	0	245.4	187.6	245.4	187.6	255.2	187	9.789	870	0
12.275	50	0	0	0	0	245.5	187.4	245.5	187.4	255.2	187	9.718	825.8	0
12.275	50	6	0	0	0	245.2	187.5	245.2	187.5	255.2	187	10.02	851.1	0
12.275	50	3	0	257.4	189.7	245.6	187.6	245.6	187.6	255.2	187	9.606	859.6	0
12.275	50	1	0	256.7	186	245.7	187.5	245.7	187.5	255.2	187	9.561	830.7	0
12.275	50	5	0	0	0	245.3	187.5	245.3	187.5	255.2	187	9.951	864.5	0
12.275	50	7	0	247.9	185.1	245.3	187.4	245.3	187.4	255.2	187	9.902	835.5	0
12.525	51	2	0	0	0	250.2	189.2	250.2	189.2	261.7	192.8	12.1	855.7	0
12.525	51	4	0	0	0	249.7	189.2	249.7	189.2	261.7	192.8	12.51	882.5	0
12.525	51	0	0	0	0	249.5	189	249.5	189	261.7	192.8	12.76	838.6	0
12.525	51	6	0	0	0	249	189	249	189	261.7	192.8	13.19	864.3	0
12.525	51	3	0	273.9	200.9	250	189.2	250	189.2	261.7	192.8	12.19	871.8	0
12.525	51	1	0	267.1	187.7	249.9	189.1	249.9	189.1	261.7	192.8	12.36	843.1	0
12.525	51	5	0	0	0	249.3	189.1	249.3	189.1	261.7	192.8	12.92	877.5	0
12.525	51	7	0	249.7	196.5	249.2	189	249.2	189	261.7	192.8	13.08	848.6	0
12.775	52	2	0	0	0	253.7	190.6	253.7	190.6	265.3	198.3	13.97	869.7	0
12.775	52	4	0	0	0	253.4	190.4	253.4	190.4	265.3	198.3	14.31	896.8	0
12.775	52	0	0	0	0	254.2	190.9	254.2	190.9	265.3	198.3	13.36	852	0
12.775	52	6	0	0	0	253.9	190.7	253.9	190.7	265.3	198.3	13.69	878	0
12.775	52	3	0	259.5	187.3	253.4	190.4	253.4	190.4	265.3	198.3	14.23	886	0
12.775	52	1	0	262.9	199.3	253.9	190.8	253.9	190.8	265.3	198.3	13.62	856.7	0
12.775	52	5	0	0	0	253.6	190.5	253.6	190.5	265.3	198.3	14.05	891.5	0
12.775	52	7	0	293	206	254.1	190.9	254.1	190.9	265.3	198.3	13.43	862	0
13.025	53	2	0	0	0	255.7	194.9	255.7	194.9	263.3	202.5	10.74	880.4	0
13.025	53	4	0	0	0	255.8	194.6	255.8	194.6	263.3	202.5	10.84	907.7	0
13.025	53	0	0	0	0	255.3	194	255.3	194	263.3	202.5	11.6	863.6	0
13.025	53	6	0	0	0	255.4	193.8	255.4	193.8	263.3	202.5	11.72	889.7	0
13.025	53	3	0	274.9	224.8	255.8	194.9	255.8	194.9	263.3	202.5	10.66	896.7	0
13.025	53	1	0	250.2	204.2	255.5	194.5	255.5	194.5	263.3	202.5	11.15	867.8	0
13.025	53	5	0	0	0	255.6	194.2	255.6	194.2	263.3	202.5	11.3	902.8	0
13.025	53	7	0	260.4	189.7	255.3	193.8	255.3	193.8	263.3	202.5	11.79	873.8	0
13.275	54	2	0	0	0	259.8	194.8	259.8	194.8	270.1	203.9	13.79	894.2	0
13.275	54	4	0	0	0	259.6	194.6	259.6	194.6	270.1	203.9	14.03	921.7	0
13.275	54	0	0	0	0	259.1	194.9	259.1	194.9	270.1	203.9	14.25	877.8	0
13.275	54	6	0	0	0	258.8	194.8	258.8	194.8	270.1	203.9	14.52	904.2	0
13.275	54	3	0	287.2	190.5	259.8	194.7	259.8	194.7	270.1	203.9	13.84	910.5	0
13.275	54	1	0	268.9	199	259.5	194.9	259.5	194.9	270.1	203.9	13.98	881.8	0
13.275	54	5	0	0	0	259.2	194.7	259.2	194.7	270.1	203.9	14.31	917.1	0
13.275	54	7	0	259.6	201.3	258.8	194.9	258.8	194.9	270.1	203.9	14.46	888.3	0
13.525	55	2	0	0	0	261.8	199.3	261.8	199.3	272.2	209.1	14.34	908.6	0
13.525	55	4	0	0	0	261.4	198.9	261.4	198.9	272.2	209.1	14.84	936.5	0
13.525	55	0	0	0	0	261.9	199.2	261.9	199.2	272.2	209.1	14.31	892.1	0
13.525	55	6	0	0	0	261.5	198.9	261.5	198.9	272.2	209.1	14.81	919	0
13.525	55	3	0	262.7	216	261.5	199.1	261.5	199.1	272.2	209.1	14.59	925.1	0
13.525	55	1	0	276.5	211.9	261.9	199.3	261.9	199.3	272.2	209.1	14.25	896.1	0
13.525	55	5	0	0	0	261.4	198.9	261.4	198.9	272.2	209.1	14.91	932	0
13.525	55	7	0	272.7	218.7	261.7	199	261.7	199	272.2	209.1	14.55	902.8	0
13.775	56	2	0	0	0	265.2	201.9	265.2	201.9	270.7	212.8	12.18	920.7	0
13.775	56	4	0	0	0	264.6	201.8	264.6	201.8	270.7	212.8	12.61	949.1	0
13.775	56	0	0	0	0	265	202.2	265	202.2	270.7	212.8	12.05	904.2	0
13.775	56	6	0	0	0	264.4	202	264.4	202	270.7	212.8	12.5	931.5	0
13.775	56	3	0	274.1	208.6	264.9	201.8	264.9	201.8	270.7	212.8	12.4	937.5	0
13.775	56	1	0	287.7	207.9	265.2	202.1	265.2	202.1	270.7	212.8	12.05	908.1	0
13.775	56	5	0	0	0	264.4	201.9	264.4	201.9	270.7	212.8	12.62	944.6	0
13.775	56	7	0	265.5	226	264.6	202.1	264.6	202.1	270.7	212.8	12.25	915.1	0
14.025	57	2	0	0	0	264	204	264	204	272.8	211.5	11.53	932.3	0
14.025	57	4	0	0	0	264	203.5	264	203.5	272.8	211.5	11.89	961	0
14.025	57	0	0	0	0	264.1	204.4	264.1	204.4	272.8	211.5	11.29	915.5	0
14.025	57	6	0	0	0	264	203.9	264	203.9	272.8	211.5	11.63	943.1	0
14.025	57	3	0	259.6	198.1	264	203.7	264	203.7	272.8	211.5	11.75	949.2	0
14.025	57	1	0	263.9	223	264.1	204.3	264.1	204.3	272.8	211.5	11.36	919.5	0
14.025	57	5	0	0	0	264	203.6	264	203.6	272.8	211.5	11.81	956.5	0
14.025	57	7	0	259.5	215.1	264	204.2	264	204.2	272.8	211.5	11.42	926.5	0
14.275	58	2	0	0	0	266.6	204	266.6	204	275.3	211.1	11.25	943.5	0
14.275	58	4	0	0	0	266.1	204	266.1	204	275.3	211.1	11.64	972.7	0
14.275	58	0	0	0	0	266.4	204.4	266.4	204.4	275.3	211.1	11.12	926.6	0
14.275	58	6	0	0	0	265.9	204.4	265.9	204.4	275.3	211.1	11.51	954.6	0
14.275	58	3	0	271.6	197.7	266.4	203.9	266.4	203.9	275.3	211.1	11.46	960.7	0
14.275	58	1	0	284.9	204.4	266.5	204.2	266.5	204.2	275.3	211.1	11.12	930.6	0
14.275	58	5	0	0	0	265.9	204.2	265.9	204.2	275.3	211.1	11.64	968.1	0
14.275	58	7	0	264.6	217.1	266.1	204.5	266.1	204.5	275.3	211.1	11.29	937.8	0
14.525	59	2	0	0	0	269.3	206.4	269.3	206.4	272.3	216.8	10.89	954.4	0
14.525	59	4	0	0	0	268.5	206.2	268.5	206.2	272.3	216.8	11.32	984	0
14.525	59	0	0	0	0	269.5	205.8	269.5	205.8	272.3	216.8	11.39	938	0
14.525	59	6	0	0	0	268.7	205.6	268.7	205.6	272.3	216.8	11.8	966.5	0
14.525	59	3	0	264.8	222.5	268.9	206.3	268.9	206.3	272.3	216.8	11.02	971.7	0
14.525	59	1	0	298.9	214.2	269.5	206.1	269.5	206.1	272.3	216.8	11.08	941.7	0
14.525	59	5	0	0	0	268.5	205.8	268.5	205.8	272.3	216.8	11.63	979.7	0
14.525	59	7	0	274.1	196.3	269.1	205.6	269.1	205.6	272.3	216.8	11.67	949.5	0
14.775	60	2	0	0	0	268.5	208.5	268.5	208.5	272.4	215.4	7.88	962.3	0
14.775	60	4	0	0	0	268.5	208.2	268.5	208.2	272.4	215.4	8.189	992.2	0
14.775	60	0	0	0	0	269.4	208.7	269.4	208.7	272.4	215.4	7.335	945.3	0
14.775	60	6	0	0	0	269.4	208.4	269.4	208.4	272.4	215.4	7.641	974.1	0
14.775	60	3	0	252.1	210.7	268.4	208.3	268.4	208.3	272.4	215.4	8.123	979.9	0
14.775	60	1	0	268.7	220.6	269	208.6	269	208.6	272.4	215.4	7.554	949.2	0
14.775	60	5	0	0	0	268.9	208.2	268.9	208.2	272.4	215.4	7.957	987.7	0
14.775	60	7	0	293.4	223.7	269.6	208.5	269.6	208.5	272.4	215.4	7.406	956.9	0
15.025	61	2	0	0	0	268.2	211.5	268.2	211.5	270.1	221.6	10.28	972.6	0
15.025	61	4	0	0	0	268.1	211.1	268.1	211.1	270.1	221.6	10.7	1003	0
15.025	61	0	0	0	0	268.2	211.6	268.2	211.6	270.1	221.6	10.24	955.5	0
15.025	61	6	0	0	0	268.1	211.1	268.1	211.1	270.1	221.6	10.66	984.8	0
15.025	61	3	0	264.2	217.6	268.2	211.3	268.2	211.3	270.1	221.6	10.5	990.4	0
15.025	61	1	0	271.8	227	268.2	211.6	268.2	211.6	270.1	221.6	10.2	959.4	0
15.025	61	5	0	0	0	268.1	211.1	268.1	211.1	270.1	221.6	10.75	998.4	0
15.025	61	7	0	257.5	222.5	268.1	211.4	268.1	211.4	270.1	221.6	10.44	967.3	0
15.275	62	2	0	0	0	269.8	216.2	269.8	216.2	271	227.9	11.72	984.3	0
15.275	62	4	0	0	0	269.7	215.7	269.7	215.7	271	227.9	12.18	1015	0
15.275	62	0	0	0	0	269.5	216.2	269.5	216.2	271	227.9	11.73	967.3	0
15.275	62	6	0	0	0	269.3	215.8	269.3	215.8	271	227.9	12.2	997	0
15.275	62	3	0	281	230.6	269.8	216	269.8	216	271	227.9	11.95	1002	0
15.275	62	1	0	274.8	233.1	269.7	216.3	269.7	216.3	271	227.9	11.65	971.1	0
15.275	62	5	0	0	0	269.5	215.7	269.5	215.7	271	227.9	12.26	1011	0
15.275	62	7	0	265.9	238.5	269.3	216	269.3	216	271	227.9	11.96	979.3	0
15.525	63	2	0	0	0	271.1	218.2	271.1	218.2	274	226.1	8.497	992.8	0
15.525	63	4	0	0	0	270.7	218.2	270.7	218.2	274	226.1	8.58	1024	0
15.525	63	0	0	0	0	270.8	218.4	270.8	218.4	274	226.1	8.421	975.7	0
15.525	63	6	0	0	0	270.4	218.4	270.4	218.4	274	226.1	8.519	1005	0
15.525	63	3	0	275	227.7	270.9	218.1	270.9	218.1	274	226.1	8.548	1011	0
15.525	63	1	0	285.4	214.5	271	218.2	271	218.2	274	226.1	8.446	979.5	0
15.525	63	5	0	0	0	270.5	218.3	270.5	218.3	274	226.1	8.564	1019	0
15.525	63	7	0	261	243	270.5	218.4	270.5	218.4	274	226.1	8.458	987.7	0
15.775	64	2	0	0	0	273.7	220.5	273.7	220.5	278.8	229.4	10.22	1003	0
15.775	64	4	0	0	0	273.9	220.1	273.9	220.1	278.8	229.4	10.5	1034	0
15.775	64	0	0	0	0	273.4	220.8	273.4	220.8	278.8	229.4	10.18	985.9	0
15.775	64	6	0	0	0	273.5	220.4	273.5	220.4	278.8	229.4	10.45	1016	0
15.775	64	3	0	297	219.3	273.9	220.3	273.9	220.3	278.8	229.4	10.36	1021	0
15.775	64	1	0	267.7	236.4	273.6	220.7	273.6	220.7	278.8	229.4	10.16	989.7	0
15.775	64	5	0	0	0	273.7	220.2	273.7	220.2	278.8	229.4	10.52	1030	0
15.775	64	7	0	289.5	231.7	273.4	220.6	273.4	220.6	278.8	229.4	10.31	998	0
16.025	65	2	0	0	0	275.5	223.2	275.5	223.2	282.1	231.4	10.53	1014	0
16.025	65	4	0	0	0	276	223.2	276	223.2	282.1	231.4	10.25	1044	0
16.025	65	0	0	0	0	275.5	223.1	275.5	223.1	282.1	231.4	10.56	996.4	0
16.025	65	6	0	0	0	276	223.1	276	223.1	282.1	231.4	10.27	1026	0
16.025	65	3	0	274.4	224.6	275.7	223.2	275.7	223.2	282.1	231.4	10.39	1032	0
16.025	65	1	0	277.5	236.1	275.4	223.2	275.4	223.2	282.1	231.4	10.59	1000	0
16.025	65	5	0	297.4	236.8	276.1	223.1	276.1	223.1	282.1	231.4	10.22	1040	0
16.025	65	7	0	0	0	275.7	223.1	275.7	223.1	282.1	231.4	10.41	1008	0
16.275	66	2	0	0	0	276.7	224.8	276.7	224.8	283	234.8	11.8	1025	0
16.275	66	4	0	0	0	276.5	225.3	276.5	225.3	283	234.8	11.48	1056	0
16.275	66	0	0	0	0	276.8	224.7	276.8	224.7	283	234.8	11.83	1008	0
16.275	66	6	0	0	0	276.6	225.2	276.6	225.2	283	234.8	11.49	1038	0
16.275	66	3	0	273.5	227.5	276.6	225	276.6	225	283	234.8	11.64	1043	0
16.275	66	1	0	288.2	222.2	276.8	224.7	276.8	224.7	283	234.8	11.87	1012	0
16.275	66	5	0	277.7	244.5	276.5	225.3	276.5	225.3	283	234.8	11.43	1051	0
16.275	66	7	0	0	0	276.7	225	276.7	225	283	234.8	11.66	1020	0
16.525	67	2	0	0	0	279.8	228.8	279.8	228.8	288.7	236.7	11.95	1037	0
16.525	67	4	0	0	0	279.7	228.8	279.7	228.8	288.7	236.7	12.04	1068	0
16.525	67	0	0	0	0	279.5	228.6	279.5	228.6	288.7	236.7	12.28	1021	0
16.525	67	6	0	0	0	279.4	228.5	279.4	228.5	288.7	236.7	12.37	1050	0
16.525	67	3	0	288.2	238	279.7	228.8	279.7	228.8	288.7	236.7	11.95	1055	0
16.525	67	1	0	292.4	244.2	279.7	228.7	279.7	228.7	288.7	236.7	12.1	1024	0
16.525	67	5	0	288.7	241.8	279.5	228.7	279.5	228.7	288.7	236.7	12.21	1064	0
16.525	67	7	0	0	0	279.5	228.5	279.5	228.5	288.7	236.7	12.37	1032	0
16.775	68	2	0	0	0	281.6	232.6	281.6	232.6	294.9	242.2	16.42	1054	0
16.775	68	4	0	0	0	281.8	232.6	281.8	232.6	294.9	242.2	16.26	1084	0
16.775	68	0	0	0	0	281.5	232.1	281.5	232.1	294.9	242.2	16.81	1037	0
16.775	68	6	0	0	0	281.7	232.1	281.7	232.1	294.9	242.2	16.66	1067	0
16.775	68	3	0	285.2	251.5	281.7	232.7	281.7	232.7	294.9	242.2	16.28	1071	0
16.775	68	1	0	286	241.8	281.5	232.4	281.5	232.4	294.9	242.2	16.63	1041	0
16.775	68	5	0	295.1	240.8	281.8	232.3	281.8	232.3	294.9	242.2	16.43	1080	0
16.775	68	7	0	0	0	281.6	232	281.6	232	294.9	242.2	16.8	1049	0
17.025	69	2	0	0	0	283.2	236.9	283.2	236.9	294.8	248.7	16.5	1070	0
17.025	69	4	0	0	0	282.9	237.6	282.9	237.6	294.8	248.7	16.25	1100	0
17.025	69	0	0	0	0	283.3	236.5	283.3	236.5	294.8	248.7	16.71	1054	0
17.025	69	6	0	0	0	283	237.2	283	237.2	294.8	248.7	16.44	1083	0
17.025	69	3	0	279.6	249.6	283.1	237.3	283.1	237.3	294.8	248.7	16.34	1088	0
17.025	69	1	0	299.2	241.1	283.3	236.6	283.3	236.6	294.8	248.7	16.64	1058	0
17.025	69	5	0	286	269	282.9	237.5	282.9	237.5	294.8	248.7	16.31	1096	0
17.025	69	7	0	0	0	283.2	236.8	283.2	236.8	294.8	248.7	16.61	1066	0
17.275	70	2	0	0	0	288.2	237.4	288.2	237.4	300	246.3	14.82	1085	0
17.275	70	4	0	0	0	288.1	237.6	288.1	237.6	300	246.3	14.81	1115	0
17.275	70	0	0	0	0	287.8	237.1	287.8	237.1	300	246.3	15.37	1069	0
17.275	70	6	0	0	0	287.6	237.3	287.6	237.3	300	246.3	15.35	1099	0
17.275	70	3	0	305	249	288.2	237.5	288.2	237.5	300	246.3	14.73	1103	0
17.275	70	1	0	306.1	229.7	288	237.2	288	237.2	300	246.3	15.1	1073	0
17.275	70	5	0	302	235.4	287.8	237.4	287.8	237.4	300	246.3	15.07	1111	0
17.275	70	7	0	0	0	287.6	237.1	287.6	237.1	300	246.3	15.45	1081	0
17.525	71	2	0	0	0	289.8	241.1	289.8	241.1	298.6	252.8	14.63	1100	0
17.525	71	4	0	0	0	290	241.2	290	241.2	298.6	252.8	14.4	1130	0
17.525	71	0	0	0	0	289.4	240.8	289.4	240.8	298.6	252.8	15.11	1085	0
17.525	71	6	0	0	0	289.6	241	289.6	241	298.6	252.8	14.88	1113	0
17.525	71	3	0	305.5	250.3	290	241.2	290	241.2	298.6	252.8	14.45	1117	0
17.525	71	1	0	285.6	253.5	289.6	241	289.6	241	298.6	252.8	14.9	1088	0
17.525	71	5	0	295.6	257.6	289.9	241.1	289.9	241.1	298.6	252.8	14.6	1126	0
17.525	71	7	0	0	0	289.4	240.9	289.4	240.9	298.6	252.8	15.07	1096	0
17.775	72	2	0	0	0	294.4	243.6	294.4	243.6	303.6	254.3	14.15	1114	0
17.775	72	4	0	0	0	294.5	243.2	294.5	243.2	303.6	254.3	14.38	1144	0
17.775	72	0	0	0	0	294.1	243.2	294.1	243.2	303.6	254.3	14.61	1099	0
17.775	72	6	0	0	0	294.2	242.8	294.2	242.8	303.6	254.3	14.84	1128	0
17.775	72	3	0	305.9	254.6	294.5	243.4	294.5	243.4	303.6	254.3	14.19	1131	0
17.775	72	1	0	310.4	256.8	294.2	243.5	294.2	243.5	303.6	254.3	14.34	1102	0
17.775	72	5	0	314	240.2	294.4	243	294.4	243	303.6	254.3	14.64	1141	0
17.775	72	7	0	0	0	294.1	243	294.1	243	303.6	254.3	14.8	1111	0
18.025	73	2	0	0	0	297.3	246.8	297.3	246.8	308.2	256.3	14.43	1128	0
18.025	73	4	0	0	0	297.9	247.3	297.9	247.3	308.2	256.3	13.67	1158	0
18.025	73	0	0	0	0	296.8	246.1	296.8	246.1	308.2	256.3	15.26	1114	0
18.025	73	6	0	0	0	297.4	246.6	297.4	246.6	308.2	256.3	14.48	1143	0
18.025	73	3	0	314.5	273.5	297.6	247.1	297.6	247.1	308.2	256.3	13.93	1145	0
18.025	73	1	0	292	239.6	297	246.4	297	246.4	308.2	256.3	14.96	1117	0
18.025	73	5	0	316.1	261.8	297.7	247	297.7	247	308.2	256.3	13.95	1155	0
18.025	73	7	0	0	0	297	246.2	297	246.2	308.2	256.3	15	1126	0
18.275	74	2	0	0	0	299.7	247.3	299.7	247.3	309.5	254	11.9	1140	0
18.275	74	4	0	0	0	299.3	247.6	299.3	247.6	309.5	254	12.01	1170	0
18.275	74	0	0	0	0	299.6	247.5	299.6	247.5	309.5	254	11.89	1126	0
18.275	74	6	0	0	0	299.2	247.9	299.2	247.9	309.5	254	12.02	1155	0
18.275	74	3	0	303.5	235.9	299.5	247.4	299.5	247.4	309.5	254	11.95	1157	0
18.275	74	1	0	317.3	250.8	299.7	247.3	299.7	247.3	309.5	254	11.88	1129	0
18.275	74	5	0	299	265.7	299.2	247.8	299.2	247.8	309.5	254	12.03	1167	0
18.275	74	7	0	0	0	299.3	247.7	299.3	247.7	309.5	254	11.95	1138	0
18.525	75	2	0	0	0	305.3	247.4	305.3	247.4	314.6	251.6	10.14	1150	0
18.525	75	4	0	0	0	304.9	247.7	304.9	247.7	314.6	251.6	10.48	1180	0
18.525	75	0	0	0	0	304.6	247.4	304.6	247.4	314.6	251.6	10.82	1137	0
18.525	75	6	0	0	0	304.1	247.7	304.1	247.7	314.6	251.6	11.17	1166	0
18.525	75	3	0	332.9	249.2	305.2	247.6	305.2	247.6	314.6	251.6	10.2	1167	0
18.525	75	1	0	327	241.6	305.1	247.4	305.1	247.4	314.6	251.6	10.42	1139	0
18.525	75	5	0	308.1	251.7	304.4	247.7	304.4	247.7	314.6	251.6	10.87	1178	0
18.525	75	7	0	0	0	304.2	247.5	304.2	247.5	314.6	251.6	11.1	1149	0
18.775	76	2	0	0	0	308.1	252	308.1	252	321.5	254.8	13.61	1164	0
18.775	76	4	0	0	0	308.4	252.5	308.4	252.5	321.5	254.8	13.31	1193	0
18.775	76	0	0	0	0	307.9	251.7	307.9	251.7	321.5	254.8	13.94	1151	0
18.775	76	6	0	0	0	308.1	252.2	308.1	252.2	321.5	254.8	13.62	1180	0
18.775	76	3	0	316.4	262.9	308.3	252.3	308.3	252.3	321.5	254.8	13.41	1181	0
18.775	76	1	0	316.1	260.5	308	251.8	308	251.8	321.5	254.8	13.82	1153	0
18.775	76	5	0	326.8	280.1	308.3	252.4	308.3	252.4	321.5	254.8	13.42	1191	0
18.775	76	7	0	0	0	307.9	251.9	307.9	251.9	321.5	254.8	13.83	1163	0
19.025	77	2	0	0	0	311.3	253.7	311.3	253.7	321.6	255.1	10.36	1174	0
19.025	77	4	0	0	0	311.7	253.8	311.7	253.8	321.6	255.1	10.02	1204	0
19.025	77	0	0	0	0	310.7	253.5	310.7	253.5	321.6	255.1	11.04	1162	0
19.025	77	6	0	0	0	311	253.6	311	253.6	321.6	255.1	10.7	1190	0
19.025	77	3	0	336.3	260.1	311.6	253.8	311.6	253.8	321.6	255.1	10.08	1191	0
19.025	77	1	0	307.3	256.6	311	253.6	311	253.6	321.6	255.1	10.75	1164	0
19.025	77	5	0	320.3	259.7	311.4	253.7	311.4	253.7	321.6	255.1	10.3	1201	0
19.025	77	7	0	0	0	310.7	253.5	310.7	253.5	321.6	255.1	10.98	1174	0
19.275	78	2	0	0	0	313.7	254.9	313.7	254.9	318.9	261.3	8.256	1183	0
19.275	78	4	0	0	0	313.7	253.9	313.7	253.9	318.9	261.3	9.079	1213	0
19.275	78	0	0	0	0	313.6	255.1	313.6	255.1	318.9	261.3	8.238	1170	0
19.275	78	6	0	0	0	313.6	254	313.6	254	318.9	261.3	9.066	1199	0
19.275	78	3	0	317.7	248	313.8	254.4	313.8	254.4	318.9	261.3	8.666	1199	0
19.275	78	1	0	325.3	284	313.7	255.2	313.7	255.2	318.9	261.3	8.122	1172	0
19.275	78	5	0	323.5	240.7	313.6	253.8	313.6	253.8	318.9	261.3	9.204	1210	0
19.275	78	7	0	0	0	313.5	254.6	313.5	254.6	318.9	261.3	8.644	1183	0
19.525	79	2	0	0	0	314.6	256.2	314.6	256.2	322.9	268.2	14.62	1197	0
19.525	79	4	0	0	0	314.8	256	314.8	256	322.9	268.2	14.62	1227	0
19.525	79	0	0	0	0	314.6	256.4	314.6	256.4	322.9	268.2	14.49	1185	0
19.525	79	6	0	0	0	314.7	256.2	314.7	256.2	322.9	268.2	14.49	1214	0
19.525	79	3	0	316.1	248.8	314.7	256.1	314.7	256.1	322.9	268.2	14.64	1214	0
19.525	79	1	0	315.6	269.8	314.6	256.3	314.6	256.3	322.9	268.2	14.56	1186	0
19.525	79	5	0	323.1	268.4	314.8	256.1	314.8	256.1	322.9	268.2	14.55	1225	0
19.525	79	7	0	0	0	314.7	256.3	314.7	256.3	322.9	268.2	14.47	1197	0
19.775	80	2	0	0	0	318.5	259	318.5	259	321.5	267.2	8.732	1206	0
19.775	80	4	0	0	0	318.1	258.9	318.1	258.9	321.5	267.2	8.964	1236	0
19.775	80	0	0	0	0	318	258.6	318	258.6	321.5	267.2	9.253	1194	0
19.775	80	6	0	0	0	317.6	258.6	317.6	258.6	321.5	267.2	9.504	1223	0
19.775	80	3	0	337.6	273.8	318.3	259	318.3	259	321.5	267.2	8.767	1223	0
19.775	80	1	0	333.9	266.1	318.3	258.8	318.3	258.8	321.5	267.2	8.951	1195	0
19.775	80	5	0	316.2	262.6	317.7	258.7	317.7	258.7	321.5	267.2	9.268	1234	0
19.775	80	7	0	0	0	317.7	258.5	317.7	258.5	321.5	267.2	9.463	1207	0
20.025	81	2	0	0	0	320.3	260.8	320.3	260.8	327.1	272	13.04	1219	0
20.025	81	4	0	0	0	320.1	261.6	320.1	261.6	327.1	272	12.52	1249	0
20.025	81	0	0	0	0	320.1	260.3	320.1	260.3	327.1	272	13.64	1208	0
20.025	81	6	0	0	0	319.9	261	319.9	261	327.1	272	13.11	1236	0
20.025	81	3	0	326.5	282.4	320.2	261.3	320.2	261.3	327.1	272	12.68	1236	0
20.025	81	1	0	330.7	245	320.2	260.4	320.2	260.4	327.1	272	13.42	1209	0
20.025	81	5	0	324	276.4	319.9	261.4	319.9	261.4	327.1	272	12.73	1247	0
20.025	81	7	0	0	0	319.9	260.5	319.9	260.5	327.1	272	13.47	1220	0
20.275	82	2	0	0	0	324.5	263.5	324.5	263.5	329.4	272.8	10.56	1229	0
20.275	82	4	0	0	0	324.8	263.4	324.8	263.4	329.4	272.8	10.5	1259	0
20.275	82	0	0	0	0	324.2	263.3	324.2	263.3	329.4	272.8	10.89	1219	0
20.275	82	6	0	0	0	324.5	263.2	324.5	263.2	329.4	272.8	10.82	1247	0
20.275	82	3	0	335.5	269.4	324.7	263.5	324.7	263.5	329.4	272.8	10.48	1246	0
20.275	82	1	0	334.9	275.9	324.3	263.4	324.3	263.4	329.4	272.8	10.74	1219	0
20.275	82	5	0	349.2	269.5	324.7	263.3	324.7	263.3	329.4	272.8	10.64	1258	0
20.275	82	7	0	0	0	324.3	263.2	324.3	263.2	329.4	272.8	10.9	1231	0
20.525	83	2	0	0	0	327.3	266.8	327.3	266.8	327.6	279.1	12.37	1242	0
20.525	83	4	0	346.2	258.5	328.1	266.6	328.1	266.6	327.6	279.1	12.57	1272	0
20.525	83	0	0	0	0	326.8	266.8	326.8	266.8	327.6	279.1	12.38	1231	0
20.525	83	6	0	0	0	327.7	266.6	327.7	266.6	327.6	279.1	12.55	1260	0
20.525	83	3	0	333.6	270.6	327.8	266.7	327.8	266.7	327.6	279.1	12.47	1258	0
20.525	83	1	0	318.1	287.7	327	266.8	327	266.8	327.6	279.1	12.35	1232	0
20.525	83	5	0	341	285.4	328.1	266.6	328.1	266.6	327.6	279.1	12.59	1270	0
20.525	83	7	0	0	0	327.2	266.7	327.2	266.7	327.6	279.1	12.46	1243	0
20.775	84	2	0	0	0	329.1	270.1	329.1	270.1	332.9	283.7	14.14	1256	0
20.775	84	4	0	322.4	302.1	329	270.6	329	270.6	332.9	283.7	13.69	1285	0
20.775	84	0	0	0	0	328.7	269.5	328.7	269.5	332.9	283.7	14.85	1246	0
20.775	84	6	0	0	0	328.7	270	328.7	270	332.9	283.7	14.34	1274	0
20.775	84	3	0	347.1	272.5	329.1	270.4	329.1	270.4	332.9	283.7	13.81	1272	0
20.775	84	1	0	0	0	328.9	269.7	328.9	269.7	332.9	283.7	14.57	1246	0
20.775	84	5	0	330.7	267.6	328.9	270.4	328.9	270.4	332.9	283.7	13.94	1284	0
20.775	84	7	0	0	0	328.6	269.7	328.6	269.7	332.9	283.7	14.7	1258	0
21.025	85	2	0	0	0	330	274.4	330	274.4	338.4	281.6	11.04	1267	0
21.025	85	4	0	330	296.6	330.1	275.1	330.1	275.1	338.4	281.6	10.51	1296	0
21.025	85	0	0	0	0	329.8	273.7	329.8	273.7	338.4	281.6	11.64	1257	0
21.025	85	6	0	0	0	330	274.4	330	274.4	338.4	281.6	11.05	1285	0
21.025	85	3	0	334.5	285.3	330.1	274.9	330.1	274.9	338.4	281.6	10.69	1283	0
21.025	85	1	0	0	0	329.9	274	329.9	274	338.4	281.6	11.42	1258	0
21.025	85	5	0	336.8	284	330.1	274.8	330.1	274.8	338.4	281.6	10.69	1295	0
21.025	85	7	0	0	0	329.9	274	329.9	274	338.4	281.6	11.43	1270	0
21.275	86	2	0	0	0	331.7	276.8	331.7	276.8	337.3	282.6	8.042	1275	0
21.275	86	4	0	333.2	288.7	331.7	276.9	331.7	276.9	337.3	282.6	7.981	1304	0
21.275	86	0	0	0	0	331.3	276.2	331.3	276.2	337.3	282.6	8.808	1266	0
21.275	86	6	0	0	0	331.4	276.2	331.4	276.2	337.3	282.6	8.713	1294	0
21.275	86	3	0	344.7	293.3	331.8	277	331.8	277	337.3	282.6	7.899	1291	0
21.275	86	1	0	0	0	331.5	276.5	331.5	276.5	337.3	282.6	8.429	1266	0
21.275	86	5	0	331.9	267.5	331.6	276.6	331.6	276.6	337.3	282.6	8.328	1303	0
21.275	86	7	0	0	0	331.3	276.1	331.3	276.1	337.3	282.6	8.882	1279	0
21.525	87	2	0	0	0	334.1	279.8	334.1	279.8	343.5	287.8	12.36	1287	0
21.525	87	4	0	338.3	285	334.5	280.2	334.5	280.2	343.5	287.8	11.78	1316	0
21.525	87	0	0	0	0	333.8	279.3	333.8	279.3	343.5	287.8	12.93	1279	0
21.525	87	6	0	0	0	334.2	279.8	334.2	279.8	343.5	287.8	12.29	1306	0
21.525	87	3	0	343.4	291.3	334.4	280.1	334.4	280.1	343.5	287.8	11.99	1303	0
21.525	87	1	0	0	0	333.9	279.5	333.9	279.5	343.5	287.8	12.74	1279	0
21.525	87	5	0	347.2	295.9	334.4	280.1	334.4	280.1	343.5	287.8	11.94	1315	0
21.525	87	7	0	0	0	333.9	279.5	333.9	279.5	343.5	287.8	12.69	1291	0
21.775	88	2	0	0	0	338.8	282.7	338.8	282.7	345.2	291.9	11.28	1299	0
21.775	88	4	0	347.2	296.7	339.2	283.3	339.2	283.3	345.2	291.9	10.55	1326	0
21.775	88	0	0	0	0	338	282.3	338	282.3	345.2	291.9	12.05	1291	0
21.775	88	6	0	0	0	338.5	283	338.5	283	345.2	291.9	11.25	1317	0
21.775	88	3	0	364	284.6	339.2	283	339.2	283	345.2	291.9	10.8	1314	0
21.775	88	1	0	0	0	338.4	282.4	338.4	282.4	345.2	291.9	11.78	1291	0
21.775	88	5	0	349.3	297.1	338.9	283.2	338.9	283.2	345.2	291.9	10.77	1326	0
21.775	88	7	0	0	0	338.1	282.6	338.1	282.6	345.2	291.9	11.76	1303	0
22.025	89	2	0	0	0	339.3	286.3	339.3	286.3	344	297.7	12.28	1311	0
22.025	89	4	0	326.4	292.2	339.2	286.8	339.2	286.8	344	297.7	11.91	1338	0
22.025	89	0	0	0	0	339.1	285.8	339.1	285.8	344	297.7	12.87	1304	0
22.025	89	6	0	0	0	339	286.2	339	286.2	344	297.7	12.46	1330	0
22.025	89	3	0	353.2	302.5	339.3	286.6	339.3	286.6	344	297.7	12	1326	0
22.025	89	1	0	0	0	339.2	286	339.2	286	344	297.7	12.63	1303	0
22.025	89	5	0	343.5	299	339.1	286.6	339.1	286.6	344	297.7	12.12	1338	0
22.025	89	7	0	0	0	339	285.9	339	285.9	344	297.7	12.76	1316	0
22.275	90	2	0	0	0	340.8	289.1	340.8	289.1	343.5	296.3	7.745	1319	0
22.275	90	4	0	350.1	301.7	341.4	289.4	341.4	289.4	343.5	296.3	7.231	1345	0
22.275	90	0	0	0	0	340.8	288.6	340.8	288.6	343.5	296.3	8.238	1312	0
22.275	90	6	0	0	0	341.4	289	341.4	289	343.5	296.3	7.691	1338	0
22.275	90	3	0	334.9	298.6	341.1	289.3	341.1	289.3	343.5	296.3	7.409	1333	0
22.275	90	1	0	0	0	340.7	288.8	340.7	288.8	343.5	296.3	8.074	1311	0
22.275	90	5	0	358.3	293.5	341.5	289.3	341.5	289.3	343.5	296.3	7.379	1345	0
22.275	90	7	0	0	0	341.1	288.7	341.1	288.7	343.5	296.3	8.034	1324	0
22.525	91	2	0	0	0	342	292	342	292	342.1	302.8	10.78	1330	0
22.525	91	4	0	346.4	291.8	341.9	292.3	341.9	292.3	342.1	302.8	10.51	1356	0
22.525	91	0	0	0	0	341.7	291.5	341.7	291.5	342.1	302.8	11.31	1324	0
22.525	91	6	0	0	0	341.6	291.8	341.6	291.8	342.1	302.8	11.01	1349	0
22.525	91	3	0	350.9	310.2	342	292.2	342	292.2	342.1	302.8	10.57	1344	0
22.525	91	1	0	0	0	341.8	291.7	341.8	291.7	342.1	302.8	11.08	1323	0
22.525	91	5	0	334.5	302.7	341.8	292.1	341.8	292.1	342.1	302.8	10.71	1356	0
22.525	91	7	0	0	0	341.6	291.5	341.6	291.5	342.1	302.8	11.24	1335	0
22.775	92	2	0	0	0	343.4	292.2	343.4	292.2	344.8	302.5	10.43	1340	0
22.775	92	4	0	350.8	282.2	343.7	292.1	343.7	292.1	344.8	302.5	10.45	1366	0
22.775	92	0	0	0	0	343.2	292.1	343.2	292.1	344.8	302.5	10.55	1334	0
22.775	92	6	0	0	0	343.4	292	343.4	292	344.8	302.5	10.56	1359	0
22.775	92	3	0	347.1	300.3	343.6	292.2	343.6	292.2	344.8	302.5	10.43	1354	0
22.775	92	1	0	0	0	343.3	292.1	343.3	292.1	344.8	302.5	10.49	1333	0
22.775	92	5	0	348.2	296.7	343.6	292.1	343.6	292.1	344.8	302.5	10.51	1367	0
22.775	92	7	0	0	0	343.3	292	343.3	292	344.8	302.5	10.57	1346	0
23.025	93	2	0	0	0	343.1	296.2	343.1	296.2	350.5	309	14.78	1355	0
23.025	93	4	0	335.4	305.2	342.9	296.9	342.9	296.9	350.5	309	14.25	1381	0
23.025	93	0	0	0	0	343	295.8	343	295.8	350.5	309	15.16	1349	0
23.025	93	6	0	0	0	342.8	296.6	342.8	296.6	350.5	309	14.59	1374	0
23.025	93	3	0	348.8	305.8	343	296.6	343	296.6	350.5	309	14.45	1369	0
23.025	93	1	0	0	0	343.1	295.9	343.1	295.9	350.5	309	15.06	1348	0
23.025	93	5	0	340.1	321.4	342.8	296.9	342.8	296.9	350.5	309	14.33	1381	0
23.025	93	7	0	0	0	342.9	296.1	342.9	296.1	350.5	309	14.93	1360	0
23.275	94	2	0	0	0	345.1	296.7	345.1	296.7	354.9	312.6	18.58	1373	0
23.275	94	4	0	346.3	290.5	345.2	296.7	345.2	296.7	354.9	312.6	18.62	1399	0
23.275	94	0	0	0	0	344.6	296.6	344.6	296.6	354.9	312.6	18.99	1368	0
23.275	94	6	0	0	0	344.6	296.5	344.6	296.5	354.9	312.6	19.03	1393	0
23.275	94	3	0	362.7	305.6	345.2	296.7	345.2	296.7	354.9	312.6	18.54	1387	0
23.275	94	1	0	0	0	344.9	296.7	344.9	296.7	354.9	312.6	18.77	1367	0
23.275	94	5	0	0	0	344.9	296.6	344.9	296.6	354.9	312.6	18.83	1400	0
23.275	94	7	0	0	0	344.6	296.5	344.6	296.5	354.9	312.6	19.08	1380	0
23.525	95	2	0	0	0	346.9	298.9	346.9	298.9	357.5	311.2	16.24	1390	0
23.525	95	4	0	354.8	305.9	347.1	299.1	347.1	299.1	357.5	311.2	16.05	1415	0
23.525	95	0	0	0	0	346.5	298.4	346.5	298.4	357.5	311.2	16.94	1385	0
23.525	95	6	0	0	0	346.6	298.6	346.6	298.6	357.5	311.2	16.73	1409	0
23.525	95	3	0	357.1	312.3	347.1	299.1	347.1	299.1	357.5	311.2	16.04	1403	0
23.525	95	1	0	0	0	346.7	298.7	346.7	298.7	357.5	311.2	16.62	1383	0
23.525	95	5	0	0	0	346.9	298.8	346.9	298.8	357.5	311.2	16.35	1416	0
23.525	95	7	0	0	0	346.5	298.4	346.5	298.4	357.5	311.2	16.95	1397	0
23.775	96	2	0	0	0	352.1	301.4	352.1	301.4	361.6	311.3	13.72	1403	0
23.775	96	4	0	366.5	309.7	352.4	301.6	352.4	301.6	361.6	311.3	13.4	1429	0
23.775	96	0	0	0	0	350.9	300.8	350.9	300.8	361.6	311.3	15.01	1400	0
23.775	96	6	0	0	0	351.2	301	351.2	301	361.6	311.3	14.65	1424	0
23.775	96	3	0	384.5	316.3	352.4	301.6	352.4	301.6	361.6	311.3	13.37	1416	0
23.775	96	1	0	0	0	351.5	301.1	351.5	301.1	361.6	311.3	14.4	1398	0
23.775	96	5	0	0	0	351.9	301.3	351.9	301.3	361.6	311.3	13.96	1430	0
23.775	96	7	0	0	0	350.9	300.8	350.9	300.8	361.6	311.3	15.04	1412	0
24.025	97	2	0	0	0	354.9	302.9	354.9	302.9	363.9	310.6	11.81	1415	0
24.025	97	4	0	379.9	302.4	355.4	302.9	355.4	302.9	363.9	310.6	11.43	1440	0
24.025	97	0	0	0	0	354.2	302.4	354.2	302.4	363.9	310.6	12.64	1413	0
24.025	97	6	0	0	0	354.7	302.4	354.7	302.4	363.9	310.6	12.23	1436	0
24.025	97	3	0	359.7	317.6	355.3	303	355.3	303	363.9	310.6	11.49	1428	0
24.025	97	1	0	0	0	354.5	302.7	354.5	302.7	363.9	310.6	12.28	1410	0
24.025	97	5	0	0	0	355.2	302.7	355.2	302.7	363.9	310.6	11.76	1442	0
24.025	97	7	0	0	0	354.4	302.4	354.4	302.4	363.9	310.6	12.57	1424	0
24.275	98	2	0	0	0	353.6	302.2	353.6	302.2	365.5	309.6	14.05	1429	0
24.275	98	4	0	351.2	308	353.6	302.3	353.6	302.3	365.5	309.6	14	1454	0
24.275	98	0	0	0	0	353.8	302.3	353.8	302.3	365.5	309.6	13.8	1427	0
24.275	98	6	0	0	0	353.8	302.4	353.8	302.4	365.5	309.6	13.74	1450	0
24.275	98	3	0	344.7	292.7	353.5	302.2	353.5	302.2	365.5	309.6	14.06	1442	0
24.275	98	1	0	0	0	353.7	302.2	353.7	302.2	365.5	309.6	13.94	1424	0
24.275	98	5	0	0	0	353.7	302.4	353.7	302.4	365.5	309.6	13.86	1456	0
24.275	98	7	0	0	0	353.8	302.4	353.8	302.4	365.5	309.6	13.73	1438	0
24.525	99	2	0	0	0	356.4	303.3	356.4	303.3	365.4	308.6	10.45	1440	0
24.525	99	4	0	378.9	303.4	356.8	303.3	356.8	303.3	365.4	308.6	10.08	1464	0
24.525	99	0	0	0	0	355.9	303.1	355.9	303.1	365.4	308.6	10.97	1438	0
24.525	99	6	0	0	0	356.3	303.1	356.3	303.1	365.4	308.6	10.58	1461	0
24.525	99	3	0	359.3	311.6	356.6	303.3	356.6	303.3	365.4	308.6	10.18	1452	0
24.525	99	1	0	0	0	356.1	303.2	356.1	303.2	365.4	308.6	10.76	1435	0
24.525	99	5	0	0	0	356.6	303.2	356.6	303.2	365.4	308.6	10.26	1466	0
24.525	99	7	0	0	0	356	303	356	303	365.4	308.6	10.86	1449	0
24.775	100	2	0	0	0	357.7	305.8	357.7	305.8	369.1	309.6	11.95	1452	0
24.775	100	4	0	362.7	330.7	357.8	306.3	357.8	306.3	369.1	309.6	11.68	1476	0
24.775	100	0	0	0	0	357.4	305.4	357.4	305.4	369.1	309.6	12.43	1450	0
24.775	100	6	0	0	0	357.5	305.8	357.5	305.8	369.1	309.6	12.13	1473	0
24.775	100	3	0	364.9	306.2	357.8	306.1	357.8	306.1	369.1	309.6	11.74	1464	0
24.775	100	1	0	0	0	357.5	305.5	357.5	305.5	369.1	309.6	12.23	1447	0
24.775	100	5	0	0	0	357.7	306.2	357.7	306.2	369.1	309.6	11.86	1478	0
24.775	100	7	0	0	0	357.4	305.5	357.4	305.5	369.1	309.6	12.35	1461	0
25.025	101	2	0	0	0	360.4	305.6	360.4	305.6	368.6	307.9	8.442	1460	0
25.025	101	4	0	394.3	303.6	361.1	305.6	361.1	305.6	368.6	307.9	7.82	1484	0
25.025	101	0	0	0	0	360	305.6	360	305.6	368.6	307.9	8.906	1459	0
25.025	101	6	0	0	0	360.6	305.6	360.6	305.6	368.6	307.9	8.247	1481	0
25.025	101	3	0	354.3	305.1	360.8	305.6	360.8	305.6	368.6	307.9	8.062	1472	0
25.025	101	1	0	0	0	360.1	305.6	360.1	305.6	368.6	307.9	8.771	1456	0
25.025	101	5	0	0	0	361	305.6	361	305.6	368.6	307.9	7.931	1486	0
25.025	101	7	0	0	0	360.2	305.6	360.2	305.6	368.6	307.9	8.646	1470	0
25.275	102	2	0	0	0	360.8	305.4	360.8	305.4	369.1	312.6	11.07	1471	0
25.275	102	4	0	356.6	304.6	360.7	305.3	360.7	305.3	369.1	312.6	11.1	1495	0
25.275	102	0	0	0	0	360.6	305.4	360.6	305.4	369.1	312.6	11.13	1470	0
25.275	102	6	0	0	0	360.6	305.4	360.6	305.4	369.1	312.6	11.16	1492	0
25.275	102	3	0	366.4	304.1	360.8	305.3	360.8	305.3	369.1	312.6	11.07	1483	0
25.275	102	1	0	0	0	360.7	305.4	360.7	305.4	369.1	312.6	11.1	1467	0
25.275	102	5	0	0	0	360.7	305.4	360.7	305.4	369.1	312.6	11.13	1497	0
25.275	102	7	0	0	0	360.6	305.4	360.6	305.4	369.1	312.6	11.15	1481	0
25.525	103	2	0	0	0	362.4	306.6	362.4	306.6	374.7	309.7	12.73	1484	0
25.525	103	4	0	392.8	318	362.9	306.9	362.9	306.9	374.7	309.7	12.13	1507	0
25.525	103	0	0	0	0	362.2	306.4	362.2	306.4	374.7	309.7	13	1483	0
25.525	103	6	0	0	0	362.8	306.6	362.8	306.6	374.7	309.7	12.36	1505	0
25.525	103	3	0	349.5	307.3	362.7	306.8	362.7	306.8	374.7	309.7	12.39	1495	0
25.525	103	1	0	0	0	362.2	306.5	362.2	306.5	374.7	309.7	12.96	1480	0
25.525	103	5	0	0	0	362.9	306.8	362.9	306.8	374.7	309.7	12.15	1509	0
25.525	103	7	0	0	0	362.4	306.5	362.4	306.5	374.7	309.7	12.72	1494	0
25.775	104	2	0	0	0	364.5	307.8	364.5	307.8	375.5	315.3	13.25	1497	0
25.775	104	4	0	371.3	323.6	364.7	308.1	364.7	308.1	375.5	315.3	12.93	1520	0
25.775	104	0	0	0	0	364.1	307.6	364.1	307.6	375.5	315.3	13.73	1497	0
25.775	104	6	0	0	0	364.3	308	364.3	308	375.5	315.3	13.39	1518	0
25.775	104	3	0	375.2	303.7	364.7	308	364.7	308	375.5	315.3	13.02	1508	0
25.775	104	1	0	0	0	364.3	307.7	364.3	307.7	375.5	315.3	13.54	1493	0
25.775	104	5	0	0	0	364.5	308.1	364.5	308.1	375.5	315.3	13.1	1522	0
25.775	104	7	0	0	0	364.1	307.8	364.1	307.8	375.5	315.3	13.63	1507	0
26.025	105	2	0	0	0	364.1	310.9	364.1	310.9	378.9	316.8	15.92	1513	0
26.025	105	4	0	361.1	339.9	364	311.5	364	311.5	378.9	316.8	15.74	1536	0
26.025	105	0	0	0	0	364.1	310.3	364.1	310.3	378.9	316.8	16.13	1513	0
26.025	105	6	0	0	0	364.1	311	364.1	311	378.9	316.8	15.92	1534	0
26.025	105	3	0	0	0	364.1	311.3	364.1	311.3	378.9	316.8	15.79	1524	0
26.025	105	1	0	0	0	364.1	310.5	364.1	310.5	378.9	316.8	16.06	1510	0
26.025	105	5	0	0	0	364.1	311.4	364.1	311.4	378.9	316.8	15.8	1538	0
26.025	105	7	0	0	0	364.1	310.5	364.1	310.5	378.9	316.8	16.06	1523	0
26.275	106	2	0	0	0	364	311.7	364	311.7	377.9	317.5	15.01	1528	0
26.275	106	4	0	363.7	319.5	364	312	364	312	377.9	317.5	14.94	1551	0
26.275	106	0	0	0	0	364.1	311.5	364.1	311.5	377.9	317.5	15.09	1528	0
26.275	106	6	0	0	0	364	311.8	364	311.8	377.9	317.5	15.01	1549	0
26.275	106	3	0	0	0	364	311.9	364	311.9	377.9	317.5	14.96	1539	0
26.275	106	1	0	0	0	364.1	311.6	364.1	311.6	377.9	317.5	15.06	1525	0
26.275	106	5	0	0	0	364	311.9	364	311.9	377.9	317.5	14.96	1553	0
26.275	106	7	0	0	0	364.1	311.6	364.1	311.6	377.9	317.5	15.06	1538	0
26.525	107	2	0	0	0	365.6	312.3	365.6	312.3	376.2	316.3	11.33	1539	0
26.525	107	4	0	381	317.1	366	312.4	366	312.4	376.2	316.3	10.99	1562	0
26.525	107	0	0	0	0	365.3	312.1	365.3	312.1	376.2	316.3	11.65	1540	0
26.525	107	6	0	0	0	365.7	312.3	365.7	312.3	376.2	316.3	11.3	1560	0
26.525	107	3	0	0	0	365.9	312.3	365.9	312.3	376.2	316.3	11.11	1550	0
26.525	107	1	0	0	0	365.4	312.2	365.4	312.2	376.2	316.3	11.54	1536	0
26.525	107	5	0	0	0	365.9	312.3	365.9	312.3	376.2	316.3	11.09	1564	0
26.525	107	7	0	0	0	365.5	312.2	365.5	312.2	376.2	316.3	11.53	1550	0
26.775	108	2	0	0	0	365.8	313.6	365.8	313.6	374.2	318	9.438	1549	0
26.775	108	4	0	367.3	325.9	365.9	313.8	365.9	313.8	374.2	318	9.262	1571	0
26.775	108	0	0	0	0	365.8	313.3	365.8	313.3	374.2	318	9.613	1549	0
26.775	108	6	0	0	0	365.8	313.6	365.8	313.6	374.2	318	9.426	1570	0
26.775	108	3	0	0	0	365.9	313.7	365.9	313.7	374.2	318	9.323	1560	0
26.775	108	1	0	0	0	365.8	313.4	365.8	313.4	374.2	318	9.554	1546	0
26.775	108	5	0	0	0	365.9	313.7	365.9	313.7	374.2	318	9.315	1573	0
26.775	108	7	0	0	0	365.8	313.4	365.8	313.4	374.2	318	9.545	1559	0
27.025	109	2	0	0	0	367.9	314.8	367.9	314.8	371.8	324.4	10.34	1559	0
27.025	109	4	0	388.2	326.9	368.4	315.1	368.4	315.1	371.8	324.4	9.93	1581	0
27.025	109	0	0	0	0	367.5	314.6	367.5	314.6	371.8	324.4	10.74	1560	0
27.025	109	6	0	0	0	368	314.9	368	314.9	371.8	324.4	10.31	1580	0
27.025	109	3	0	0	0	368.2	315	368.2	315	371.8	324.4	10.07	1570	0
27.025	109	1	0	0	0	367.7	314.7	367.7	314.7	371.8	324.4	10.61	1556	0
27.025	109	5	0	0	0	368.2	315	368.2	315	371.8	324.4	10.05	1583	0
27.025	109	7	0	0	0	367.7	314.7	367.7	314.7	371.8	324.4	10.59	1570	0
27.275	110	2	0	0	0	369.3	315.5	369.3	315.5	372.3	328.8	13.6	1573	0
27.275	110	4	0	381.7	322	369.6	315.7	369.6	315.7	372.3	328.8	13.38	1594	0
27.275	110	0	0	0	0	369	315.4	369	315.4	372.3	328.8	13.82	1574	0
27.275	110	6	0	0	0	369.3	315.5	369.3	315.5	372.3	328.8	13.58	1594	0
27.275	110	3	0	0	0	369.4	315.6	369.4	315.6	372.3	328.8	13.46	1583	0
27.275	110	1	0	0	0	369.1	315.4	369.1	315.4	372.3	328.8	13.74	1570	0
27.275	110	5	0	0	0	369.5	315.6	369.5	315.6	372.3	328.8	13.45	1597	0
27.275	110	7	0	0	0	369.1	315.4	369.1	315.4	372.3	328.8	13.73	1584	0
27.525	111	2	0	0	0	368.5	316.2	368.5	316.2	371.8	334.3	18.41	1591	0
27.525	111	4	0	360.8	322.7	368.3	316.4	368.3	316.4	371.8	334.3	18.29	1612	0
27.525	111	0	0	0	0	368.6	316.1	368.6	316.1	371.8	334.3	18.53	1593	0
27.525	111	6	0	0	0	368.5	316.2	368.5	316.2	371.8	334.3	18.4	1612	0
27.525	111	3	0	0	0	368.4	316.3	368.4	316.3	371.8	334.3	18.33	1602	0
27.525	111	1	0	0	0	368.5	316.1	368.5	316.1	371.8	334.3	18.49	1589	0
27.525	111	5	0	0	0	368.4	316.3	368.4	316.3	371.8	334.3	18.32	1615	0
27.525	111	7	0	0	0	368.5	316.1	368.5	316.1	371.8	334.3	18.48	1602	0
27.775	112	2	0	0	0	368.8	318.8	368.8	318.8	370.4	336.2	17.49	1609	0
27.775	112	4	0	371.6	343.2	368.8	319.3	368.8	319.3	370.4	336.2	16.96	1629	0
27.775	112	0	0	0	0	368.7	318.3	368.7	318.3	370.4	336.2	17.99	1611	0
27.775	112	6	0	0	0	368.8	318.8	368.8	318.8	370.4	336.2	17.45	1629	0
27.775	112	3	0	0	0	368.8	319.1	368.8	319.1	370.4	336.2	17.15	1619	0
27.775	112	1	0	0	0	368.7	318.4	368.7	318.4	370.4	336.2	17.82	1606	0
27.775	112	5	0	0	0	368.8	319.1	368.8	319.1	370.4	336.2	17.12	1632	0
27.775	112	7	0	0	0	368.7	318.5	368.7	318.5	370.4	336.2	17.8	1620	0
28.025	113	2	0	0	0	369	321.4	369	321.4	376.7	338.3	18.58	1627	0
28.025	113	4	0	371.3	346.5	369	322	369	322	376.7	338.3	18.05	1647	0
28.025	113	0	0	0	0	368.9	320.9	368.9	320.9	376.7	338.3	19.11	1630	0
28.025	113	6	0	0	0	369	321.5	369	321.5	376.7	338.3	18.55	1648	0
28.025	113	3	0	0	0	369	321.8	369	321.8	376.7	338.3	18.23	1637	0
28.025	113	1	0	0	0	369	321.1	369	321.1	376.7	338.3	18.93	1625	0
28.025	113	5	0	0	0	369	321.8	369	321.8	376.7	338.3	18.21	1651	0
28.025	113	7	0	0	0	369	321.1	369	321.1	376.7	338.3	18.9	1639	0
28.275	114	2	0	0	0	370.6	322.3	370.6	322.3	379.2	340.2	19.78	1647	0
28.275	114	4	0	386.1	330.8	370.9	322.6	370.9	322.6	379.2	340.2	19.44	1667	0
28.275	114	0	0	0	0	370.3	322.1	370.3	322.1	379.2	340.2	20.12	1650	0
28.275	114	6	0	0	0	370.6	322.3	370.6	322.3	379.2	340.2	19.76	1668	0
28.275	114	3	0	0	0	370.8	322.5	370.8	322.5	379.2	340.2	19.56	1656	0
28.275	114	1	0	0	0	370.4	322.2	370.4	322.2	379.2	340.2	20.01	1645	0
28.275	114	5	0	0	0	370.8	322.5	370.8	322.5	379.2	340.2	19.54	1670	0
28.275	114	7	0	0	0	370.4	322.2	370.4	322.2	379.2	340.2	19.99	1659	0
28.525	115	2	0	0	0	370.9	324.1	370.9	324.1	378.9	342.9	20.4	1667	0
28.525	115	4	0	373.7	341.4	371	324.5	371	324.5	378.9	342.9	20.02	1687	0
28.525	115	0	0	0	0	370.8	323.8	370.8	323.8	378.9	342.9	20.77	1671	0
28.525	115	6	0	0	0	370.9	324.2	370.9	324.2	378.9	342.9	20.37	1688	0
28.525	115	3	0	0	0	371	324.4	371	324.4	378.9	342.9	20.15	1677	0
28.525	115	1	0	0	0	370.9	323.9	370.9	323.9	378.9	342.9	20.65	1666	0
28.525	115	5	0	0	0	371	324.4	371	324.4	378.9	342.9	20.13	1690	0
28.525	115	7	0	0	0	370.9	323.9	370.9	323.9	378.9	342.9	20.63	1680	0
28.775	116	2	0	0	0	369.1	325.1	369.1	325.1	377.1	344.5	20.96	1688	0
28.775	116	4	0	351.4	334.1	368.7	325.3	368.7	325.3	377.1	344.5	20.9	1708	0
28.775	116	0	0	0	0	369.4	324.9	369.4	324.9	377.1	344.5	21.03	1692	0
28.775	116	6	0	0	0	369	325.1	369	325.1	377.1	344.5	20.96	1709	0
28.775	116	3	0	0	0	368.8	325.2	368.8	325.2	377.1	344.5	20.92	1698	0
28.775	116	1	0	0	0	369.3	325	369.3	325	377.1	344.5	21.01	1687	0
28.775	116	5	0	0	0	368.8	325.3	368.8	325.3	377.1	344.5	20.92	1711	0
28.775	116	7	0	0	0	369.3	325	369.3	325	377.1	344.5	21	1701	0
29.025	117	2	0	0	0	370.1	326	370.1	326	382.1	351.3	27.99	1716	0
29.025	117	4	0	379.6	334.5	370.2	326.2	370.2	326.2	382.1	351.3	27.74	1735	0
29.025	117	0	0	0	0	369.9	325.8	369.9	325.8	382.1	351.3	28.23	1720	0
29.025	117	6	0	0	0	370.1	326	370.1	326	382.1	351.3	27.98	1737	0
29.025	117	3	0	0	0	370.2	326.1	370.2	326.1	382.1	351.3	27.83	1725	0
29.025	117	1	0	0	0	370	325.9	370	325.9	382.1	351.3	28.15	1715	0
29.025	117	5	0	0	0	370.2	326.1	370.2	326.1	382.1	351.3	27.82	1739	0
29.025	117	7	0	0	0	370	325.9	370	325.9	382.1	351.3	28.14	1729	0
29.275	118	2	0	0	0	372.8	327.7	372.8	327.7	386.8	351	27.14	1743	0
29.275	118	4	0	399.1	344.3	373.4	328.1	373.4	328.1	386.8	351	26.54	1762	0
29.275	118	0	0	0	0	372.3	327.4	372.3	327.4	386.8	351	27.72	1748	0
29.275	118	6	0	0	0	372.9	327.8	372.9	327.8	386.8	351	27.1	1764	0
29.275	118	3	0	0	0	373.2	328	373.2	328	386.8	351	26.75	1752	0
29.275	118	1	0	0	0	372.5	327.5	372.5	327.5	386.8	351	27.52	1743	0
29.275	118	5	0	0	0	373.2	328	373.2	328	386.8	351	26.72	1766	0
29.275	118	7	0	0	0	372.5	327.5	372.5	327.5	386.8	351	27.49	1756	0
29.525	119	2	0	0	0	374.2	329.4	374.2	329.4	389.4	355.5	30.23	1774	0
29.525	119	4	0	387.2	344.6	374.5	329.7	374.5	329.7	389.4	355.5	29.76	1792	0
29.525	119	0	0	0	0	373.9	329	373.9	329	389.4	355.5	30.68	1778	0
29.525	119	6	0	0	0	374.2	329.4	374.2	329.4	389.4	355.5	30.19	1794	0
29.525	119	3	0	0	0	374.4	329.6	374.4	329.6	389.4	355.5	29.93	1782	0
29.525	119	1	0	0	0	374	329.1	374	329.1	389.4	355.5	30.53	1773	0
29.525	119	5	0	0	0	374.4	329.6	374.4	329.6	389.4	355.5	29.9	1796	0
29.525	119	7	0	0	0	374	329.1	374	329.1	389.4	355.5	30.5	1787	0
29.775	120	2	0	0	0	375.8	329.7	375.8	329.7	386.6	356.6	29.07	1803	0
29.775	120	4	0	390.5	332.7	376.1	329.8	376.1	329.8	386.6	356.6	28.86	1821	0
29.775	120	0	0	0	0	375.4	329.6	375.4	329.6	386.6	356.6	29.28	1807	0
29.775	120	6	0	0	0	375.8	329.7	375.8	329.7	386.6	356.6	29.06	1823	0
29.775	120	3	0	0	0	376	329.7	376	329.7	386.6	356.6	28.93	1811	0
29.775	120	1	0	0	0	375.5	329.6	375.5	329.6	386.6	356.6	29.21	1802	0
29.775	120	5	0	0	0	376	329.8	376	329.8	386.6	356.6	28.92	1824	0
29.775	120	7	0	0	0	375.6	329.6	375.6	329.6	386.6	356.6	29.2	1816	0
30.025	121	2	0	0	0	376.6	333.6	376.6	333.6	385.9	361.1	29.01	1832	0
30.025	121	4	0	384.3	371.4	376.8	334.4	376.8	334.4	385.9	361.1	28.2	1849	0
30.025	121	0	0	0	0	376.4	332.9	376.4	332.9	385.9	361.1	29.8	1837	0
30.025	121	6	0	0	0	376.6	333.7	376.6	333.7	385.9	361.1	28.96	1852	0
30.025	121	3	0	0	0	376.7	334.2	376.7	334.2	385.9	361.1	28.49	1839	0
30.025	121	1	0	0	0	376.5	333.1	376.5	333.1	385.9	361.1	29.53	1832	0
30.025	121	5	0	0	0	376.7	334.2	376.7	334.2	385.9	361.1	28.45	1853	0
30.025	121	7	0	0	0	376.5	333.2	376.5	333.2	385.9	361.1	29.49	1845	0
30.275	122	2	0	0	0	377.2	336	377.2	336	388.8	361.4	27.93	1860	0
30.275	122	4	0	382.8	357.9	377.3	336.5	377.3	336.5	388.8	361.4	27.39	1876	0
30.275	122	0	0	0	0	377	335.5	377	335.5	388.8	361.4	28.45	1866	0
30.275	122	6	0	0	0	377.2	336	377.2	336	388.8	361.4	27.89	1880	0
30.275	122	3	0	0	0	377.3	336.3	377.3	336.3	388.8	361.4	27.58	1867	0
30.275	122	1	0	0	0	377.1	335.6	377.1	335.6	388.8	361.4	28.28	1860	0
30.275	122	5	0	0	0	377.3	336.3	377.3	336.3	388.8	361.4	27.56	1880	0
30.275	122	7	0	0	0	377.1	335.7	377.1	335.7	388.8	361.4	28.25	1874	0
30.525	123	2	0	0	0	379.1	338.5	379.1	338.5	392.1	364	28.62	1888	0
30.525	123	4	0	397.3	362.6	379.5	339.1	379.5	339.1	392.1	364	27.95	1904	0
30.525	123	0	0	0	0	378.7	338	378.7	338	392.1	364	29.26	1895	0
30.525	123	6	0	0	0	379.1	338.6	379.1	338.6	392.1	364	28.57	1909	0
30.525	123	3	0	0	0	379.3	338.9	379.3	338.9	392.1	364	28.19	1895	0
30.525	123	1	0	0	0	378.8	338.2	378.8	338.2	392.1	364	29.05	1889	0
30.525	123	5	0	0	0	379.4	338.9	379.4	338.9	392.1	364	28.16	1909	0
30.525	123	7	0	0	0	378.9	338.2	378.9	338.2	392.1	364	29.01	1903	0
30.775	124	2	0	0	0	379.6	341	379.6	341	396.8	369.2	33.14	1921	0
30.775	124	4	0	383.9	364.1	379.7	341.5	379.7	341.5	396.8	369.2	32.62	1937	0
30.775	124	0	0	0	0	379.4	340.4	379.4	340.4	396.8	369.2	33.64	1929	0
30.775	124	6	0	0	0	379.6	341	379.6	341	396.8	369.2	33.1	1942	0
30.775	124	3	0	0	0	379.6	341.3	379.6	341.3	396.8	369.2	32.8	1928	0
30.775	124	1	0	0	0	379.5	340.6	379.5	340.6	396.8	369.2	33.47	1923	0
30.775	124	5	0	0	0	379.6	341.3	379.6	341.3	396.8	369.2	32.77	1941	0
30.775	124	7	0	0	0	379.5	340.6	379.5	340.6	396.8	369.2	33.44	1936	0
31.025	125	2	0	0	0	381.1	343.5	381.1	343.5	400	369.4	32.13	1954	0
31.025	125	4	0	395.5	367.3	381.4	344	381.4	344	400	369.4	31.51	1968	0
31.025	125	0	0	0	0	380.8	342.9	380.8	342.9	400	369.4	32.73	1961	0
31.025	125	6	0	0	0	381.1	343.5	381.1	343.5	400	369.4	32.09	1974	0
31.025	125	3	0	0	0	381.3	343.8	381.3	343.8	400	369.4	31.73	1960	0
31.025	125	1	0	0	0	380.9	343.1	380.9	343.1	400	369.4	32.53	1955	0
31.025	125	5	0	0	0	381.3	343.8	381.3	343.8	400	369.4	31.7	1973	0
31.025	125	7	0	0	0	380.9	343.1	380.9	343.1	400	369.4	32.5	1969	0
31.275	126	2	0	0	0	381	346.7	381	346.7	396.3	376.2	33.24	1987	0
31.275	126	4	0	379.7	377.5	381	347.4	381	347.4	396.3	376.2	32.63	2001	0
31.275	126	0	0	0	0	380.9	346.1	380.9	346.1	396.3	376.2	33.83	1995	0
31.275	126	6	0	0	0	381	346.8	381	346.8	396.3	376.2	33.2	2007	0
31.275	126	3	0	0	0	381	347.2	381	347.2	396.3	376.2	32.84	1993	0
31.275	126	1	0	0	0	381	346.3	381	346.3	396.3	376.2	33.63	1989	0
31.275	126	5	0	0	0	381	347.2	381	347.2	396.3	376.2	32.81	2006	0
31.275	126	7	0	0	0	381	346.3	381	346.3	396.3	376.2	33.6	2002	0
31.525	127	2	0	0	0	381.5	348.6	381.5	348.6	390.1	379.5	32.05	2019	0
31.525	127	4	0	386.2	366.1	381.5	349	381.5	349	390.1	379.5	31.61	2033	0
31.525	127	0	0	0	0	381.4	348.2	381.4	348.2	390.1	379.5	32.48	2028	0
31.525	127	6	0	0	0	381.5	348.6	381.5	348.6	390.1	379.5	32.02	2039	0
31.525	127	3	0	0	0	381.5	348.9	381.5	348.9	390.1	379.5	31.77	2024	0
31.525	127	1	0	0	0	381.4	348.3	381.4	348.3	390.1	379.5	32.34	2021	0
31.525	127	5	0	0	0	381.5	348.9	381.5	348.9	390.1	379.5	31.75	2038	0
31.525	127	7	0	0	0	381.4	348.3	381.4	348.3	390.1	379.5	32.32	2034	0
31.775	128	2	0	0	0	383.6	353	383.6	353	385.4	384.6	31.61	2050	0
31.775	128	4	0	404.4	395.2	384.1	353.9	384.1	353.9	385.4	384.6	30.67	2063	0
31.775	128	0	0	0	0	383.2	352.1	383.2	352.1	385.4	384.6	32.51	2060	0
31.775	128	6	0	0	0	383.7	353.1	383.7	353.1	385.4	384.6	31.54	2071	0
31.775	128	3	0	0	0	383.9	353.6	383.9	353.6	385.4	384.6	31	2055	0
31.775	128	1	0	0	0	383.3	352.4	383.3	352.4	385.4	384.6	32.21	2053	0
31.775	128	5	0	0	0	383.9	353.7	383.9	353.7	385.4	384.6	30.95	2069	0
31.775	128	7	0	0	0	383.4	352.5	383.4	352.5	385.4	384.6	32.16	2067	0
32.025	129	2	0	0	0	384.6	355.3	384.6	355.3	388.2	388.4	33.29	2084	0
32.025	129	4	0	394.1	376.7	384.9	355.8	384.9	355.8	388.2	388.4	32.74	2096	0
32.025	129	0	0	0	0	384.4	354.8	384.4	354.8	388.2	388.4	33.83	2094	0
32.025	129	6	0	0	0	384.7	355.3	384.7	355.3	388.2	388.4	33.25	2104	0
32.025	129	3	0	0	0	384.8	355.6	384.8	355.6	388.2	388.4	32.93	2088	0
32.025	129	1	0	0	0	384.5	355	384.5	355	388.2	388.4	33.65	2087	0
32.025	129	5	0	0	0	384.8	355.7	384.8	355.7	388.2	388.4	32.91	2102	0
32.025	129	7	0	0	0	384.5	355	384.5	355	388.2	388.4	33.62	2100	0
32.275	130	2	0	0	0	384.8	359.2	384.8	359.2	386	394.5	35.32	2119	0
32.275	130	4	0	385.9	396.5	384.8	360	384.8	360	386	394.5	34.5	2130	0
32.275	130	0	0	0	0	384.7	358.4	384.7	358.4	386	394.5	36.12	2130	0
32.275	130	6	0	0	0	384.8	359.3	384.8	359.3	386	394.5	35.26	2139	0
32.275	130	3	0	0	0	384.8	359.8	384.8	359.8	386	394.5	34.78	2123	0
32.275	130	1	0	0	0	384.7	358.7	384.7	358.7	386	394.5	35.85	2123	0
32.275	130	5	0	0	0	384.8	359.8	384.8	359.8	386	394.5	34.75	2136	0
32.275	130	7	0	0	0	384.7	358.7	384.7	358.7	386	394.5	35.81	2136	0
32.525	131	2	0	0	0	383.9	363	383.9	363	386.2	392.8	29.93	2149	0
32.525	131	4	0	375.1	398.4	383.7	363.8	383.7	363.8	386.2	392.8	29.14	2160	0
32.525	131	0	0	0	0	384	362.2	384	362.2	386.2	392.8	30.7	2161	0
32.525	131	6	0	0	0	383.8	363	383.8	363	386.2	392.8	29.88	2169	0
32.525	131	3	0	0	0	383.7	363.5	383.7	363.5	386.2	392.8	29.42	2153	0
32.525	131	1	0	0	0	384	362.4	384	362.4	386.2	392.8	30.44	2153	0
32.525	131	5	0	0	0	383.7	363.5	383.7	363.5	386.2	392.8	29.38	2166	0
32.525	131	7	0	0	0	384	362.5	384	362.5	386.2	392.8	30.41	2166	0
32.775	132	2	0	0	0	383.7	363.9	383.7	363.9	386.1	391.5	27.66	2177	0
32.775	132	4	0	382.7	372.9	383.7	364.2	383.7	364.2	386.1	391.5	27.4	2187	0
32.775	132	0	0	0	0	383.8	363.7	383.8	363.7	386.1	391.5	27.91	2189	0
32.775	132	6	0	0	0	383.7	364	383.7	364	386.1	391.5	27.64	2197	0
32.775	132	3	0	0	0	383.7	364.1	383.7	364.1	386.1	391.5	27.49	2180	0
32.775	132	1	0	0	0	383.8	363.8	383.8	363.8	386.1	391.5	27.83	2181	0
32.775	132	5	0	0	0	383.7	364.1	383.7	364.1	386.1	391.5	27.48	2193	0
32.775	132	7	0	0	0	383.8	363.8	383.8	363.8	386.1	391.5	27.81	2194	0
33.025	133	2	0	0	0	384.6	367.2	384.6	367.2	382.1	396.2	29.12	2206	0
33.025	133	4	0	392.8	398.2	384.8	367.9	384.8	367.9	382.1	396.2	28.47	2215	0
33.025	133	0	0	0	0	384.4	366.6	384.4	366.6	382.1	396.2	29.74	2218	0
33.025	133	6	0	0	0	384.6	367.2	384.6	367.2	382.1	396.2	29.07	2226	0
33.025	133	3	0	0	0	384.7	367.6	384.7	367.6	382.1	396.2	28.69	2209	0
33.025	133	1	0	0	0	384.5	366.8	384.5	366.8	382.1	396.2	29.53	2211	0
33.025	133	5	0	0	0	384.7	367.7	384.7	367.7	382.1	396.2	28.66	2222	0
33.025	133	7	0	0	0	384.5	366.8	384.5	366.8	382.1	396.2	29.5	2224	0
33.275	134	2	0	0	0	385.7	372	385.7	372	383.3	396.3	24.41	2230	0
33.275	134	4	0	396.5	418	386	373.1	386	373.1	383.3	396.3	23.42	2239	0
33.275	134	0	0	0	0	385.5	371.1	385.5	371.1	383.3	396.3	25.36	2244	0
33.275	134	6	0	0	0	385.7	372.1	385.7	372.1	383.3	396.3	24.34	2250	0
33.275	134	3	0	0	0	385.9	372.7	385.9	372.7	383.3	396.3	23.77	2232	0
33.275	134	1	0	0	0	385.6	371.4	385.6	371.4	383.3	396.3	25.04	2236	0
33.275	134	5	0	0	0	385.9	372.7	385.9	372.7	383.3	396.3	23.72	2246	0
33.275	134	7	0	0	0	385.6	371.4	385.6	371.4	383.3	396.3	24.99	2249	0
33.525	135	2	0	0	0	384.4	374.5	384.4	374.5	383.1	395.5	21.09	2251	0
33.525	135	4	0	372.1	397.2	384.2	375	384.2	375	383.1	395.5	20.51	2259	0
33.525	135	0	0	0	0	384.7	373.9	384.7	373.9	383.1	395.5	21.66	2265	0
33.525	135	6	0	0	0	384.4	374.5	384.4	374.5	383.1	395.5	21.05	2271	0
33.525	135	3	0	0	0	384.3	374.8	384.3	374.8	383.1	395.5	20.72	2253	0
33.525	135	1	0	0	0	384.6	374.1	384.6	374.1	383.1	395.5	21.47	2257	0
33.525	135	5	0	0	0	384.3	374.9	384.3	374.9	383.1	395.5	20.69	2266	0
33.525	135	7	0	0	0	384.6	374.1	384.6	374.1	383.1	395.5	21.44	2270	0
33.775	136	2	0	0	0	382.3	377.1	382.3	377.1	378.3	399.1	22.43	2274	0
33.775	136	4	0	362	401.6	381.9	377.6	381.9	377.6	378.3	399.1	21.8	2281	0
33.775	136	0	0	0	0	382.7	376.5	382.7	376.5	378.3	399.1	23.05	2289	0
33.775	136	6	0	0	0	382.3	377.1	382.3	377.1	378.3	399.1	22.39	2294	0
33.775	136	3	0	0	0	382	377.4	382	377.4	378.3	399.1	22.03	2275	0
33.775	136	1	0	0	0	382.6	376.7	382.6	376.7	378.3	399.1	22.84	2280	0
33.775	136	5	0	0	0	382	377.4	382	377.4	378.3	399.1	22	2288	0
33.775	136	7	0	0	0	382.6	376.7	382.6	376.7	378.3	399.1	22.81	2293	0
34.025	137	2	0	0	0	381.3	378.3	381.3	378.3	378.7	398.2	20.09	2294	0
34.025	137	4	0	371.7	390.1	381.1	378.6	381.1	378.6	378.7	398.2	19.77	2301	0
34.025	137	0	0	0	0	381.5	378	381.5	378	378.7	398.2	20.41	2309	0
34.025	137	6	0	0	0	381.3	378.3	381.3	378.3	378.7	398.2	20.07	2314	0
34.025	137	3	0	0	0	381.1	378.5	381.1	378.5	378.7	398.2	19.88	2295	0
34.025	137	1	0	0	0	381.4	378.1	381.4	378.1	378.7	398.2	20.3	2300	0
34.025	137	5	0	0	0	381.1	378.5	381.1	378.5	378.7	398.2	19.87	2308	0
34.025	137	7	0	0	0	381.4	378.1	381.4	378.1	378.7	398.2	20.29	2313	0
34.275	138	2	0	0	0	380.2	380.8	380.2	380.8	377.1	397.1	16.59	2310	0
34.275	138	4	0	369.7	404	379.9	381.3	379.9	381.3	377.1	397.1	16.04	2317	0
34.275	138	0	0	0	0	380.4	380.3	380.4	380.3	377.1	397.1	17.11	2326	0
34.275	138	6	0	0	0	380.2	380.8	380.2	380.8	377.1	397.1	16.55	2330	0
34.275	138	3	0	0	0	380	381.1	380	381.1	377.1	397.1	16.23	2311	0
34.275	138	1	0	0	0	380.3	380.4	380.3	380.4	377.1	397.1	16.94	2317	0
34.275	138	5	0	0	0	380	381.1	380	381.1	377.1	397.1	16.21	2324	0
34.275	138	7	0	0	0	380.3	380.4	380.3	380.4	377.1	397.1	16.91	2330	0
34.525	139	2	0	0	0	380.8	381.6	380.8	381.6	372	400	20.43	2331	0
34.525	139	4	0	387.2	389.4	381	381.8	381	381.8	372	400	20.29	2337	0
34.525	139	0	0	0	0	380.7	381.4	380.7	381.4	372	400	20.57	2347	0
34.525	139	6	0	0	0	380.9	381.6	380.9	381.6	372	400	20.42	2351	0
34.525	139	3	0	0	0	380.9	381.7	380.9	381.7	372	400	20.34	2332	0
34.525	139	1	0	0	0	380.8	381.5	380.8	381.5	372	400	20.52	2338	0
34.525	139	5	0	0	0	380.9	381.7	380.9	381.7	372	400	20.33	2345	0
34.525	139	7	0	0	0	380.8	381.5	380.8	381.5	372	400	20.51	2351	0
34.775	140	2	0	0	0	381.4	382.5	381.4	382.5	374	400	19	2350	0
34.775	140	4	0	386.3	390.8	381.5	382.7	381.5	382.7	374	400	18.87	2356	0
34.775	140	0	0	0	0	381.3	382.3	381.3	382.3	374	400	19.13	2366	0
34.775	140	6	0	0	0	381.4	382.5	381.4	382.5	374	400	18.99	2370	0
34.775	140	3	0	0	0	381.4	382.6	381.4	382.6	374	400	18.91	2351	0
34.775	140	1	0	0	0	381.3	382.3	381.3	382.3	374	400	19.09	2357	0
34.775	140	5	0	0	0	381.4	382.6	381.4	382.6	374	400	18.91	2364	0
34.775	140	7	0	0	0	381.3	382.4	381.3	382.4	374	400	19.08	2370	0
35.025	141	2	0	0	0	378.8	384.8	378.8	384.8	371.6	400	16.78	2367	0
35.025	141	4	0	354.2	407.5	378.3	385.3	378.3	385.3	371.6	400	16.13	2372	0
35.025	141	0	0	0	0	379.3	384.4	379.3	384.4	371.6	400	17.41	2383	0
35.025	141	6	0	0	0	378.8	384.9	378.8	384.9	371.6	400	16.73	2386	0
35.025	141	3	0	0	0	378.5	385.2	378.5	385.2	371.6	400	16.36	2367	0
35.025	141	1	0	0	0	379.1	384.5	379.1	384.5	371.6	400	17.2	2374	0
35.025	141	5	0	0	0	378.4	385.2	378.4	385.2	371.6	400	16.33	2380	0
35.025	141	7	0	0	0	379.1	384.6	379.1	384.6	371.6	400	17.17	2387	0
35.275	142	2	0	0	0	377.8	385.8	377.8	385.8	367	400	17.84	2384	0
35.275	142	4	0	368.6	394.6	377.6	386	377.6	386	367	400	17.51	2390	0
35.275	142	0	0	0	0	378	385.6	378	385.6	367	400	18.16	2401	0
35.275	142	6	0	0	0	377.8	385.8	377.8	385.8	367	400	17.82	2404	0
35.275	142	3	0	0	0	377.7	385.9	377.7	385.9	367	400	17.63	2385	0
35.275	142	1	0	0	0	378	385.6	378	385.6	367	400	18.05	2392	0
35.275	142	5	0	0	0	377.6	386	377.6	386	367	400	17.61	2397	0
35.275	142	7	0	0	0	378	385.7	378	385.7	367	400	18.04	2405	0
35.525	143	2	0	0	0	376.8	387.3	376.8	387.3	369.2	400	14.84	2399	0
35.525	143	4	0	367.1	401.1	376.6	387.6	376.6	387.6	369.2	400	14.46	2404	0
35.525	143	0	0	0	0	377	387	377	387	369.2	400	15.21	2417	0
35.525	143	6	0	0	0	376.8	387.3	376.8	387.3	369.2	400	14.82	2419	0
35.525	143	3	0	0	0	376.6	387.5	376.6	387.5	369.2	400	14.6	2399	0
35.525	143	1	0	0	0	376.9	387.1	376.9	387.1	369.2	400	15.09	2407	0
35.525	143	5	0	0	0	376.6	387.5	376.6	387.5	369.2	400	14.58	2412	0
35.525	143	7	0	0	0	376.9	387.1	376.9	387.1	369.2	400	15.07	2420	0
35.775	144	2	0	0	0	375.2	388.5	375.2	388.5	362.9	400	16.83	2416	0
35.775	144	4	0	359.8	400.2	374.8	388.8	374.8	388.8	362.9	400	16.4	2421	0
35.775	144	0	0	0	0	375.5	388.2	375.5	388.2	362.9	400	17.25	2434	0
35.775	144	6	0	0	0	375.1	388.5	375.1	388.5	362.9	400	16.8	2436	0
35.775	144	3	0	0	0	374.9	388.7	374.9	388.7	362.9	400	16.55	2416	0
35.775	144	1	0	0	0	375.4	388.3	375.4	388.3	362.9	400	17.11	2424	0
35.775	144	5	0	0	0	374.9	388.7	374.9	388.7	362.9	400	16.53	2429	0
35.775	144	7	0	0	0	375.4	388.3	375.4	388.3	362.9	400	17.09	2437	0
36.025	145	2	0	0	0	374.8	390.9	374.8	390.9	363.1	397.8	13.58	2430	0
36.025	145	4	0	371.6	413.4	374.7	391.4	374.7	391.4	363.1	397.8	13.25	2434	0
36.025	145	0	0	0	0	374.9	390.4	374.9	390.4	363.1	397.8	13.91	2448	0
36.025	145	6	0	0	0	374.8	390.9	374.8	390.9	363.1	397.8	13.56	2449	0
36.025	145	3	0	0	0	374.8	391.2	374.8	391.2	363.1	397.8	13.37	2429	0
36.025	145	1	0	0	0	374.9	390.5	374.9	390.5	363.1	397.8	13.8	2438	0
36.025	145	5	0	0	0	374.7	391.2	374.7	391.2	363.1	397.8	13.35	2442	0
36.025	145	7	0	0	0	374.9	390.6	374.9	390.6	363.1	397.8	13.78	2451	0
36.275	146	2	0	0	0	375.5	391	375.5	391	359.4	398.3	17.67	2447	0
36.275	146	4	0	382.2	392.3	375.6	391.1	375.6	391.1	359.4	398.3	17.76	2452	0
36.275	146	0	0	0	0	375.4	390.9	375.4	390.9	359.4	398.3	17.59	2465	0
36.275	146	6	0	0	0	375.5	391	375.5	391	359.4	398.3	17.68	2467	0
36.275	146	3	0	0	0	375.6	391.1	375.6	391.1	359.4	398.3	17.73	2447	0
36.275	146	1	0	0	0	375.4	391	375.4	391	359.4	398.3	17.62	2456	0
36.275	146	5	0	0	0	375.6	391.1	375.6	391.1	359.4	398.3	17.73	2460	0
36.275	146	7	0	0	0	375.4	391	375.4	391	359.4	398.3	17.62	2469	0
36.525	147	2	0	0	0	375.1	390.9	375.1	390.9	353.1	396.5	22.67	2470	0
36.525	147	4	0	371.1	390	375	390.9	375	390.9	353.1	396.5	22.6	2474	0
36.525	147	0	0	0	0	375.2	390.9	375.2	390.9	353.1	396.5	22.73	2488	0
36.525	147	6	0	0	0	375.1	390.9	375.1	390.9	353.1	396.5	22.66	2490	0
36.525	147	3	0	0	0	375.1	390.9	375.1	390.9	353.1	396.5	22.63	2469	0
36.525	147	1	0	0	0	375.1	390.9	375.1	390.9	353.1	396.5	22.71	2478	0
36.525	147	5	0	0	0	375	390.9	375	390.9	353.1	396.5	22.62	2482	0
36.525	147	7	0	0	0	375.1	390.9	375.1	390.9	353.1	396.5	22.71	2491	0
36.775	148	2	0	0	0	372.7	392.5	372.7	392.5	356.1	394.7	16.71	2487	0
36.775	148	4	0	349.8	407.5	372.2	392.8	372.2	392.8	356.1	394.7	16.2	2490	0
36.775	148	0	0	0	0	373.2	392.2	373.2	392.2	356.1	394.7	17.21	2505	0
36.775	148	6	0	0	0	372.7	392.5	372.7	392.5	356.1	394.7	16.67	2506	0
36.775	148	3	0	0	0	372.4	392.7	372.4	392.7	356.1	394.7	16.38	2486	0
36.775	148	1	0	0	0	373	392.3	373	392.3	356.1	394.7	17.04	2495	0
36.775	148	5	0	0	0	372.4	392.7	372.4	392.7	356.1	394.7	16.35	2499	0
36.775	148	7	0	0	0	373	392.3	373	392.3	356.1	394.7	17.02	2508	0
37.025	149	2	0	0	0	370.5	390.9	370.5	390.9	355.2	392	15.31	2502	0
37.025	149	4	0	349.9	375.7	370	390.6	370	390.6	355.2	392	14.87	2505	0
37.025	149	0	0	0	0	371	391.2	371	391.2	355.2	392	15.75	2521	0
37.025	149	6	0	0	0	370.5	390.9	370.5	390.9	355.2	392	15.28	2522	0
37.025	149	3	0	0	0	370.2	390.7	370.2	390.7	355.2	392	15.02	2501	0
37.025	149	1	0	0	0	370.8	391.1	370.8	391.1	355.2	392	15.6	2511	0
37.025	149	5	0	0	0	370.2	390.7	370.2	390.7	355.2	392	15	2514	0
37.025	149	7	0	0	0	370.8	391.1	370.8	391.1	355.2	392	15.58	2524	0
37.275	150	2	0	0	0	368.6	392.2	368.6	392.2	352.2	395.3	16.62	2519	0
37.275	150	4	0	350	404.8	368.1	392.5	368.1	392.5	352.2	395.3	16.15	2521	0
37.275	150	0	0	0	0	369	392	369	392	352.2	395.3	17.07	2538	0
37.275	150	6	0	0	0	368.5	392.2	368.5	392.2	352.2	395.3	16.59	2538	0
37.275	150	3	0	0	0	368.3	392.4	368.3	392.4	352.2	395.3	16.32	2517	0
37.275	150	1	0	0	0	368.8	392.1	368.8	392.1	352.2	395.3	16.92	2528	0
37.275	150	5	0	0	0	368.3	392.4	368.3	392.4	352.2	395.3	16.3	2530	0
37.275	150	7	0	0	0	368.8	392.1	368.8	392.1	352.2	395.3	16.9	2541	0
37.525	151	2	0	0	0	366.8	393.9	366.8	393.9	347.2	394	19.61	2538	0
37.525	151	4	0	349.9	409.5	366.4	394.2	366.4	394.2	347.2	394	19.22	2541	0
37.525	151	0	0	0	0	367.1	393.5	367.1	393.5	347.2	394	19.99	2558	0
37.525	151	6	0	0	0	366.7	393.9	366.7	393.9	347.2	394	19.58	2558	0
37.525	151	3	0	0	0	366.5	394.1	366.5	394.1	347.2	394	19.36	2536	0
37.525	151	1	0	0	0	367	393.6	367	393.6	347.2	394	19.86	2548	0
37.525	151	5	0	0	0	366.5	394.1	366.5	394.1	347.2	394	19.34	2549	0
37.525	151	7	0	0	0	367	393.7	367	393.7	347.2	394	19.84	2561	0
37.775	152	2	0	0	0	365.7	393.9	365.7	393.9	348.2	397.4	17.83	2556	0
37.775	152	4	0	355.4	394.5	365.4	394	365.4	394	348.2	397.4	17.58	2558	0
37.775	152	0	0	0	0	365.9	393.9	365.9	393.9	348.2	397.4	18.08	2576	0
37.775	152	6	0	0	0	365.7	393.9	365.7	393.9	348.2	397.4	17.81	2576	0
37.775	152	3	0	0	0	365.5	394	365.5	394	348.2	397.4	17.67	2554	0
37.775	152	1	0	0	0	365.8	393.9	365.8	393.9	348.2	397.4	17.99	2566	0
37.775	152	5	0	0	0	365.5	394	365.5	394	348.2	397.4	17.65	2567	0
37.775	152	7	0	0	0	365.8	393.9	365.8	393.9	348.2	397.4	17.98	2579	0
38.025	153	2	0	0	0	363.4	395.1	363.4	395.1	346	397.3	17.53	2574	0
38.025	153	4	0	341.7	406.5	362.9	395.4	362.9	395.4	346	397.3	17.04	2575	0
38.025	153	0	0	0	0	363.9	394.9	363.9	394.9	346	397.3	18.02	2594	0
38.025	153	6	0	0	0	363.4	395.1	363.4	395.1	346	397.3	17.5	2593	0
38.025	153	3	0	0	0	363.1	395.3	363.1	395.3	346	397.3	17.21	2571	0
38.025	153	1	0	0	0	363.7	395	363.7	395	346	397.3	17.85	2584	0
38.025	153	5	0	0	0	363.1	395.3	363.1	395.3	346	397.3	17.19	2584	0
38.025	153	7	0	0	0	363.7	395	363.7	395	346	397.3	17.83	2596	0
38.275	154	2	0	0	0	362	396.7	362	396.7	342.9	398.3	19.15	2593	0
38.275	154	4	0	349	411.3	361.7	397	361.7	397	342.9	398.3	18.81	2594	0
38.275	154	0	0	0	0	362.3	396.4	362.3	396.4	342.9	398.3	19.49	2614	0
38.275	154	6	0	0	0	362	396.7	362	396.7	342.9	398.3	19.13	2612	0
38.275	154	3	0	0	0	361.8	396.9	361.8	396.9	342.9	398.3	18.93	2590	0
38.275	154	1	0	0	0	362.2	396.5	362.2	396.5	342.9	398.3	19.37	2603	0
38.275	154	5	0	0	0	361.8	396.9	361.8	396.9	342.9	398.3	18.92	2603	0
38.275	154	7	0	0	0	362.2	396.5	362.2	396.5	342.9	398.3	19.36	2616	0
38.525	155	2	0	0	0	360.1	396	360.1	396	345.9	400	14.81	2608	0
38.525	155	4	0	342.4	389.3	359.7	395.9	359.7	395.9	345.9	400	14.45	2609	0
38.525	155	0	0	0	0	360.5	396.1	360.5	396.1	345.9	400	15.15	2629	0
38.525	155	6	0	0	0	360.1	396	360.1	396	345.9	400	14.78	2627	0
38.525	155	3	0	0	0	359.9	395.9	359.9	395.9	345.9	400	14.58	2605	0
38.525	155	1	0	0	0	360.4	396	360.4	396	345.9	400	15.03	2618	0
38.525	155	5	0	0	0	359.9	395.9	359.9	395.9	345.9	400	14.56	2618	0
38.525	155	7	0	0	0	360.4	396	360.4	396	345.9	400	15.02	2631	0
38.775	156	2	0	0	0	359.2	396.3	359.2	396.3	343.9	400	15.77	2623	0
38.775	156	4	0	350.2	398.9	359	396.3	359	396.3	343.9	400	15.54	2624	0
38.775	156	0	0	0	0	359.4	396.2	359.4	396.2	343.9	400	15.99	2645	0
38.775	156	6	0	0	0	359.2	396.3	359.2	396.3	343.9	400	15.76	2643	0
38.775	156	3	0	0	0	359	396.3	359	396.3	343.9	400	15.62	2621	0
38.775	156	1	0	0	0	359.3	396.2	359.3	396.2	343.9	400	15.92	2634	0
38.775	156	5	0	0	0	359	396.3	359	396.3	343.9	400	15.61	2633	0
38.775	156	7	0	0	0	359.3	396.2	359.3	396.2	343.9	400	15.91	2647	0
39.025	157	2	0	0	0	356.6	399.3	356.6	399.3	337.7	400	18.98	2642	0
39.025	157	4	0	332.3	428.8	356.1	400	356.1	400	337.7	400	18.45	2643	0
39.025	157	0	0	0	0	357.1	398.7	357.1	398.7	337.7	400	19.52	2664	0
39.025	157	6	0	0	0	356.6	399.4	356.6	399.4	337.7	400	18.94	2662	0
39.025	157	3	0	0	0	356.3	399.7	356.3	399.7	337.7	400	18.63	2639	0
39.025	157	1	0	0	0	357	398.9	357	398.9	337.7	400	19.34	2653	0
39.025	157	5	0	0	0	356.3	399.8	356.3	399.8	337.7	400	18.61	2652	0
39.025	157	7	0	0	0	356.9	399	356.9	399	337.7	400	19.31	2666	0
39.275	158	2	0	0	0	355.9	400.9	355.9	400.9	340.4	400	15.48	2658	0
39.275	158	4	0	349	415.1	355.7	401.2	355.7	401.2	340.4	400	15.31	2658	0
39.275	158	0	0	0	0	356.1	400.5	356.1	400.5	340.4	400	15.65	2680	0
39.275	158	6	0	0	0	355.9	400.9	355.9	400.9	340.4	400	15.47	2677	0
39.275	158	3	0	0	0	355.8	401.1	355.8	401.1	340.4	400	15.37	2655	0
39.275	158	1	0	0	0	356	400.6	356	400.6	340.4	400	15.59	2669	0
39.275	158	5	0	0	0	355.8	401.1	355.8	401.1	340.4	400	15.36	2667	0
39.275	158	7	0	0	0	356	400.6	356	400.6	340.4	400	15.58	2682	0
39.525	159	2	0	0	0	354.5	400.2	354.5	400.2	343.2	400	11.35	2669	0
39.525	159	4	0	341.5	393.6	354.2	400.1	354.2	400.1	343.2	400	11.06	2669	0
39.525	159	0	0	0	0	354.8	400.3	354.8	400.3	343.2	400	11.63	2692	0
39.525	159	6	0	0	0	354.5	400.2	354.5	400.2	343.2	400	11.33	2688	0
39.525	159	3	0	0	0	354.3	400.1	354.3	400.1	343.2	400	11.17	2666	0
39.525	159	1	0	0	0	354.7	400.2	354.7	400.2	343.2	400	11.54	2680	0
39.525	159	5	0	0	0	354.3	400.1	354.3	400.1	343.2	400	11.15	2678	0
39.525	159	7	0	0	0	354.7	400.2	354.7	400.2	343.2	400	11.53	2693	0
39.775	160	2	0	0	0	353.3	400.6	353.3	400.6	341.7	400	11.57	2681	0
39.775	160	4	0	341.7	404.6	353	400.7	353	400.7	341.7	400	11.31	2680	0
39.775	160	0	0	0	0	353.6	400.5	353.6	400.5	341.7	400	11.82	2703	0
39.775	160	6	0	0	0	353.3	400.6	353.3	400.6	341.7	400	11.55	2700	0
39.775	160	3	0	0	0	353.1	400.6	353.1	400.6	341.7	400	11.4	2677	0
39.775	160	1	0	0	0	353.5	400.5	353.5	400.5	341.7	400	11.74	2692	0
39.775	160	5	0	0	0	353.1	400.6	353.1	400.6	341.7	400	11.39	2690	0
39.775	160	7	0	0	0	353.5	400.5	353.5	400.5	341.7	400	11.72	2705	0
