# _procNoiseCov=10 _measNoiseCov=10 iter_max=10 alpha=0.3
#Simulation_time,tracking_step,NodeID,TargetID,MeasurementX,MeasurementY,EstimateX,EstimateY,GroundTruthX,GroundTruthY,Error,ErrorAcc,ResultsDelay
#t_sim	t_step	NID	TID	Zx	Zy	X_x	X_y	Xx	Xy	GTx	GTy	Err	ErrAcc	Delay
0.025	1	2	0	0	0	120.7	99.12	120.7	99.12	120	100	1.105	1.105	0
0.025	1	4	0	0	0	120.6	99.27	120.6	99.27	120	100	0.9158	0.9158	0
0.025	1	0	0	126.7	91.15	120.8	98.93	120.8	98.93	120	100	1.342	1.342	0
0.025	1	6	0	0	0	120.7	99.07	120.7	99.07	120	100	1.16	1.16	0
0.025	1	3	0	0	0	120.6	99.22	120.6	99.22	120	100	0.9729	0.9729	0
0.025	1	1	0	0	0	120.8	99	120.8	99	120	100	1.253	1.253	0
0.025	1	5	0	0	0	120.6	99.19	120.6	99.19	120	100	1.01	1.01	0
0.025	1	7	0	0	0	120.8	98.97	120.8	98.97	120	100	1.288	1.288	0
0.275	2	2	0	0	0	120.3	99.62	120.3	99.62	124.3	100.2	4.086	5.192	0
0.275	2	4	0	0	0	120.3	99.54	120.3	99.54	124.3	100.2	4.043	4.959	0
0.275	2	0	0	116.7	104.2	120.2	99.71	120.2	99.71	124.3	100.2	4.143	5.485	0
0.275	2	6	0	0	0	120.3	99.64	120.3	99.64	124.3	100.2	4.099	5.26	0
0.275	2	3	0	0	0	120.3	99.56	120.3	99.56	124.3	100.2	4.056	5.029	0
0.275	2	1	0	0	0	120.2	99.67	120.2	99.67	124.3	100.2	4.122	5.375	0
0.275	2	5	0	0	0	120.3	99.58	120.3	99.58	124.3	100.2	4.064	5.074	0
0.275	2	7	0	0	0	120.2	99.69	120.2	99.69	124.3	100.2	4.13	5.418	0
0.525	3	2	0	0	0	120.1	97.83	120.1	97.83	127	97.25	6.937	12.13	0
0.525	3	4	0	0	0	120.1	98.13	120.1	98.13	127	97.25	6.929	11.89	0
0.525	3	0	0	118.3	81.65	120	97.46	120	97.46	127	97.25	6.964	12.45	0
0.525	3	6	0	0	0	120.1	97.75	120.1	97.75	127	97.25	6.941	12.2	0
0.525	3	3	0	0	0	120.1	98.04	120.1	98.04	127	97.25	6.93	11.96	0
0.525	3	1	0	0	0	120.1	97.6	120.1	97.6	127	97.25	6.952	12.33	0
0.525	3	5	0	0	0	120.1	97.98	120.1	97.98	127	97.25	6.931	12.01	0
0.525	3	7	0	0	0	120	97.54	120	97.54	127	97.25	6.956	12.37	0
0.775	4	2	0	0	0	120.1	97.59	120.1	97.59	127	95.67	7.125	19.25	0
0.775	4	4	0	0	0	120.1	97.65	120.1	97.65	127	95.67	7.15	19.04	0
0.775	4	0	0	120.8	95.66	120.2	97.51	120.2	97.51	127	95.67	7.094	19.54	0
0.775	4	6	0	0	0	120.1	97.57	120.1	97.57	127	95.67	7.118	19.32	0
0.775	4	3	0	0	0	120.1	97.63	120.1	97.63	127	95.67	7.143	19.1	0
0.775	4	1	0	0	0	120.2	97.54	120.2	97.54	127	95.67	7.106	19.43	0
0.775	4	5	0	0	0	120.1	97.62	120.1	97.62	127	95.67	7.138	19.14	0
0.775	4	7	0	0	0	120.2	97.53	120.2	97.53	127	95.67	7.101	19.48	0
1.025	5	2	0	0	0	120.8	96.76	120.8	96.76	131.8	100.4	11.64	30.89	0
1.025	5	4	0	0	0	120.7	96.91	120.7	96.91	131.8	100.4	11.69	30.73	0
1.025	5	0	0	126.3	89.32	120.9	96.57	120.9	96.57	131.8	100.4	11.57	31.12	0
1.025	5	6	0	0	0	120.8	96.72	120.8	96.72	131.8	100.4	11.62	30.94	0
1.025	5	3	0	0	0	120.7	96.86	120.7	96.86	131.8	100.4	11.68	30.78	0
1.025	5	1	0	0	0	120.8	96.64	120.8	96.64	131.8	100.4	11.6	31.03	0
1.025	5	5	0	0	0	120.7	96.83	120.7	96.83	131.8	100.4	11.67	30.81	0
1.025	5	7	0	0	0	120.9	96.62	120.9	96.62	131.8	100.4	11.59	31.06	0
1.275	6	2	0	0	0	123.1	96.83	123.1	96.83	133.8	101.5	11.66	42.55	0
1.275	6	4	0	0	0	122.7	96.83	122.7	96.83	133.8	101.5	12.04	42.77	0
1.275	6	0	0	144.1	97.61	123.6	96.83	123.6	96.83	133.8	101.5	11.19	42.31	0
1.275	6	6	0	0	0	123.2	96.83	123.2	96.83	133.8	101.5	11.55	42.49	0
1.275	6	3	0	0	0	122.8	96.83	122.8	96.83	133.8	101.5	11.92	42.7	0
1.275	6	1	0	0	0	123.4	96.83	123.4	96.83	133.8	101.5	11.37	42.4	0
1.275	6	5	0	0	0	122.9	96.83	122.9	96.83	133.8	101.5	11.85	42.66	0
1.275	6	7	0	0	0	123.5	96.83	123.5	96.83	133.8	101.5	11.3	42.36	0
1.525	7	2	0	0	0	124.7	96.63	124.7	96.63	132	99.29	7.706	50.26	0
1.525	7	4	0	0	0	124.4	96.66	124.4	96.66	132	99.29	7.992	50.76	0
1.525	7	0	0	139.4	94.81	125.1	96.59	125.1	96.59	132	99.29	7.353	49.66	0
1.525	7	6	0	0	0	124.8	96.62	124.8	96.62	132	99.29	7.623	50.12	0
1.525	7	3	0	0	0	124.5	96.65	124.5	96.65	132	99.29	7.905	50.61	0
1.525	7	1	0	0	0	125	96.6	125	96.6	132	99.29	7.484	49.88	0
1.525	7	5	0	0	0	124.6	96.65	124.6	96.65	132	99.29	7.849	50.51	0
1.525	7	7	0	0	0	125.1	96.6	125.1	96.6	132	99.29	7.432	49.79	0
1.775	8	2	0	0	0	124.1	94.74	124.1	94.74	132.9	99.69	10.1	60.36	0
1.775	8	4	0	0	0	124.2	95.06	124.2	95.06	132.9	99.69	9.865	60.63	0
1.775	8	0	0	117.6	77.68	123.9	94.33	123.9	94.33	132.9	99.69	10.41	60.07	0
1.775	8	6	0	0	0	124	94.64	124	94.64	132.9	99.69	10.17	60.29	0
1.775	8	3	0	0	0	124.1	94.97	124.1	94.97	132.9	99.69	9.937	60.54	0
1.775	8	1	0	0	0	124	94.48	124	94.48	132.9	99.69	10.29	60.18	0
1.775	8	5	0	0	0	124.1	94.9	124.1	94.9	132.9	99.69	9.983	60.49	0
1.775	8	7	0	0	0	124	94.42	124	94.42	132.9	99.69	10.34	60.13	0
2.025	9	2	0	0	0	124.6	95.42	124.6	95.42	133.8	103.9	12.49	72.85	0
2.025	9	4	0	0	0	124.5	95.33	124.5	95.33	133.8	103.9	12.62	73.24	0
2.025	9	0	0	129.7	101.9	124.7	95.53	124.7	95.53	133.8	103.9	12.33	72.4	0
2.025	9	6	0	0	0	124.6	95.45	124.6	95.45	133.8	103.9	12.45	72.74	0
2.025	9	3	0	0	0	124.6	95.36	124.6	95.36	133.8	103.9	12.58	73.12	0
2.025	9	1	0	0	0	124.7	95.49	124.7	95.49	133.8	103.9	12.39	72.57	0
2.025	9	5	0	0	0	124.6	95.37	124.6	95.37	133.8	103.9	12.55	73.04	0
2.025	9	7	0	0	0	124.7	95.51	124.7	95.51	133.8	103.9	12.37	72.5	0
2.275	10	2	0	0	0	124.5	97.66	124.5	97.66	134.2	103.4	11.22	84.08	0
2.275	10	4	0	0	0	124.5	97.27	124.5	97.27	134.2	103.4	11.42	84.67	0
2.275	10	0	0	123.8	117.8	124.5	98.15	124.5	98.15	134.2	103.4	10.99	83.39	0
2.275	10	6	0	0	0	124.5	97.77	124.5	97.77	134.2	103.4	11.17	83.91	0
2.275	10	3	0	0	0	124.5	97.39	124.5	97.39	134.2	103.4	11.36	84.48	0
2.275	10	1	0	0	0	124.5	97.97	124.5	97.97	134.2	103.4	11.08	83.64	0
2.275	10	5	0	0	0	124.5	97.46	124.5	97.46	134.2	103.4	11.32	84.37	0
2.275	10	7	0	0	0	124.5	98.04	124.5	98.04	134.2	103.4	11.04	83.54	0
2.525	11	2	0	0	0	125.4	99.51	125.4	99.51	132	109.1	11.64	95.71	0
2.525	11	4	0	0	0	125.2	99.16	125.2	99.16	132	109.1	12.01	96.67	0
2.525	11	0	0	132.8	115.9	125.5	99.95	125.5	99.95	132	109.1	11.18	94.58	0
2.525	11	6	0	0	0	125.4	99.61	125.4	99.61	132	109.1	11.53	95.44	0
2.525	11	3	0	0	0	125.3	99.27	125.3	99.27	132	109.1	11.89	96.38	0
2.525	11	1	0	0	0	125.5	99.78	125.5	99.78	132	109.1	11.35	95	0
2.525	11	5	0	0	0	125.3	99.34	125.3	99.34	132	109.1	11.82	96.19	0
2.525	11	7	0	0	0	125.5	99.85	125.5	99.85	132	109.1	11.29	94.83	0
2.775	12	2	0	0	0	125.5	101.2	125.5	101.2	132.7	116	16.43	112.1	0
2.775	12	4	0	0	0	125.5	100.9	125.5	100.9	132.7	116	16.73	113.4	0
2.775	12	0	0	126.7	116.3	125.6	101.6	125.6	101.6	132.7	116	16.05	110.6	0
2.775	12	6	0	0	0	125.5	101.3	125.5	101.3	132.7	116	16.34	111.8	0
2.775	12	3	0	0	0	125.5	101	125.5	101	132.7	116	16.64	113	0
2.775	12	1	0	0	0	125.5	101.5	125.5	101.5	132.7	116	16.19	111.2	0
2.775	12	5	0	0	0	125.5	101.1	125.5	101.1	132.7	116	16.58	112.8	0
2.775	12	7	0	0	0	125.6	101.5	125.6	101.5	132.7	116	16.13	111	0
3.025	13	2	0	0	0	127	102.9	127	102.9	133.8	118.5	16.94	129.1	0
3.025	13	4	0	0	0	126.8	102.6	126.8	102.6	133.8	118.5	17.34	130.7	0
3.025	13	0	0	140.7	118.1	127.4	103.3	127.4	103.3	133.8	118.5	16.45	127.1	0
3.025	13	6	0	0	0	127.1	103	127.1	103	133.8	118.5	16.82	128.6	0
3.025	13	3	0	0	0	126.8	102.7	126.8	102.7	133.8	118.5	17.22	130.2	0
3.025	13	1	0	0	0	127.2	103.2	127.2	103.2	133.8	118.5	16.63	127.8	0
3.025	13	5	0	0	0	126.9	102.8	126.9	102.8	133.8	118.5	17.14	129.9	0
3.025	13	7	0	0	0	127.3	103.2	127.3	103.2	133.8	118.5	16.56	127.5	0
3.275	14	2	0	0	0	127.3	104.4	127.3	104.4	140.1	121.2	21.09	150.2	0
3.275	14	4	0	0	0	127.3	104.1	127.3	104.1	140.1	121.2	21.36	152.1	0
3.275	14	0	0	129.8	117.6	127.4	104.8	127.4	104.8	140.1	121.2	20.76	147.8	0
3.275	14	6	0	0	0	127.4	104.5	127.4	104.5	140.1	121.2	21.01	149.6	0
3.275	14	3	0	0	0	127.3	104.2	127.3	104.2	140.1	121.2	21.28	151.5	0
3.275	14	1	0	0	0	127.4	104.6	127.4	104.6	140.1	121.2	20.88	148.7	0
3.275	14	5	0	0	0	127.3	104.3	127.3	104.3	140.1	121.2	21.22	151.1	0
3.275	14	7	0	0	0	127.4	104.7	127.4	104.7	140.1	121.2	20.83	148.4	0
3.525	15	2	0	0	0	128.7	106.1	128.7	106.1	140	123	20.32	170.5	0
3.525	15	4	0	0	0	128.5	105.8	128.5	105.8	140	123	20.71	172.8	0
3.525	15	0	0	141.2	121	129	106.5	129	106.5	140	123	19.83	167.7	0
3.525	15	6	0	0	0	128.8	106.2	128.8	106.2	140	123	20.2	169.8	0
3.525	15	3	0	0	0	128.5	105.9	128.5	105.9	140	123	20.59	172.1	0
3.525	15	1	0	0	0	128.9	106.3	128.9	106.3	140	123	20.01	168.7	0
3.525	15	5	0	0	0	128.6	105.9	128.6	105.9	140	123	20.51	171.6	0
3.525	15	7	0	0	0	129	106.4	129	106.4	140	123	19.94	168.3	0
3.775	16	2	0	0	0	131.8	107.9	131.8	107.9	145.4	123.8	20.93	191.4	0
3.775	16	4	0	0	0	131.3	107.6	131.3	107.6	145.4	123.8	21.54	194.3	0
3.775	16	0	0	159.8	124	132.5	108.3	132.5	108.3	145.4	123.8	20.17	187.8	0
3.775	16	6	0	0	0	132	108	132	108	145.4	123.8	20.75	190.6	0
3.775	16	3	0	0	0	131.5	107.7	131.5	107.7	145.4	123.8	21.36	193.5	0
3.775	16	1	0	0	0	132.3	108.2	132.3	108.2	145.4	123.8	20.45	189.2	0
3.775	16	5	0	0	0	131.6	107.7	131.6	107.7	145.4	123.8	21.24	192.9	0
3.775	16	7	0	0	0	132.4	108.2	132.4	108.2	145.4	123.8	20.34	188.6	0
4.025	17	2	0	0	0	132.7	111.4	132.7	111.4	152.3	127.9	25.64	217.1	0
4.025	17	4	0	0	0	132.5	110.8	132.5	110.8	152.3	127.9	26.19	220.5	0
4.025	17	0	0	139.9	142.7	132.9	112.2	132.9	112.2	152.3	127.9	24.96	212.8	0
4.025	17	6	0	0	0	132.8	111.6	132.8	111.6	152.3	127.9	25.48	216	0
4.025	17	3	0	0	0	132.6	111	132.6	111	152.3	127.9	26.02	219.5	0
4.025	17	1	0	0	0	132.8	111.9	132.8	111.9	152.3	127.9	25.21	214.4	0
4.025	17	5	0	0	0	132.6	111.1	132.6	111.1	152.3	127.9	25.91	218.8	0
4.025	17	7	0	0	0	132.9	112	132.9	112	152.3	127.9	25.11	213.7	0
4.275	18	2	0	0	0	134.1	113	134.1	113	153.4	131.7	26.86	243.9	0
4.275	18	4	0	0	0	133.9	112.7	133.9	112.7	153.4	131.7	27.27	247.8	0
4.275	18	0	0	146.9	127.2	134.5	113.4	134.5	113.4	153.4	131.7	26.34	239.1	0
4.275	18	6	0	0	0	134.2	113.1	134.2	113.1	153.4	131.7	26.74	242.8	0
4.275	18	3	0	0	0	133.9	112.8	133.9	112.8	153.4	131.7	27.15	246.6	0
4.275	18	1	0	0	0	134.3	113.3	134.3	113.3	153.4	131.7	26.53	240.9	0
4.275	18	5	0	0	0	134	112.9	134	112.9	153.4	131.7	27.07	245.9	0
4.275	18	7	0	0	0	134.4	113.3	134.4	113.3	153.4	131.7	26.46	240.2	0
4.525	19	2	0	0	0	136.5	115.8	136.5	115.8	157.4	137.4	30.05	274	0
4.525	19	4	0	0	0	136.1	115.3	136.1	115.3	157.4	137.4	30.71	278.5	0
4.525	19	0	0	158	140.2	137.1	116.4	137.1	116.4	157.4	137.4	29.23	268.3	0
4.525	19	6	0	0	0	136.7	115.9	136.7	115.9	157.4	137.4	29.86	272.6	0
4.525	19	3	0	0	0	136.2	115.4	136.2	115.4	157.4	137.4	30.51	277.1	0
4.525	19	1	0	0	0	136.9	116.1	136.9	116.1	157.4	137.4	29.54	270.4	0
4.525	19	5	0	0	0	136.3	115.5	136.3	115.5	157.4	137.4	30.38	276.2	0
4.525	19	7	0	0	0	136.9	116.2	136.9	116.2	157.4	137.4	29.42	269.6	0
4.775	20	2	0	0	0	141.5	118.6	141.5	118.6	164	142.5	32.88	306.8	0
4.775	20	4	0	0	0	140.6	118.1	140.6	118.1	164	142.5	33.87	312.4	0
4.775	20	0	0	185.6	144	142.6	119.3	142.6	119.3	164	142.5	31.65	300	0
4.775	20	6	0	0	0	141.7	118.8	141.7	118.8	164	142.5	32.59	305.2	0
4.775	20	3	0	0	0	140.8	118.2	140.8	118.2	164	142.5	33.57	310.7	0
4.775	20	1	0	0	0	142.1	119	142.1	119	164	142.5	32.11	302.6	0
4.775	20	5	0	0	0	141	118.3	141	118.3	164	142.5	33.38	309.6	0
4.775	20	7	0	0	0	142.3	119.1	142.3	119.1	164	142.5	31.93	301.5	0
5.025	21	2	0	0	0	143.1	120	143.1	120	165.4	140.8	30.47	337.3	0
5.025	21	4	0	0	0	142.7	119.7	142.7	119.7	165.4	140.8	30.92	343.3	0
5.025	21	0	0	156.8	132.3	143.5	120.4	143.5	120.4	165.4	140.8	29.92	329.9	0
5.025	21	6	0	0	0	143.2	120.1	143.2	120.1	165.4	140.8	30.35	335.6	0
5.025	21	3	0	0	0	142.8	119.8	142.8	119.8	165.4	140.8	30.79	341.5	0
5.025	21	1	0	0	0	143.3	120.2	143.3	120.2	165.4	140.8	30.13	332.7	0
5.025	21	5	0	0	0	142.9	119.9	142.9	119.9	165.4	140.8	30.7	340.3	0
5.025	21	7	0	0	0	143.4	120.3	143.4	120.3	165.4	140.8	30.04	331.6	0
5.275	22	2	0	0	0	146.2	124	146.2	124	169.3	146.8	32.38	369.7	0
5.275	22	4	0	0	0	145.7	123.3	145.7	123.3	169.3	146.8	33.28	376.6	0
5.275	22	0	0	174.5	159.6	146.9	124.9	146.9	124.9	169.3	146.8	31.26	361.2	0
5.275	22	6	0	0	0	146.4	124.2	146.4	124.2	169.3	146.8	32.12	367.7	0
5.275	22	3	0	0	0	145.8	123.5	145.8	123.5	169.3	146.8	33.01	374.5	0
5.275	22	1	0	0	0	146.7	124.5	146.7	124.5	169.3	146.8	31.68	364.4	0
5.275	22	5	0	0	0	145.9	123.6	145.9	123.6	169.3	146.8	32.83	373.1	0
5.275	22	7	0	0	0	146.8	124.7	146.8	124.7	169.3	146.8	31.52	363.1	0
5.525	23	2	0	0	0	148.7	126.2	148.7	126.2	169.2	150.1	31.49	401.2	0
5.525	23	4	0	0	0	148.2	125.8	148.2	125.8	169.2	150.1	32.13	408.7	0
5.525	23	0	0	170.1	145.9	149.2	126.8	149.2	126.8	169.2	150.1	30.7	391.9	0
5.525	23	6	0	0	0	148.8	126.4	148.8	126.4	169.2	150.1	31.31	399	0
5.525	23	3	0	0	0	148.3	125.9	148.3	125.9	169.2	150.1	31.94	406.4	0
5.525	23	1	0	0	0	149	126.6	149	126.6	169.2	150.1	31	395.4	0
5.525	23	5	0	0	0	148.4	126	148.4	126	169.2	150.1	31.81	405	0
5.525	23	7	0	0	0	149.1	126.7	149.1	126.7	169.2	150.1	30.88	394	0
5.775	24	2	0	0	0	152.9	129.1	152.9	129.1	176	149	30.52	431.7	0
5.775	24	4	0	0	0	152.1	128.6	152.1	128.6	176	149	31.44	440.1	0
5.775	24	0	0	190.6	154.3	153.8	129.7	153.8	129.7	176	149	29.38	421.3	0
5.775	24	6	0	0	0	153.1	129.2	153.1	129.2	176	149	30.26	429.3	0
5.775	24	3	0	0	0	152.4	128.7	152.4	128.7	176	149	31.16	437.6	0
5.775	24	1	0	0	0	153.5	129.5	153.5	129.5	176	149	29.81	425.2	0
5.775	24	5	0	0	0	152.5	128.8	152.5	128.8	176	149	30.98	435.9	0
5.775	24	7	0	0	0	153.6	129.6	153.6	129.6	176	149	29.64	423.6	0
6.025	25	2	0	0	0	154.2	132.1	154.2	132.1	179.9	151.2	32.07	463.8	0
6.025	25	4	0	0	0	153.9	131.6	153.9	131.6	179.9	151.2	32.63	472.8	0
6.025	25	0	0	165	159.5	154.5	132.9	154.5	132.9	179.9	151.2	31.37	452.6	0
6.025	25	6	0	0	0	154.2	132.3	154.2	132.3	179.9	151.2	31.91	461.2	0
6.025	25	3	0	0	0	154	131.8	154	131.8	179.9	151.2	32.47	470.1	0
6.025	25	1	0	0	0	154.4	132.6	154.4	132.6	179.9	151.2	31.64	456.8	0
6.025	25	5	0	0	0	154	131.9	154	131.9	179.9	151.2	32.35	468.3	0
6.025	25	7	0	0	0	154.4	132.7	154.4	132.7	179.9	151.2	31.53	455.1	0
6.275	26	2	0	0	0	155.4	134.1	155.4	134.1	177.3	158	32.46	496.3	0
6.275	26	4	0	0	0	155.1	133.7	155.1	133.7	177.3	158	32.9	505.7	0
6.275	26	0	0	165.9	151.1	155.6	134.6	155.6	134.6	177.3	158	31.93	484.6	0
6.275	26	6	0	0	0	155.4	134.2	155.4	134.2	177.3	158	32.34	493.5	0
6.275	26	3	0	0	0	155.2	133.8	155.2	133.8	177.3	158	32.77	502.8	0
6.275	26	1	0	0	0	155.5	134.4	155.5	134.4	177.3	158	32.13	488.9	0
6.275	26	5	0	0	0	155.2	133.9	155.2	133.9	177.3	158	32.68	501	0
6.275	26	7	0	0	0	155.6	134.5	155.6	134.5	177.3	158	32.05	487.2	0
6.525	27	2	0	0	0	156.8	137.2	156.8	137.2	175.6	159.8	29.41	525.7	0
6.525	27	4	0	0	0	156.5	136.6	156.5	136.6	175.6	159.8	30.01	535.7	0
6.525	27	0	0	169.1	165	157.1	137.9	157.1	137.9	175.6	159.8	28.67	513.2	0
6.525	27	6	0	0	0	156.8	137.4	156.8	137.4	175.6	159.8	29.24	522.8	0
6.525	27	3	0	0	0	156.6	136.8	156.6	136.8	175.6	159.8	29.83	532.7	0
6.525	27	1	0	0	0	157	137.6	157	137.6	175.6	159.8	28.95	517.9	0
6.525	27	5	0	0	0	156.6	136.9	156.6	136.9	175.6	159.8	29.71	530.7	0
6.525	27	7	0	0	0	157	137.7	157	137.7	175.6	159.8	28.84	516	0
6.775	28	2	0	0	0	157.3	140.1	157.3	140.1	175.2	164.9	30.62	556.3	0
6.775	28	4	0	0	0	157.2	139.6	157.2	139.6	175.2	164.9	31.12	566.8	0
6.775	28	0	0	161.7	165.9	157.4	140.8	157.4	140.8	175.2	164.9	29.99	543.2	0
6.775	28	6	0	0	0	157.3	140.3	157.3	140.3	175.2	164.9	30.47	553.2	0
6.775	28	3	0	0	0	157.2	139.7	157.2	139.7	175.2	164.9	30.97	563.6	0
6.775	28	1	0	0	0	157.4	140.5	157.4	140.5	175.2	164.9	30.23	548.1	0
6.775	28	5	0	0	0	157.2	139.8	157.2	139.8	175.2	164.9	30.87	561.6	0
6.775	28	7	0	0	0	157.4	140.6	157.4	140.6	175.2	164.9	30.13	546.2	0
7.025	29	2	0	0	0	161	143.3	161	143.3	181.1	163.7	28.57	584.9	0
7.025	29	4	0	0	0	160.2	142.7	160.2	142.7	181.1	163.7	29.64	596.5	0
7.025	29	0	0	168.8	157.2	161.2	143.7	161.2	143.7	181.1	163.7	28.2	571.4	0
7.025	29	6	0	0	0	160.4	143	160.4	143	181.1	163.7	29.23	582.5	0
7.025	29	3	0	0	0	160.6	142.9	160.6	142.9	181.1	163.7	29.16	592.8	0
7.025	29	1	0	186.7	158.2	161.2	143.6	161.2	143.6	181.1	163.7	28.23	576.3	0
7.025	29	5	0	0	0	160.1	142.7	160.1	142.7	181.1	163.7	29.61	591.2	0
7.025	29	7	0	0	0	160.8	143.4	160.8	143.4	181.1	163.7	28.65	574.8	0
7.275	30	2	0	0	0	169.7	151.2	169.7	151.2	186.7	168	23.89	608.7	0
7.275	30	4	0	0	0	168.1	150	168.1	150	186.7	168	25.88	622.3	0
7.275	30	0	0	205.1	176.9	170.7	152.3	170.7	152.3	186.7	168	22.38	593.8	0
7.275	30	6	0	0	0	169.2	151.2	169.2	151.2	186.7	168	24.24	606.7	0
7.275	30	3	0	0	0	168.7	150.4	168.7	150.4	186.7	168	25.12	617.9	0
7.275	30	1	0	206.4	180.5	170.4	151.9	170.4	151.9	186.7	168	22.83	599.2	0
7.275	30	5	0	0	0	168.4	150.4	168.4	150.4	186.7	168	25.36	616.5	0
7.275	30	7	0	187.2	184.3	170.2	151.9	170.2	151.9	186.7	168	23.05	597.9	0
7.525	31	2	0	0	0	174.8	155.8	174.8	155.8	190.2	166.7	18.8	627.6	0
7.525	31	4	0	0	0	173.9	154.9	173.9	154.9	190.2	166.7	20.07	642.4	0
7.525	31	0	0	210.3	165.5	175.8	156.4	175.8	156.4	190.2	166.7	17.69	611.5	0
7.525	31	6	0	0	0	175	155.5	175	155.5	190.2	166.7	18.86	625.6	0
7.525	31	3	0	0	0	174.2	155.3	174.2	155.3	190.2	166.7	19.62	637.5	0
7.525	31	1	0	182.8	180.2	175.5	156.2	175.5	156.2	190.2	166.7	18.05	617.2	0
7.525	31	5	0	0	0	174.3	155.1	174.3	155.1	190.2	166.7	19.66	636.2	0
7.525	31	7	0	185.1	171.4	175.6	156.1	175.6	156.1	190.2	166.7	18.09	616	0
7.775	32	2	0	0	0	179.3	160.7	179.3	160.7	195.3	169.7	18.37	645.9	0
7.775	32	4	0	0	0	178.7	159.8	178.7	159.8	195.3	169.7	19.32	661.7	0
7.775	32	0	0	199.4	181.1	180.2	161.4	180.2	161.4	195.3	169.7	17.24	628.7	0
7.775	32	6	0	0	0	179.7	160.6	179.7	160.6	195.3	169.7	18.11	643.7	0
7.775	32	3	0	0	0	178.9	160.2	178.9	160.2	195.3	169.7	19.02	656.6	0
7.775	32	1	0	186.3	179.2	179.8	161.2	179.8	161.2	195.3	169.7	17.66	634.9	0
7.775	32	5	0	0	0	179.1	160.1	179.1	160.1	195.3	169.7	18.85	655	0
7.775	32	7	0	204	173.7	180.1	161.1	180.1	161.1	195.3	169.7	17.49	633.4	0
8.025	33	2	0	0	0	184	161	184	161	197.8	168	15.52	661.4	0
8.025	33	4	0	0	0	183.2	161	183.2	161	197.8	168	16.22	678	0
8.025	33	0	0	195.3	166.5	184.5	161.3	184.5	161.3	197.8	168	14.87	643.6	0
8.025	33	6	0	0	0	183.8	161.3	183.8	161.3	197.8	168	15.53	659.2	0
8.025	33	3	0	0	0	183.5	160.9	183.5	160.9	197.8	168	15.97	672.5	0
8.025	33	1	0	205.7	154.4	184.4	161.2	184.4	161.2	197.8	168	15.09	650	0
8.025	33	5	0	0	0	183.4	161.2	183.4	161.2	197.8	168	15.98	671	0
8.025	33	7	0	199	169.5	184.3	161.4	184.3	161.4	197.8	168	15.09	648.5	0
8.275	34	2	0	0	0	189.8	163.8	189.8	163.8	200	172.9	13.73	675.2	0
8.275	34	4	0	0	0	188.7	163.4	188.7	163.4	200	172.9	14.83	692.8	0
8.275	34	0	0	202	181.5	190.4	164.2	190.4	164.2	200	172.9	13.02	656.6	0
8.275	34	6	0	0	0	189.3	163.8	189.3	163.8	200	172.9	14.04	673.2	0
8.275	34	3	0	0	0	189.2	163.5	189.2	163.5	200	172.9	14.39	686.9	0
8.275	34	1	0	222.7	167.9	190.2	164	190.2	164	200	172.9	13.21	663.2	0
8.275	34	5	0	0	0	188.8	163.5	188.8	163.5	200	172.9	14.6	685.6	0
8.275	34	7	0	205.9	167.1	189.9	164.1	189.9	164.1	200	172.9	13.41	661.9	0
8.525	35	2	0	0	0	191.9	166	191.9	166	203.1	178.4	16.65	691.8	0
8.525	35	4	0	0	0	191.3	165.8	191.3	165.8	203.1	178.4	17.23	710	0
8.525	35	0	0	196.3	167.3	192	166.5	192	166.5	203.1	178.4	16.23	672.9	0
8.525	35	6	0	0	0	191.4	166.3	191.4	166.3	203.1	178.4	16.78	690	0
8.525	35	3	0	0	0	191.6	165.8	191.6	165.8	203.1	178.4	17	703.9	0
8.525	35	1	0	209.6	172.7	192.1	166.3	192.1	166.3	203.1	178.4	16.35	679.5	0
8.525	35	5	0	0	0	191.3	166	191.3	166	203.1	178.4	17.09	702.7	0
8.525	35	7	0	190.4	189.5	191.8	166.5	191.8	166.5	203.1	178.4	16.43	678.4	0
8.775	36	2	0	0	0	190.9	167.6	190.9	167.6	201.8	178.4	15.32	707.1	0
8.775	36	4	0	0	0	190.9	167.2	190.9	167.2	201.8	178.4	15.6	725.6	0
8.775	36	0	0	171.5	175.8	190.6	167.7	190.6	167.7	201.8	178.4	15.51	688.4	0
8.775	36	6	0	0	0	190.6	167.3	190.6	167.3	201.8	178.4	15.78	705.8	0
8.775	36	3	0	0	0	191	167.4	191	167.4	201.8	178.4	15.43	719.3	0
8.775	36	1	0	201.2	177.4	190.7	167.7	190.7	167.7	201.8	178.4	15.38	694.9	0
8.775	36	5	0	0	0	190.8	167.2	190.8	167.2	201.8	178.4	15.73	718.4	0
8.775	36	7	0	194.6	159.6	190.5	167.5	190.5	167.5	201.8	178.4	15.67	694.1	0
9.025	37	2	0	0	0	197.2	171.2	197.2	171.2	208.5	185.2	17.98	725.1	0
9.025	37	4	0	0	0	196.1	170.6	196.1	170.6	208.5	185.2	19.14	744.7	0
9.025	37	0	0	219.5	178.7	197.9	171.6	197.9	171.6	208.5	185.2	17.23	705.6	0
9.025	37	6	0	0	0	196.8	171.1	196.8	171.1	208.5	185.2	18.31	724.1	0
9.025	37	3	0	0	0	196.6	170.8	196.6	170.8	208.5	185.2	18.67	738	0
9.025	37	1	0	225.9	188.5	197.7	171.5	197.7	171.5	208.5	185.2	17.43	712.3	0
9.025	37	5	0	0	0	196.3	170.8	196.3	170.8	208.5	185.2	18.9	737.3	0
9.025	37	7	0	210.7	187.9	197.5	171.4	197.5	171.4	208.5	185.2	17.64	711.7	0
9.275	38	2	0	0	0	199.4	175	199.4	175	207.2	191.2	18.05	743.2	0
9.275	38	4	0	0	0	198.8	174.5	198.8	174.5	207.2	191.2	18.75	763.5	0
9.275	38	0	0	206.7	192	199.6	175.7	199.6	175.7	207.2	191.2	17.29	722.9	0
9.275	38	6	0	0	0	199.1	175.3	199.1	175.3	207.2	191.2	17.93	742	0
9.275	38	3	0	0	0	199.1	174.6	199.1	174.6	207.2	191.2	18.52	756.5	0
9.275	38	1	0	212.6	181.9	199.6	175.4	199.6	175.4	207.2	191.2	17.56	729.9	0
9.275	38	5	0	0	0	198.9	174.8	198.9	174.8	207.2	191.2	18.44	755.8	0
9.275	38	7	0	200.4	196	199.4	175.6	199.4	175.6	207.2	191.2	17.48	729.2	0
9.525	39	2	0	0	0	200.8	179.7	200.8	179.7	208.9	189	12.33	755.5	0
9.525	39	4	0	0	0	200.5	179.1	200.5	179.1	208.9	189	12.96	776.5	0
9.525	39	0	0	216.9	200.4	201.2	180.6	201.2	180.6	208.9	189	11.43	734.3	0
9.525	39	6	0	0	0	201	180	201	180	208.9	189	12	754	0
9.525	39	3	0	0	0	200.6	179.3	200.6	179.3	208.9	189	12.79	769.3	0
9.525	39	1	0	196.5	190.3	201	180.3	201	180.3	208.9	189	11.78	741.7	0
9.525	39	5	0	0	0	200.7	179.4	200.7	179.4	208.9	189	12.57	768.3	0
9.525	39	7	0	204.7	200.5	201.1	180.4	201.1	180.4	208.9	189	11.57	740.7	0
9.775	40	2	0	0	0	203.3	182.3	203.3	182.3	211.1	189.6	10.67	766.2	0
9.775	40	4	0	0	0	203	181.8	203	181.8	211.1	189.6	11.23	787.7	0
9.775	40	0	0	213.6	185	203.8	182.5	203.8	182.5	211.1	189.6	10.14	744.4	0
9.775	40	6	0	0	0	203.6	182.1	203.6	182.1	211.1	189.6	10.66	764.7	0
9.775	40	3	0	0	0	203.1	182	203.1	182	211.1	189.6	11.03	780.4	0
9.775	40	1	0	207.5	198.6	203.6	182.5	203.6	182.5	211.1	189.6	10.32	752	0
9.775	40	5	0	0	0	203.3	181.9	203.3	181.9	211.1	189.6	11.03	779.4	0
9.775	40	7	0	218.7	189	203.8	182.3	203.8	182.3	211.1	189.6	10.32	751.1	0
10.025	41	2	0	0	0	205.5	183	205.5	183	216.1	191.3	13.45	779.6	0
10.025	41	4	0	0	0	205.3	182.8	205.3	182.8	216.1	191.3	13.76	801.4	0
10.025	41	0	0	192.8	176.2	205.8	183	205.8	183	216.1	191.3	13.25	757.7	0
10.025	41	6	0	0	0	205.6	182.8	205.6	182.8	216.1	191.3	13.54	778.2	0
10.025	41	3	0	0	0	205.4	182.9	205.4	182.9	216.1	191.3	13.63	794	0
10.025	41	1	0	222.6	193.8	205.7	183	205.7	183	216.1	191.3	13.3	765.3	0
10.025	41	5	0	0	0	205.4	182.7	205.4	182.7	216.1	191.3	13.69	793.1	0
10.025	41	7	0	234	188.8	205.7	182.9	205.7	182.9	216.1	191.3	13.36	764.4	0
10.275	42	2	0	0	0	208.3	183.2	208.3	183.2	222.9	190.1	16.22	795.8	0
10.275	42	4	0	0	0	208	183.1	208	183.1	222.9	190.1	16.51	818	0
10.275	42	0	0	0	0	208.8	183.2	208.8	183.2	222.9	190.1	15.69	773.4	0
10.275	42	6	0	0	0	208.6	183.2	208.6	183.2	222.9	190.1	15.96	794.2	0
10.275	42	3	0	0	0	208	183.2	208	183.2	222.9	190.1	16.45	810.4	0
10.275	42	1	0	217.8	185.2	208.6	183.2	208.6	183.2	222.9	190.1	15.91	781.2	0
10.275	42	5	0	0	0	208.2	183.1	208.2	183.1	222.9	190.1	16.28	809.3	0
10.275	42	7	0	237	184.9	208.8	183.2	208.8	183.2	222.9	190.1	15.74	780.2	0
10.525	43	2	0	0	0	209.4	183.4	209.4	183.4	227.1	191.7	19.57	815.4	0
10.525	43	4	0	0	0	209.4	183.6	209.4	183.6	227.1	191.7	19.47	837.4	0
10.525	43	0	0	0	0	209.8	183.8	209.8	183.8	227.1	191.7	19.01	792.4	0
10.525	43	6	0	0	0	209.8	184.1	209.8	184.1	227.1	191.7	18.9	813.1	0
10.525	43	3	0	0	0	209.3	183.4	209.3	183.4	227.1	191.7	19.61	830.1	0
10.525	43	1	0	208.9	173.6	209.6	183.5	209.6	183.5	227.1	191.7	19.3	800.5	0
10.525	43	5	0	0	0	209.6	183.9	209.6	183.9	227.1	191.7	19.17	828.5	0
10.525	43	7	0	228.2	205.3	209.9	184	209.9	184	227.1	191.7	18.87	799	0
10.775	44	2	0	0	0	213.1	185.7	213.1	185.7	228.4	193.8	17.31	832.7	0
10.775	44	4	0	0	0	212.5	185.2	212.5	185.2	228.4	193.8	18.05	855.5	0
10.775	44	0	0	0	0	213.5	185.7	213.5	185.7	228.4	193.8	16.93	809.3	0
10.775	44	6	0	0	0	213	185.2	213	185.2	228.4	193.8	17.65	830.7	0
10.775	44	3	0	0	0	212.7	185.5	212.7	185.5	228.4	193.8	17.73	847.8	0
10.775	44	1	0	233.7	205.7	213.4	185.8	213.4	185.8	228.4	193.8	17.01	817.5	0
10.775	44	5	0	0	0	212.7	185.1	212.7	185.1	228.4	193.8	17.96	846.5	0
10.775	44	7	0	233.8	183.3	213.3	185.5	213.3	185.5	228.4	193.8	17.23	816.3	0
11.025	45	2	0	0	0	212.1	185.9	212.1	185.9	226.1	193.1	15.73	848.4	0
11.025	45	4	0	0	0	212.2	185.7	212.2	185.7	226.1	193.1	15.67	871.2	0
11.025	45	0	0	0	0	212	185.9	212	185.9	226.1	193.1	15.75	825.1	0
11.025	45	6	0	0	0	212.2	185.7	212.2	185.7	226.1	193.1	15.7	846.4	0
11.025	45	3	0	0	0	212.1	185.8	212.1	185.8	226.1	193.1	15.7	863.5	0
11.025	45	1	0	205.4	189	212	185.9	212	185.9	226.1	193.1	15.75	833.3	0
11.025	45	5	0	0	0	212.2	185.7	212.2	185.7	226.1	193.1	15.68	862.2	0
11.025	45	7	0	208.6	186.3	212.1	185.8	212.1	185.8	226.1	193.1	15.73	832	0
11.275	46	2	0	0	0	214.7	188.4	214.7	188.4	223.8	194	10.68	859.1	0
11.275	46	4	0	0	0	214.3	187.8	214.3	187.8	223.8	194	11.38	882.5	0
11.275	46	0	0	0	0	215	188.4	215	188.4	223.8	194	10.45	835.5	0
11.275	46	6	0	0	0	214.5	187.8	214.5	187.8	223.8	194	11.14	857.6	0
11.275	46	3	0	0	0	214.5	188.1	214.5	188.1	223.8	194	11.06	874.5	0
11.275	46	1	0	231.7	210.3	214.9	188.5	214.9	188.5	223.8	194	10.46	843.7	0
11.275	46	5	0	0	0	214.3	187.7	214.3	187.7	223.8	194	11.37	873.5	0
11.275	46	7	0	227.3	190.8	214.8	188.1	214.8	188.1	223.8	194	10.76	842.7	0
11.525	47	2	0	0	0	216.4	188.9	216.4	188.9	221	193.7	6.677	865.8	0
11.525	47	4	0	0	0	216	188.4	216	188.4	221	193.7	7.229	889.8	0
11.525	47	0	0	0	0	216.6	188.6	216.6	188.6	221	193.7	6.755	842.3	0
11.525	47	6	0	0	0	216.2	188.1	216.2	188.1	221	193.7	7.302	864.9	0
11.525	47	3	0	0	0	216.2	188.7	216.2	188.7	221	193.7	6.939	881.5	0
11.525	47	1	0	227	203.3	216.5	188.8	216.5	188.8	221	193.7	6.631	850.4	0
11.525	47	5	0	0	0	216.1	188.2	216.1	188.2	221	193.7	7.352	880.9	0
11.525	47	7	0	225.8	173.7	216.4	188.3	216.4	188.3	221	193.7	7.038	849.8	0
11.775	48	2	0	0	0	216.4	190.9	216.4	190.9	222.4	200.6	11.47	877.3	0
11.775	48	4	0	0	0	216.2	190.4	216.2	190.4	222.4	200.6	11.98	901.7	0
11.775	48	0	0	0	0	216.2	191	216.2	191	222.4	200.6	11.44	853.7	0
11.775	48	6	0	0	0	216	190.6	216	190.6	222.4	200.6	11.94	876.8	0
11.775	48	3	0	0	0	216.3	190.6	216.3	190.6	222.4	200.6	11.73	893.2	0
11.775	48	1	0	222.3	207.1	216.3	191	216.3	191	222.4	200.6	11.38	861.7	0
11.775	48	5	0	0	0	216.1	190.4	216.1	190.4	222.4	200.6	12.04	892.9	0
11.775	48	7	0	206.4	200.1	216.1	190.8	216.1	190.8	222.4	200.6	11.68	861.5	0
12.025	49	2	0	0	0	215	193.4	215	193.4	221.1	199.9	8.884	886.1	0
12.025	49	4	0	0	0	215.3	193	215.3	193	221.1	199.9	8.96	910.7	0
12.025	49	0	0	0	0	215.1	193.8	215.1	193.8	221.1	199.9	8.533	862.3	0
12.025	49	6	0	0	0	215.4	193.5	215.4	193.5	221.1	199.9	8.583	885.4	0
12.025	49	3	0	0	0	215.2	193.1	215.2	193.1	221.1	199.9	8.977	902.2	0
12.025	49	1	0	202.6	205.8	215	193.7	215	193.7	221.1	199.9	8.699	870.4	0
12.025	49	5	0	0	0	215.4	193.2	215.4	193.2	221.1	199.9	8.781	901.7	0
12.025	49	7	0	218.2	215.7	215.2	193.7	215.2	193.7	221.1	199.9	8.499	870	0
12.275	50	2	0	0	0	216.8	194.3	216.8	194.3	220.1	200.4	6.94	893.1	0
12.275	50	4	0	0	0	216.2	194.2	216.2	194.2	220.1	200.4	7.272	918	0
12.275	50	0	0	0	0	216.5	194.6	216.5	194.6	220.1	200.4	6.817	869.1	0
12.275	50	6	0	0	0	216	194.5	216	194.5	220.1	200.4	7.165	892.6	0
12.275	50	3	0	0	0	216.6	194.2	216.6	194.2	220.1	200.4	7.12	909.3	0
12.275	50	1	0	239	194.9	216.8	194.4	216.8	194.4	220.1	200.4	6.826	877.3	0
12.275	50	5	0	0	0	216	194.4	216	194.4	220.1	200.4	7.272	909	0
12.275	50	7	0	202.2	208	216.2	194.6	216.2	194.6	220.1	200.4	6.97	876.9	0
12.525	51	2	0	0	0	216.5	196.3	216.5	196.3	217.1	207.3	11.02	904.1	0
12.525	51	4	0	0	0	216.2	196	216.2	196	217.1	207.3	11.26	929.2	0
12.525	51	0	0	0	0	216.2	196.6	216.2	196.6	217.1	207.3	10.69	879.8	0
12.525	51	6	0	0	0	215.9	196.4	215.9	196.4	217.1	207.3	10.93	903.5	0
12.525	51	3	0	0	0	216.4	196.1	216.4	196.1	217.1	207.3	11.19	920.5	0
12.525	51	1	0	225	204.4	216.4	196.5	216.4	196.5	217.1	207.3	10.81	888.1	0
12.525	51	5	0	0	0	216	196.2	216	196.2	217.1	207.3	11.13	920.1	0
12.525	51	7	0	201.7	213.4	216	196.6	216	196.6	217.1	207.3	10.75	887.7	0
12.775	52	2	0	0	0	217.4	198.7	217.4	198.7	222.5	213.3	15.45	919.6	0
12.775	52	4	0	0	0	216.7	198.2	216.7	198.2	222.5	213.3	16.17	945.4	0
12.775	52	0	0	0	0	216.9	198.8	216.9	198.8	222.5	213.3	15.51	895.3	0
12.775	52	6	0	0	0	216.3	198.3	216.3	198.3	222.5	213.3	16.22	919.7	0
12.775	52	3	0	0	0	217.1	198.4	217.1	198.4	222.5	213.3	15.8	936.3	0
12.775	52	1	0	238.7	217.8	217.2	198.8	217.2	198.8	222.5	213.3	15.37	903.4	0
12.775	52	5	0	0	0	216.4	198.1	216.4	198.1	222.5	213.3	16.31	936.4	0
12.775	52	7	0	195	203.1	216.5	198.6	216.5	198.6	222.5	213.3	15.87	903.5	0
13.025	53	2	0	0	0	217.3	201.8	217.3	201.8	225.6	219.8	19.81	939.4	0
13.025	53	4	0	0	0	217	201	217	201	225.6	219.8	20.68	966.1	0
13.025	53	0	0	0	0	217.1	201.9	217.1	201.9	225.6	219.8	19.85	915.1	0
13.025	53	6	0	0	0	216.8	201.1	216.8	201.1	225.6	219.8	20.71	940.4	0
13.025	53	3	0	0	0	217.2	201.4	217.2	201.4	225.6	219.8	20.23	956.5	0
13.025	53	1	0	226.4	230.3	217.2	202	217.2	202	225.6	219.8	19.7	923.1	0
13.025	53	5	0	0	0	216.8	200.9	216.8	200.9	225.6	219.8	20.84	957.2	0
13.025	53	7	0	207	204.8	216.9	201.5	216.9	201.5	225.6	219.8	20.29	923.8	0
13.275	54	2	0	0	0	217	205.2	217	205.2	227.5	224.3	21.72	961.1	0
13.275	54	4	0	0	0	216.9	204.5	216.9	204.5	227.5	224.3	22.4	988.5	0
13.275	54	0	0	0	0	216.9	205.6	216.9	205.6	227.5	224.3	21.45	936.6	0
13.275	54	6	0	0	0	216.8	204.9	216.8	204.9	227.5	224.3	22.1	962.5	0
13.275	54	3	0	0	0	217	204.8	217	204.8	227.5	224.3	22.1	978.6	0
13.275	54	1	0	219.9	228.5	217	205.5	217	205.5	227.5	224.3	21.49	944.6	0
13.275	54	5	0	0	0	216.9	204.6	216.9	204.6	227.5	224.3	22.36	979.6	0
13.275	54	7	0	211.2	225.2	216.8	205.3	216.8	205.3	227.5	224.3	21.73	945.6	0
13.525	55	2	0	0	0	217.1	209.8	217.1	209.8	227.8	228.8	21.78	982.9	0
13.525	55	4	0	0	0	217.4	208.9	217.4	208.9	227.8	228.8	22.43	1011	0
13.525	55	0	0	0	0	217.5	210.3	217.5	210.3	227.8	228.8	21.15	957.7	0
13.525	55	6	0	0	0	217.8	209.4	217.8	209.4	227.8	228.8	21.78	984.3	0
13.525	55	3	0	0	0	217.2	209.3	217.2	209.3	227.8	228.8	22.2	1001	0
13.525	55	1	0	207.1	240	217.3	210.2	217.3	210.2	227.8	228.8	21.37	966	0
13.525	55	5	0	0	0	217.6	209	217.6	209	227.8	228.8	22.2	1002	0
13.525	55	7	0	239.6	233.5	217.7	209.9	217.7	209.9	227.8	228.8	21.36	966.9	0
13.775	56	2	0	0	0	223.4	214.1	223.4	214.1	232.1	232.9	20.71	1004	0
13.775	56	4	0	0	0	223.3	213.8	223.3	213.8	232.1	232.9	21.03	1032	0
13.775	56	0	0	0	0	223.6	214.3	223.6	214.3	232.1	232.9	20.43	978.2	0
13.775	56	6	0	0	0	223.5	214	223.5	214	232.1	232.9	20.74	1005	0
13.775	56	3	0	230.6	209.4	223.3	213.9	223.3	213.9	232.1	232.9	20.92	1022	0
13.775	56	1	0	247.2	242.6	223.5	214.2	223.5	214.2	232.1	232.9	20.52	986.5	0
13.775	56	5	0	240.3	233.1	223.4	213.9	223.4	213.9	232.1	232.9	20.93	1023	0
13.775	56	7	0	243.5	219.2	223.6	214.2	223.6	214.2	232.1	232.9	20.54	987.5	0
14.025	57	2	0	0	0	222.9	218.4	222.9	218.4	229.4	237	19.63	1023	0
14.025	57	4	0	0	0	223.2	218.3	223.2	218.3	229.4	237	19.65	1052	0
14.025	57	0	0	0	0	223	218.7	223	218.7	229.4	237	19.4	997.6	0
14.025	57	6	0	0	0	223.2	218.6	223.2	218.6	229.4	237	19.42	1024	0
14.025	57	3	0	0	0	223.1	218.3	223.1	218.3	229.4	237	19.68	1041	0
14.025	57	1	0	215.5	239.1	222.9	218.6	222.9	218.6	229.4	237	19.51	1006	0
14.025	57	5	0	226.5	235.7	223.3	218.4	223.3	218.4	229.4	237	19.54	1042	0
14.025	57	7	0	223.7	230.9	223.1	218.7	223.1	218.7	229.4	237	19.37	1007	0
14.275	58	2	0	0	0	223.4	222.9	223.4	222.9	229.2	239.4	17.51	1041	0
14.275	58	4	0	0	0	222.8	223.4	222.8	223.4	229.2	239.4	17.26	1069	0
14.275	58	0	0	0	0	223.5	223.2	223.5	223.2	229.2	239.4	17.22	1015	0
14.275	58	6	0	0	0	222.9	223.7	222.9	223.7	229.2	239.4	16.98	1041	0
14.275	58	3	0	0	0	223.1	223.1	223.1	223.1	229.2	239.4	17.43	1059	0
14.275	58	1	0	233.4	233.5	223.5	223	223.5	223	229.2	239.4	17.41	1023	0
14.275	58	5	0	210.4	253	222.8	223.6	222.8	223.6	229.2	239.4	17.08	1059	0
14.275	58	7	0	227.5	237.6	223.2	223.5	223.2	223.5	229.2	239.4	17.06	1024	0
14.525	59	2	0	0	0	221.5	227.2	221.5	227.2	228.1	240.1	14.48	1055	0
14.525	59	4	0	0	0	221.1	227.6	221.1	227.6	228.1	240.1	14.34	1083	0
14.525	59	0	0	0	0	221.3	227.6	221.3	227.6	228.1	240.1	14.21	1029	0
14.525	59	6	0	0	0	221	228	221	228	228.1	240.1	14.09	1056	0
14.525	59	3	0	0	0	221.3	227.4	221.3	227.4	228.1	240.1	14.45	1073	0
14.525	59	1	0	220.9	236.7	221.5	227.4	221.5	227.4	228.1	240.1	14.36	1038	0
14.525	59	5	0	206.9	249.8	221	227.9	221	227.9	228.1	240.1	14.2	1074	0
14.525	59	7	0	213.5	247.1	221.1	227.9	221.1	227.9	228.1	240.1	14.11	1038	0
14.775	60	2	0	0	0	223	232	223	232	226.1	243.5	11.87	1067	0
14.775	60	4	0	0	0	223.9	231.9	223.9	231.9	226.1	243.5	11.85	1095	0
14.775	60	0	0	0	0	222.8	232.2	222.8	232.2	226.1	243.5	11.8	1041	0
14.775	60	6	0	0	0	223.7	232	223.7	232	226.1	243.5	11.76	1067	0
14.775	60	3	0	0	0	223.5	231.9	223.5	231.9	226.1	243.5	11.86	1085	0
14.775	60	1	0	220.5	256.9	222.8	232.1	222.8	232.1	226.1	243.5	11.84	1050	0
14.775	60	5	0	256.2	248.8	223.9	231.9	223.9	231.9	226.1	243.5	11.8	1085	0
14.775	60	7	0	212.8	238	223.2	232.1	223.2	232.1	226.1	243.5	11.76	1050	0
15.025	61	2	0	0	0	224.4	235.6	224.4	235.6	226.7	245.7	10.35	1077	0
15.025	61	4	0	0	0	224.5	235.6	224.5	235.6	226.7	245.7	10.35	1105	0
15.025	61	0	0	0	0	224.6	235.7	224.6	235.7	226.7	245.7	10.27	1051	0
15.025	61	6	0	0	0	224.7	235.7	224.7	235.7	226.7	245.7	10.27	1078	0
15.025	61	3	0	0	0	224.4	235.6	224.4	235.6	226.7	245.7	10.37	1096	0
15.025	61	1	0	226.7	253.8	224.5	235.6	224.5	235.6	226.7	245.7	10.31	1060	0
15.025	61	5	0	226.8	253.7	224.6	235.6	224.6	235.6	226.7	245.7	10.31	1096	0
15.025	61	7	0	235.6	238.2	224.7	235.7	224.7	235.7	226.7	245.7	10.25	1060	0
15.275	62	2	0	0	0	223.4	237.4	223.4	237.4	226.2	245.5	8.65	1086	0
15.275	62	4	0	0	0	223.5	237.3	223.5	237.3	226.2	245.5	8.618	1114	0
15.275	62	0	0	0	0	223.5	237.3	223.5	237.3	226.2	245.5	8.606	1060	0
15.275	62	6	0	0	0	223.7	237.3	223.7	237.3	226.2	245.5	8.578	1086	0
15.275	62	3	0	0	0	223.4	237.3	223.4	237.3	226.2	245.5	8.641	1104	0
15.275	62	1	0	212.1	246.9	223.4	237.4	223.4	237.4	226.2	245.5	8.632	1069	0
15.275	62	5	0	218.4	246.1	223.6	237.3	223.6	237.3	226.2	245.5	8.593	1104	0
15.275	62	7	0	232.1	236.6	223.7	237.3	223.7	237.3	226.2	245.5	8.586	1069	0
15.525	63	2	0	0	0	224.3	239.5	224.3	239.5	223.6	251.6	12.09	1098	0
15.525	63	4	0	0	0	224.5	240	224.5	240	223.6	251.6	11.63	1126	0
15.525	63	0	0	0	0	224.3	239.7	224.3	239.7	223.6	251.6	11.93	1072	0
15.525	63	6	0	0	0	224.5	240.2	224.5	240.2	223.6	251.6	11.48	1098	0
15.525	63	3	0	0	0	224.4	239.7	224.4	239.7	223.6	251.6	11.88	1116	0
15.525	63	1	0	224.7	240.3	224.3	239.5	224.3	239.5	223.6	251.6	12.08	1081	0
15.525	63	5	0	232.5	259.4	224.5	240.2	224.5	240.2	223.6	251.6	11.49	1116	0
15.525	63	7	0	225.3	248.6	224.4	239.9	224.4	239.9	223.6	251.6	11.68	1080	0
15.775	64	2	0	0	0	222.3	240.9	222.3	240.9	222.7	251.5	10.67	1109	0
15.775	64	4	0	0	0	222.3	240.9	222.3	240.9	222.7	251.5	10.63	1136	0
15.775	64	0	0	0	0	222.1	240.9	222.1	240.9	222.7	251.5	10.59	1082	0
15.775	64	6	0	0	0	222.2	241	222.2	241	222.7	251.5	10.55	1108	0
15.775	64	3	0	0	0	222.3	240.9	222.3	240.9	222.7	251.5	10.66	1127	0
15.775	64	1	0	214.1	245.2	222.2	240.9	222.2	240.9	222.7	251.5	10.63	1091	0
15.775	64	5	0	214	245.2	222.2	241	222.2	241	222.7	251.5	10.58	1126	0
15.775	64	7	0	213.2	244.9	222.1	241	222.1	241	222.7	251.5	10.56	1091	0
16.025	65	2	0	0	0	224	243.1	224	243.1	223.2	251.2	8.072	1117	0
16.025	65	4	0	0	0	223.9	243.3	223.9	243.3	223.2	251.2	7.92	1144	0
16.025	65	0	0	0	0	224	243.4	224	243.4	223.2	251.2	7.808	1090	0
16.025	65	6	0	0	0	223.9	243.5	223.9	243.5	223.2	251.2	7.658	1116	0
16.025	65	3	0	0	0	223.9	243.2	223.9	243.2	223.2	251.2	8.038	1135	0
16.025	65	1	0	234.3	247.9	224	243.2	224	243.2	223.2	251.2	7.962	1099	0
16.025	65	5	0	229.4	253.5	223.9	243.4	223.9	243.4	223.2	251.2	7.765	1134	0
16.025	65	7	0	226.8	257.8	224	243.5	224	243.5	223.2	251.2	7.693	1099	0
16.275	66	2	0	0	0	224.4	246	224.4	246	225.1	248.3	2.434	1119	0
16.275	66	4	0	0	0	223.9	246.2	223.9	246.2	225.1	248.3	2.411	1147	0
16.275	66	0	0	0	0	224.7	246.4	224.7	246.4	225.1	248.3	1.991	1092	0
16.275	66	6	0	0	0	224.3	246.6	224.3	246.6	225.1	248.3	1.936	1118	0
16.275	66	3	0	0	0	224.1	246.1	224.1	246.1	225.1	248.3	2.485	1137	0
16.275	66	1	0	228.7	250.8	224.6	246.2	224.6	246.2	225.1	248.3	2.224	1101	0
16.275	66	5	0	211.8	258.9	224	246.4	224	246.4	225.1	248.3	2.174	1136	0
16.275	66	7	0	241	265.8	224.5	246.5	224.5	246.5	225.1	248.3	1.88	1100	0
16.525	67	2	0	0	0	227.7	246.7	227.7	246.7	225.8	246.7	1.882	1121	0
16.525	67	4	0	0	0	227.6	246.7	227.6	246.7	225.8	246.7	1.729	1148	0
16.525	67	0	0	0	0	228.1	246.8	228.1	246.8	225.8	246.7	2.278	1094	0
16.525	67	6	0	0	0	228	246.8	228	246.8	225.8	246.7	2.129	1120	0
16.525	67	3	0	0	0	227.6	246.7	227.6	246.7	225.8	246.7	1.742	1139	0
16.525	67	1	0	241.2	248	227.9	246.7	227.9	246.7	225.8	246.7	2.105	1104	0
16.525	67	5	0	236.5	247.4	227.7	246.7	227.7	246.7	225.8	246.7	1.906	1138	0
16.525	67	7	0	248.5	250.5	228.1	246.8	228.1	246.8	225.8	246.7	2.265	1103	0
16.775	68	2	0	0	0	227.9	247.6	227.9	247.6	229.5	252.1	4.831	1126	0
16.775	68	4	0	0	0	227.4	247	227.4	247	229.5	252.1	5.534	1154	0
16.775	68	0	0	0	0	228	247.5	228	247.5	229.5	252.1	4.848	1099	0
16.775	68	6	0	0	0	227.4	247	227.4	247	229.5	252.1	5.535	1125	0
16.775	68	3	0	0	0	227.6	247.3	227.6	247.3	229.5	252.1	5.179	1144	0
16.775	68	1	0	236.6	262.1	228	247.6	228	247.6	229.5	252.1	4.733	1108	0
16.775	68	5	0	216.1	239.6	227.3	246.9	227.3	246.9	229.5	252.1	5.644	1144	0
16.775	68	7	0	229.1	245.2	227.7	247.3	227.7	247.3	229.5	252.1	5.191	1108	0
17.025	69	2	0	0	0	227.3	249.8	227.3	249.8	231	253	4.886	1131	0
17.025	69	4	0	0	0	227.3	248.9	227.3	248.9	231	253	5.548	1159	0
17.025	69	0	0	0	0	227.5	249.7	227.5	249.7	231	253	4.767	1104	0
17.025	69	6	0	0	0	227.5	248.8	227.5	248.8	231	253	5.464	1131	0
17.025	69	3	0	225.3	264	227.2	249.4	227.2	249.4	231	253	5.224	1149	0
17.025	69	1	0	222.7	265.8	227.4	249.9	227.4	249.9	231	253	4.727	1113	0
17.025	69	5	0	223.1	227.4	227.4	248.7	227.4	248.7	231	253	5.617	1149	0
17.025	69	7	0	238.8	264.5	227.6	249.2	227.6	249.2	231	253	5.091	1113	0
17.275	70	2	0	0	0	226.5	251.5	226.5	251.5	232.3	259.9	10.21	1141	0
17.275	70	4	0	0	0	226.7	251.6	226.7	251.6	232.3	259.9	9.956	1169	0
17.275	70	0	0	0	0	226.3	251.1	226.3	251.1	232.3	259.9	10.63	1115	0
17.275	70	6	0	0	0	226.5	251.3	226.5	251.3	232.3	259.9	10.38	1141	0
17.275	70	3	0	237.9	262.4	226.6	251.6	226.6	251.6	232.3	259.9	10.02	1159	0
17.275	70	1	0	211	252.8	226.4	251.3	226.4	251.3	232.3	259.9	10.46	1124	0
17.275	70	5	0	219.4	263.7	226.6	251.5	226.6	251.5	232.3	259.9	10.13	1160	0
17.275	70	7	0	228.3	246.2	226.4	251.1	226.4	251.1	232.3	259.9	10.57	1124	0
17.525	71	2	0	0	0	228.6	254.4	228.6	254.4	232.3	258.1	5.319	1146	0
17.525	71	4	0	0	0	227.9	254.5	227.9	254.5	232.3	258.1	5.746	1175	0
17.525	71	0	0	0	0	228.8	254.2	228.8	254.2	232.3	258.1	5.273	1120	0
17.525	71	6	0	0	0	228.1	254.3	228.1	254.3	232.3	258.1	5.672	1147	0
17.525	71	3	0	217.9	263.6	228.2	254.5	228.2	254.5	232.3	258.1	5.536	1165	0
17.525	71	1	0	258.9	260.4	228.8	254.2	228.8	254.2	232.3	258.1	5.235	1129	0
17.525	71	5	0	227	266.1	227.9	254.4	227.9	254.4	232.3	258.1	5.777	1165	0
17.525	71	7	0	229.8	259.1	228.5	254.2	228.5	254.2	232.3	258.1	5.456	1129	0
17.775	72	2	0	0	0	228	255.3	228	255.3	232.6	256.5	4.701	1151	0
17.775	72	4	0	0	0	227.5	255.1	227.5	255.1	232.6	256.5	5.282	1180	0
17.775	72	0	0	0	0	228.3	255.2	228.3	255.2	232.6	256.5	4.504	1124	0
17.775	72	6	0	0	0	227.7	254.9	227.7	254.9	232.6	256.5	5.092	1152	0
17.775	72	3	0	219.9	254.4	227.7	255.2	227.7	255.2	232.6	256.5	5.022	1170	0
17.775	72	1	0	239.8	267.6	228.2	255.3	228.2	255.3	232.6	256.5	4.511	1133	0
17.775	72	5	0	218.6	256.4	227.5	255	227.5	255	232.6	256.5	5.278	1171	0
17.775	72	7	0	229.4	248.4	228	255.1	228	255.1	232.6	256.5	4.768	1134	0
18.025	73	2	0	0	0	229.6	254.7	229.6	254.7	233.3	254.5	3.641	1155	0
18.025	73	4	0	0	0	229.5	254.7	229.5	254.7	233.3	254.5	3.832	1184	0
18.025	73	0	0	0	0	229.8	254.7	229.8	254.7	233.3	254.5	3.455	1128	0
18.025	73	6	0	0	0	229.6	254.7	229.6	254.7	233.3	254.5	3.648	1156	0
18.025	73	3	0	223.5	255.2	229.5	254.7	229.5	254.7	233.3	254.5	3.765	1174	0
18.025	73	1	0	244.9	251.3	229.8	254.7	229.8	254.7	233.3	254.5	3.518	1137	0
18.025	73	5	0	238.4	253.6	229.5	254.7	229.5	254.7	233.3	254.5	3.77	1174	0
18.025	73	7	0	231	254.5	229.8	254.7	229.8	254.7	233.3	254.5	3.523	1137	0
18.275	74	2	0	0	0	230.8	255.8	230.8	255.8	234	255.2	3.251	1158	0
18.275	74	4	0	0	0	230.9	255.7	230.9	255.7	234	255.2	3.163	1187	0
18.275	74	0	0	0	0	230.5	256	230.5	256	234	255.2	3.598	1131	0
18.275	74	6	0	0	0	230.5	256	230.5	256	234	255.2	3.51	1159	0
18.275	74	3	0	247.4	254.4	230.9	255.7	230.9	255.7	234	255.2	3.153	1177	0
18.275	74	1	0	223.2	258.7	230.6	255.9	230.6	255.9	234	255.2	3.437	1140	0
18.275	74	5	0	227.7	258.1	230.7	255.9	230.7	255.9	234	255.2	3.321	1178	0
18.275	74	7	0	235.3	267.4	230.5	256	230.5	256	234	255.2	3.608	1141	0
18.525	75	2	0	0	0	236	258.3	236	258.3	234.2	259.7	2.265	1160	0
18.525	75	4	0	0	0	236	258.1	236	258.1	234.2	259.7	2.472	1190	0
18.525	75	0	0	0	0	235.5	258.1	235.5	258.1	234.2	259.7	2.057	1133	0
18.525	75	6	0	0	0	235.5	257.8	235.5	257.8	234.2	259.7	2.298	1161	0
18.525	75	3	0	258.6	272	236.1	258.2	236.1	258.2	234.2	259.7	2.407	1179	0
18.525	75	1	0	247.7	266.2	235.7	258.2	235.7	258.2	234.2	259.7	2.112	1142	0
18.525	75	5	0	249.9	254.8	235.8	257.9	235.8	257.9	234.2	259.7	2.407	1180	0
18.525	75	7	0	240.1	263.1	235.4	257.9	235.4	257.9	234.2	259.7	2.158	1143	0
18.775	76	2	0	0	0	234.2	259.2	234.2	259.2	231.3	257.1	3.605	1164	0
18.775	76	4	0	0	0	234.3	258.7	234.3	258.7	231.3	257.1	3.448	1193	0
18.775	76	0	0	0	0	234.1	258.9	234.1	258.9	231.3	257.1	3.363	1137	0
18.775	76	6	0	0	0	234.2	258.4	234.2	258.4	231.3	257.1	3.23	1165	0
18.775	76	3	0	228.6	260.2	234.3	259	234.3	259	231.3	257.1	3.556	1183	0
18.775	76	1	0	231.7	276.3	234.2	259.1	234.2	259.1	231.3	257.1	3.511	1146	0
18.775	76	5	0	235.3	257.3	234.3	258.5	234.3	258.5	231.3	257.1	3.321	1183	0
18.775	76	7	0	222.3	245.1	234.2	258.6	234.2	258.6	231.3	257.1	3.253	1146	0
19.025	77	2	0	0	0	233.1	256.2	233.1	256.2	235.2	259.7	4.05	1168	0
19.025	77	4	0	0	0	233	256	233	256	235.2	259.7	4.224	1198	0
19.025	77	0	0	0	0	233.1	256.3	233.1	256.3	235.2	259.7	3.907	1141	0
19.025	77	6	0	0	0	233	256.2	233	256.2	235.2	259.7	4.081	1169	0
19.025	77	3	0	239.2	249.7	233.1	256.1	233.1	256.1	235.2	259.7	4.159	1187	0
19.025	77	1	0	222.2	248	233.1	256.3	233.1	256.3	235.2	259.7	3.952	1150	0
19.025	77	5	0	219.5	242.1	233	256.1	233	256.1	235.2	259.7	4.18	1188	0
19.025	77	7	0	241.1	258.3	233.1	256.3	233.1	256.3	235.2	259.7	3.971	1150	0
19.275	78	2	0	0	0	233.8	255.7	233.8	255.7	233.9	258.6	2.892	1171	0
19.275	78	4	0	0	0	234	256.3	234	256.3	233.9	258.6	2.222	1200	0
19.275	78	0	0	0	0	234	255.8	234	255.8	233.9	258.6	2.783	1143	0
19.275	78	6	0	0	0	234.1	256.5	234.1	256.5	233.9	258.6	2.121	1171	0
19.275	78	3	0	227	247.2	233.9	256	233.9	256	233.9	258.6	2.574	1190	0
19.275	78	1	0	238.5	247.5	233.9	255.6	233.9	255.6	233.9	258.6	2.941	1153	0
19.275	78	5	0	245.8	277.6	234.1	256.5	234.1	256.5	233.9	258.6	2.067	1190	0
19.275	78	7	0	234.6	249.4	234.1	256.1	234.1	256.1	233.9	258.6	2.434	1153	0
19.525	79	2	0	0	0	235.7	257.4	235.7	257.4	236.6	262.5	5.173	1176	0
19.525	79	4	0	0	0	235.6	257.2	235.6	257.2	236.6	262.5	5.323	1205	0
19.525	79	0	0	0	0	235.4	257.3	235.4	257.3	236.6	262.5	5.336	1149	0
19.525	79	6	0	0	0	235.3	257.1	235.3	257.1	236.6	262.5	5.489	1176	0
19.525	79	3	0	251.5	274.2	235.7	257.3	235.7	257.3	236.6	262.5	5.223	1195	0
19.525	79	1	0	235.3	252.4	235.5	257.3	235.5	257.3	236.6	262.5	5.23	1158	0
19.525	79	5	0	231.3	244.1	235.4	257.2	235.4	257.2	236.6	262.5	5.428	1195	0
19.525	79	7	0	240.4	274.5	235.3	257.2	235.3	257.2	236.6	262.5	5.438	1158	0
19.775	80	2	0	0	0	236.6	262	236.6	262	240.9	268.3	7.625	1184	0
19.775	80	4	0	0	0	236.9	262.1	236.9	262.1	240.9	268.3	7.328	1212	0
19.775	80	0	0	0	0	236.4	261.7	236.4	261.7	240.9	268.3	7.997	1157	0
19.775	80	6	0	0	0	236.7	261.8	236.7	261.8	240.9	268.3	7.698	1184	0
19.775	80	3	0	250	283.9	236.8	262.1	236.8	262.1	240.9	268.3	7.418	1202	0
19.775	80	1	0	226.8	265.4	236.5	261.8	236.5	261.8	240.9	268.3	7.857	1166	0
19.775	80	5	0	238.8	273.7	236.8	262	236.8	262	240.9	268.3	7.467	1203	0
19.775	80	7	0	244.2	276	236.5	261.7	236.5	261.7	240.9	268.3	7.905	1166	0
20.025	81	2	0	0	0	237.9	264.2	237.9	264.2	239.4	268.2	4.293	1188	0
20.025	81	4	0	0	0	237.4	264.2	237.4	264.2	239.4	268.2	4.513	1217	0
20.025	81	0	0	0	0	237.8	264	237.8	264	239.4	268.2	4.476	1161	0
20.025	81	6	0	0	0	237.2	264	237.2	264	239.4	268.2	4.704	1189	0
20.025	81	3	0	240.8	278.1	237.7	264.2	237.7	264.2	239.4	268.2	4.367	1207	0
20.025	81	1	0	253.6	264	237.9	264.1	237.9	264.1	239.4	268.2	4.355	1170	0
20.025	81	5	0	229.1	263.2	237.2	264.1	237.2	264.1	239.4	268.2	4.648	1207	0
20.025	81	7	0	235.7	276.8	237.5	264	237.5	264	239.4	268.2	4.612	1171	0
20.275	82	2	0	0	0	240.3	264.6	240.3	264.6	244.4	266.3	4.515	1192	0
20.275	82	4	0	0	0	240.5	264.7	240.5	264.7	244.4	266.3	4.299	1221	0
20.275	82	0	0	0	0	240.4	264.7	240.4	264.7	244.4	266.3	4.341	1166	0
20.275	82	6	0	0	0	240.6	264.8	240.6	264.8	244.4	266.3	4.124	1193	0
20.275	82	3	0	239.8	257.7	240.3	264.6	240.3	264.6	244.4	266.3	4.434	1211	0
20.275	82	1	0	248	269.1	240.3	264.6	240.3	264.6	244.4	266.3	4.461	1175	0
20.275	82	5	0	258	274.3	240.6	264.8	240.6	264.8	244.4	266.3	4.177	1211	0
20.275	82	7	0	248	264.5	240.5	264.8	240.5	264.8	244.4	266.3	4.206	1175	0
20.525	83	2	0	0	0	240.7	265.2	240.7	265.2	243.3	270	5.564	1198	0
20.525	83	4	0	0	0	241.1	265.5	241.1	265.5	243.3	270	5.078	1226	0
20.525	83	0	0	0	0	240.9	265.3	240.9	265.3	243.3	270	5.348	1171	0
20.525	83	6	0	0	0	241.3	265.6	241.3	265.6	243.3	270	4.867	1198	0
20.525	83	3	0	233.6	267.7	240.8	265.3	240.8	265.3	243.3	270	5.354	1216	0
20.525	83	1	0	237.1	257.4	240.7	265.2	240.7	265.2	243.3	270	5.532	1180	0
20.525	83	5	0	255.5	271.3	241.3	265.6	241.3	265.6	243.3	270	4.898	1216	0
20.525	83	7	0	245.5	274.4	241.2	265.4	241.2	265.4	243.3	270	5.073	1180	0
20.775	84	2	0	0	0	240.5	269.1	240.5	269.1	247.6	270.8	7.304	1205	0
20.775	84	4	0	0	0	240.9	269.2	240.9	269.2	247.6	270.8	6.941	1233	0
20.775	84	0	0	0	0	240.7	268.6	240.7	268.6	247.6	270.8	7.323	1178	0
20.775	84	6	0	0	0	241	268.7	241	268.7	247.6	270.8	6.957	1205	0
20.775	84	3	0	238.1	295.8	240.7	269.2	240.7	269.2	247.6	270.8	7.123	1223	0
20.775	84	1	0	233.1	269	240.5	268.8	240.5	268.8	247.6	270.8	7.365	1188	0
20.775	84	5	0	247	272.4	241	268.9	241	268.9	247.6	270.8	6.886	1223	0
20.775	84	7	0	243.6	275.1	240.9	268.5	240.9	268.5	247.6	270.8	7.146	1187	0
21.025	85	2	0	0	0	244.1	272.3	244.1	272.3	251.8	275.1	8.243	1214	0
21.025	85	4	0	0	0	244.1	272.7	244.1	272.7	251.8	275.1	8.114	1241	0
21.025	85	0	0	0	0	243.2	271.9	243.2	271.9	251.8	275.1	9.188	1187	0
21.025	85	6	0	0	0	243.2	272.3	243.2	272.3	251.8	275.1	9.054	1214	0
21.025	85	3	0	270.5	291.2	244.2	272.6	244.2	272.6	251.8	275.1	8.03	1232	0
21.025	85	1	0	250.1	268.9	243.7	272	243.7	272	251.8	275.1	8.736	1196	0
21.025	85	5	0	248.6	287	243.7	272.6	243.7	272.6	251.8	275.1	8.563	1232	0
21.025	85	7	0	230.5	278.2	243.1	272	243.1	272	251.8	275.1	9.267	1196	0
21.275	86	2	0	0	0	245.7	270.2	245.7	270.2	254.3	272.7	8.977	1223	0
21.275	86	4	0	0	0	245.2	270.1	245.2	270.1	254.3	272.7	9.42	1251	0
21.275	86	0	0	0	0	245.4	270.4	245.4	270.4	254.3	272.7	9.204	1197	0
21.275	86	6	0	0	0	245	270.2	245	270.2	254.3	272.7	9.649	1223	0
21.275	86	3	0	252.5	256.1	245.5	270.1	245.5	270.1	254.3	272.7	9.164	1241	0
21.275	86	1	0	260.1	273.8	245.6	270.3	245.6	270.3	254.3	272.7	9.02	1205	0
21.275	86	5	0	241.7	265.4	245	270.1	245	270.1	254.3	272.7	9.603	1241	0
21.275	86	7	0	242.8	262.6	245.1	270.3	245.1	270.3	254.3	272.7	9.463	1206	0
21.525	87	2	0	0	0	248.6	271.2	248.6	271.2	255.3	273.1	6.98	1230	0
21.525	87	4	0	0	0	249	271.6	249	271.6	255.3	273.1	6.499	1257	0
21.525	87	0	0	0	0	249.2	271	249.2	271	255.3	273.1	6.444	1203	0
21.525	87	6	0	0	0	249.6	271.4	249.6	271.4	255.3	273.1	5.944	1229	0
21.525	87	3	0	238.9	281.5	248.7	271.4	248.7	271.4	255.3	273.1	6.824	1248	0
21.525	87	1	0	255.9	262.2	248.8	271	248.8	271	255.3	273.1	6.787	1212	0
21.525	87	5	0	274.7	280.4	249.3	271.6	249.3	271.6	255.3	273.1	6.144	1247	0
21.525	87	7	0	273.9	271.8	249.5	271.1	249.5	271.1	255.3	273.1	6.11	1212	0
21.775	88	2	0	0	0	251.3	269.1	251.3	269.1	259	271.5	8.119	1238	0
21.775	88	4	0	0	0	251.2	269.1	251.2	269.1	259	271.5	8.154	1265	0
21.775	88	0	0	0	0	251.3	269.2	251.3	269.2	259	271.5	8.047	1211	0
21.775	88	6	0	0	0	251.3	269.2	251.3	269.2	259	271.5	8.082	1237	0
21.775	88	3	0	260.8	258.8	251.3	269.1	251.3	269.1	259	271.5	8.147	1256	0
21.775	88	1	0	254.4	266.7	251.3	269.1	251.3	269.1	259	271.5	8.077	1220	0
21.775	88	5	0	251.6	264.9	251.3	269.1	251.3	269.1	259	271.5	8.124	1256	0
21.775	88	7	0	264.4	262.2	251.3	269.2	251.3	269.2	259	271.5	8.053	1220	0
22.025	89	2	0	0	0	256.4	274.2	256.4	274.2	266	273.8	9.551	1247	0
22.025	89	4	0	0	0	255.8	274.3	255.8	274.3	266	273.8	10.21	1276	0
22.025	89	0	0	0	0	255.8	273.6	255.8	273.6	266	273.8	10.14	1221	0
22.025	89	6	0	0	0	255.2	273.7	255.2	273.7	266	273.8	10.79	1248	0
22.025	89	3	0	284.8	294.4	256.2	274.3	256.2	274.3	266	273.8	9.79	1265	0
22.025	89	1	0	276.2	288.2	256.2	273.9	256.2	273.9	266	273.8	9.737	1230	0
22.025	89	5	0	247.5	291.7	255.4	274	255.4	274	266	273.8	10.6	1266	0
22.025	89	7	0	261.8	269.6	255.4	273.6	255.4	273.6	266	273.8	10.56	1231	0
22.275	90	2	0	0	0	256.9	272.9	256.9	272.9	265.8	274.6	9.094	1256	0
22.275	90	4	0	0	0	257.3	272.8	257.3	272.8	265.8	274.6	8.707	1284	0
22.275	90	0	0	0	0	256.6	272.7	256.6	272.7	265.8	274.6	9.455	1231	0
22.275	90	6	0	0	0	257	272.5	257	272.5	265.8	274.6	9.069	1257	0
22.275	90	3	0	271.5	274.2	257.2	272.9	257.2	272.9	265.8	274.6	8.844	1274	0
22.275	90	1	0	243.3	271.3	256.7	272.8	256.7	272.8	265.8	274.6	9.335	1239	0
22.275	90	5	0	264.2	265.5	257.2	272.6	257.2	272.6	265.8	274.6	8.828	1275	0
22.275	90	7	0	261.3	264.2	256.7	272.6	256.7	272.6	265.8	274.6	9.318	1240	0
22.525	91	2	0	0	0	259.2	272.2	259.2	272.2	264.3	272.2	5.109	1261	0
22.525	91	4	0	0	0	259.5	272.5	259.5	272.5	264.3	272.2	4.827	1289	0
22.525	91	0	0	0	0	259.6	272	259.6	272	264.3	272.2	4.758	1236	0
22.525	91	6	0	0	0	259.8	272.2	259.8	272.2	264.3	272.2	4.46	1262	0
22.525	91	3	0	252.8	275.7	259.3	272.4	259.3	272.4	264.3	272.2	5.023	1279	0
22.525	91	1	0	266	266.3	259.3	272.1	259.3	272.1	264.3	272.2	4.978	1244	0
22.525	91	5	0	277.3	277	259.7	272.4	259.7	272.4	264.3	272.2	4.598	1280	0
22.525	91	7	0	273	261.6	259.8	272	259.8	272	264.3	272.2	4.553	1244	0
22.775	92	2	0	0	0	259.8	270.8	259.8	270.8	264.2	271.4	4.433	1266	0
22.775	92	4	0	0	0	260.2	271.2	260.2	271.2	264.2	271.4	3.984	1293	0
22.775	92	0	0	0	0	260.1	271.3	260.1	271.3	264.2	271.4	4.141	1240	0
22.775	92	6	0	0	0	260.5	271.7	260.5	271.7	264.2	271.4	3.738	1266	0
22.775	92	3	0	258.4	264.5	260	270.9	260	270.9	264.2	271.4	4.25	1284	0
22.775	92	1	0	251.7	253.5	259.9	271	259.9	271	264.2	271.4	4.351	1249	0
22.775	92	5	0	269	271.6	260.4	271.5	260.4	271.5	264.2	271.4	3.791	1283	0
22.775	92	7	0	271.2	291.4	260.3	271.6	260.3	271.6	264.2	271.4	3.896	1248	0
23.025	93	2	0	0	0	260.1	271.2	260.1	271.2	263.9	272.2	3.909	1270	0
23.025	93	4	0	0	0	259.6	271	259.6	271	263.9	272.2	4.469	1298	0
23.025	93	0	0	0	0	260.2	271.5	260.2	271.5	263.9	272.2	3.8	1243	0
23.025	93	6	0	0	0	259.6	271.3	259.6	271.3	263.9	272.2	4.36	1270	0
23.025	93	3	0	260.6	265.8	259.9	271	259.9	271	263.9	272.2	4.207	1288	0
23.025	93	1	0	270	275.1	260.2	271.4	260.2	271.4	263.9	272.2	3.764	1252	0
23.025	93	5	0	245.1	265.8	259.5	271.1	259.5	271.1	263.9	272.2	4.499	1288	0
23.025	93	7	0	261.6	281.7	259.9	271.5	259.9	271.5	263.9	272.2	4.066	1252	0
23.275	94	2	0	0	0	261.7	271.4	261.7	271.4	267.6	270.8	5.847	1276	0
23.275	94	4	0	0	0	261.8	271.4	261.8	271.4	267.6	270.8	5.801	1303	0
23.275	94	0	0	0	0	261.4	271.2	261.4	271.2	267.6	270.8	6.202	1250	0
23.275	94	6	0	0	0	261.4	271.3	261.4	271.3	267.6	270.8	6.153	1276	0
23.275	94	3	0	275.2	285.3	261.8	271.4	261.8	271.4	267.6	270.8	5.77	1294	0
23.275	94	1	0	262.1	258.8	261.6	271.3	261.6	271.3	267.6	270.8	6.03	1258	0
23.275	94	5	0	266.3	262.9	261.6	271.4	261.6	271.4	267.6	270.8	5.968	1294	0
23.275	94	7	0	259.1	281	261.3	271.2	261.3	271.2	267.6	270.8	6.233	1259	0
23.525	95	2	0	0	0	264.6	271	264.6	271	273.4	270	8.892	1284	0
23.525	95	4	0	0	0	264.8	270.7	264.8	270.7	273.4	270	8.644	1312	0
23.525	95	0	0	0	0	264	270.6	264	270.6	273.4	270	9.427	1259	0
23.525	95	6	0	0	0	264.3	270.2	264.3	270.2	273.4	270	9.195	1285	0
23.525	95	3	0	286.4	286.9	264.8	270.9	264.8	270.9	273.4	270	8.685	1302	0
23.525	95	1	0	263.3	267.4	264.3	270.9	264.3	270.9	273.4	270	9.194	1268	0
23.525	95	5	0	272.7	251.7	264.6	270.4	264.6	270.4	273.4	270	8.879	1303	0
23.525	95	7	0	263.5	267.3	264.1	270.3	264.1	270.3	273.4	270	9.397	1268	0
23.775	96	2	0	0	0	272.1	269.5	272.1	269.5	280	272.1	8.293	1293	0
23.775	96	4	0	0	0	271.6	269.9	271.6	269.9	280	272.1	8.677	1321	0
23.775	96	0	0	0	0	271.7	269.3	271.7	269.3	280	272.1	8.799	1268	0
23.775	96	6	0	0	0	271.1	269.7	271.1	269.7	280	272.1	9.188	1294	0
23.775	96	3	0	287.5	277.1	271.9	269.8	271.9	269.8	280	272.1	8.405	1311	0
23.775	96	1	0	312.2	251	272	269.3	272	269.3	280	272.1	8.485	1276	0
23.775	96	5	0	289.6	269.5	271.3	269.9	271.3	269.9	280	272.1	8.992	1312	0
23.775	96	7	0	0	0	271.3	269.5	271.3	269.5	280	272.1	9.072	1277	0
24.025	97	2	0	0	0	271.3	270.3	271.3	270.3	280.3	278.2	12.03	1305	0
24.025	97	4	0	0	0	272	270.3	272	270.3	280.3	278.2	11.5	1332	0
24.025	97	0	0	0	0	271.2	270.3	271.2	270.3	280.3	278.2	12.09	1280	0
24.025	97	6	0	0	0	271.9	270.3	271.9	270.3	280.3	278.2	11.53	1306	0
24.025	97	3	0	273.7	268.3	271.7	270.3	271.7	270.3	280.3	278.2	11.75	1322	0
24.025	97	1	0	254.6	274.9	271.1	270.3	271.1	270.3	280.3	278.2	12.14	1288	0
24.025	97	5	0	285.9	274.8	272.1	270.3	272.1	270.3	280.3	278.2	11.43	1323	0
24.025	97	7	0	0	0	271.5	270.3	271.5	270.3	280.3	278.2	11.82	1289	0
24.275	98	2	0	0	0	277.8	271.8	277.8	271.8	286.7	276.3	10.01	1315	0
24.275	98	4	0	0	0	278.2	272	278.2	272	286.7	276.3	9.592	1342	0
24.275	98	0	0	0	0	277.1	272	277.1	272	286.7	276.3	10.56	1291	0
24.275	98	6	0	0	0	277.5	272.1	277.5	272.1	286.7	276.3	10.12	1316	0
24.275	98	3	0	303.1	266.6	278.1	271.9	278.1	271.9	286.7	276.3	9.722	1332	0
24.275	98	1	0	288.3	281.1	277.4	271.9	277.4	271.9	286.7	276.3	10.34	1299	0
24.275	98	5	0	303.1	286.1	277.9	272	277.9	272	286.7	276.3	9.786	1333	0
24.275	98	7	0	0	0	277.2	272.1	277.2	272.1	286.7	276.3	10.43	1299	0
24.525	99	2	0	0	0	280.3	274.3	280.3	274.3	284.7	275.5	4.58	1319	0
24.525	99	4	0	0	0	280.3	274.8	280.3	274.8	284.7	275.5	4.447	1346	0
24.525	99	0	0	0	0	280.1	274.2	280.1	274.2	284.7	275.5	4.8	1295	0
24.525	99	6	0	0	0	280.1	274.7	280.1	274.7	284.7	275.5	4.652	1321	0
24.525	99	3	0	285.1	280.6	280.3	274.6	280.3	274.6	284.7	275.5	4.475	1337	0
24.525	99	1	0	291	274	280.2	274.2	280.2	274.2	284.7	275.5	4.714	1303	0
24.525	99	5	0	290.9	295.1	280.2	274.8	280.2	274.8	284.7	275.5	4.531	1338	0
24.525	99	7	0	0	0	280.1	274.4	280.1	274.4	284.7	275.5	4.754	1304	0
24.775	100	2	0	0	0	283.4	274.8	283.4	274.8	288.1	272.6	5.178	1325	0
24.775	100	4	0	0	0	283.6	274.6	283.6	274.6	288.1	272.6	4.958	1351	0
24.775	100	0	0	0	0	283.1	274.9	283.1	274.9	288.1	272.6	5.499	1301	0
24.775	100	6	0	0	0	283.2	274.7	283.2	274.7	288.1	272.6	5.275	1326	0
24.775	100	3	0	295.3	272	283.5	274.7	283.5	274.7	288.1	272.6	5.02	1342	0
24.775	100	1	0	290.1	282.6	283.2	274.9	283.2	274.9	288.1	272.6	5.371	1309	0
24.775	100	5	0	296.4	272.5	283.4	274.6	283.4	274.6	288.1	272.6	5.08	1343	0
24.775	100	7	0	0	0	283.1	274.8	283.1	274.8	288.1	272.6	5.438	1310	0
25.025	101	2	0	0	0	287.1	273.4	287.1	273.4	289.1	271.1	3.045	1328	0
25.025	101	4	0	0	0	287.1	273.2	287.1	273.2	289.1	271.1	2.897	1354	0
25.025	101	0	0	0	0	286.6	273.7	286.6	273.7	289.1	271.1	3.593	1304	0
25.025	101	6	0	0	0	286.6	273.5	286.6	273.5	289.1	271.1	3.448	1329	0
25.025	101	3	0	306	263.1	287.2	273.3	287.2	273.3	289.1	271.1	2.888	1344	0
25.025	101	1	0	295.4	275.8	286.9	273.6	286.9	273.6	289.1	271.1	3.337	1312	0
25.025	101	5	0	295.1	268.2	286.9	273.3	286.9	273.3	289.1	271.1	3.146	1346	0
25.025	101	7	0	0	0	286.5	273.6	286.5	273.6	289.1	271.1	3.609	1313	0
25.275	102	2	0	0	0	288.8	274.1	288.8	274.1	293.1	272	4.781	1332	0
25.275	102	4	0	0	0	288.8	274.3	288.8	274.3	293.1	272	4.895	1359	0
25.275	102	0	0	0	0	288.7	274.2	288.7	274.2	293.1	272	4.937	1309	0
25.275	102	6	0	0	0	288.7	274.4	288.7	274.4	293.1	272	5.054	1335	0
25.275	102	3	0	292.3	271.8	288.8	274.2	288.8	274.2	293.1	272	4.814	1349	0
25.275	102	1	0	297.8	276.4	288.8	274.2	288.8	274.2	293.1	272	4.84	1317	0
25.275	102	5	0	295.6	283.3	288.7	274.4	288.7	274.4	293.1	272	4.991	1351	0
25.275	102	7	0	0	0	288.7	274.3	288.7	274.3	293.1	272	5.021	1318	0
25.525	103	2	0	0	0	291	273.7	291	273.7	292.7	273.7	1.722	1334	0
25.525	103	4	0	0	0	290.8	273.6	290.8	273.6	292.7	273.7	1.908	1361	0
25.525	103	0	0	0	0	290.8	273.6	290.8	273.6	292.7	273.7	1.875	1311	0
25.525	103	6	0	0	0	290.7	273.6	290.7	273.6	292.7	273.7	2.07	1337	0
25.525	103	3	0	296.4	277.6	290.9	273.7	290.9	273.7	292.7	273.7	1.791	1351	0
25.525	103	1	0	302.6	270.4	291	273.7	291	273.7	292.7	273.7	1.768	1319	0
25.525	103	5	0	294.9	266.3	290.7	273.6	290.7	273.6	292.7	273.7	2.017	1353	0
25.525	103	7	0	0	0	290.7	273.6	290.7	273.6	292.7	273.7	1.998	1320	0
25.775	104	2	0	0	0	290.8	275.5	290.8	275.5	292.5	277.5	2.62	1337	0
25.775	104	4	0	0	0	290.6	275.6	290.6	275.6	292.5	277.5	2.686	1364	0
25.775	104	0	0	0	0	290.9	275.3	290.9	275.3	292.5	277.5	2.697	1314	0
25.775	104	6	0	0	0	290.7	275.4	290.7	275.4	292.5	277.5	2.746	1339	0
25.775	104	3	0	286.2	282	290.7	275.6	290.7	275.6	292.5	277.5	2.641	1354	0
25.775	104	1	0	297	279	290.9	275.4	290.9	275.4	292.5	277.5	2.649	1321	0
25.775	104	5	0	288.2	284.1	290.6	275.5	290.6	275.5	292.5	277.5	2.724	1355	0
25.775	104	7	0	0	0	290.8	275.3	290.8	275.3	292.5	277.5	2.73	1323	0
26.025	105	2	0	0	0	293.9	274.4	293.9	274.4	299.3	282.9	10.1	1347	0
26.025	105	4	0	0	0	294.2	274.9	294.2	274.9	299.3	282.9	9.554	1373	0
26.025	105	0	0	0	0	293.4	275	293.4	275	299.3	282.9	9.925	1324	0
26.025	105	6	0	0	0	293.7	275.5	293.7	275.5	299.3	282.9	9.368	1349	0
26.025	105	3	0	312.1	253.5	294.1	274.6	294.1	274.6	299.3	282.9	9.856	1364	0
26.025	105	1	0	0	0	293.6	274.7	293.6	274.7	299.3	282.9	10.1	1331	0
26.025	105	5	0	306.2	292.4	294	275.3	294	275.3	299.3	282.9	9.371	1365	0
26.025	105	7	0	0	0	293.4	275.3	293.4	275.3	299.3	282.9	9.619	1332	0
26.275	106	2	0	0	0	293.9	277.6	293.9	277.6	296.8	286.6	9.47	1356	0
26.275	106	4	0	0	0	294	277.9	294	277.9	296.8	286.6	9.143	1382	0
26.275	106	0	0	0	0	293.8	277.2	293.8	277.2	296.8	286.6	9.843	1334	0
26.275	106	6	0	0	0	293.9	277.6	293.9	277.6	296.8	286.6	9.496	1358	0
26.275	106	3	0	295.9	292.1	294	277.8	294	277.8	296.8	286.6	9.25	1373	0
26.275	106	1	0	0	0	293.9	277.3	293.9	277.3	296.8	286.6	9.708	1341	0
26.275	106	5	0	293.2	289.5	293.9	277.8	293.9	277.8	296.8	286.6	9.267	1374	0
26.275	106	7	0	0	0	293.8	277.3	293.8	277.3	296.8	286.6	9.725	1342	0
26.525	107	2	0	0	0	293.5	279.9	293.5	279.9	295.9	290.8	11.09	1367	0
26.525	107	4	0	0	0	293.5	280.1	293.5	280.1	295.9	290.8	10.89	1393	0
26.525	107	0	0	0	0	293.6	279.5	293.6	279.5	295.9	290.8	11.53	1345	0
26.525	107	6	0	0	0	293.6	279.7	293.6	279.7	295.9	290.8	11.31	1370	0
26.525	107	3	0	289	295.6	293.5	280.1	293.5	280.1	295.9	290.8	10.92	1384	0
26.525	107	1	0	0	0	293.5	279.7	293.5	279.7	295.9	290.8	11.34	1352	0
26.525	107	5	0	294.4	286.6	293.5	279.9	293.5	279.9	295.9	290.8	11.07	1385	0
26.525	107	7	0	0	0	293.6	279.5	293.6	279.5	295.9	290.8	11.49	1354	0
26.775	108	2	0	0	0	295.4	282.3	295.4	282.3	300.9	297.4	16.04	1383	0
26.775	108	4	0	0	0	295.7	282.8	295.7	282.8	300.9	297.4	15.51	1409	0
26.775	108	0	0	0	0	295.2	282	295.2	282	300.9	297.4	16.41	1362	0
26.775	108	6	0	0	0	295.5	282.5	295.5	282.5	300.9	297.4	15.85	1385	0
26.775	108	3	0	303.5	291.8	295.6	282.6	295.6	282.6	300.9	297.4	15.72	1399	0
26.775	108	1	0	0	0	295.3	282.1	295.3	282.1	300.9	297.4	16.31	1369	0
26.775	108	5	0	307.4	299.7	295.7	282.7	295.7	282.7	300.9	297.4	15.6	1401	0
26.775	108	7	0	0	0	295.3	282.2	295.3	282.2	300.9	297.4	16.19	1370	0
27.025	109	2	0	0	0	296.8	283.8	296.8	283.8	299.4	295	11.58	1395	0
27.025	109	4	0	0	0	296.9	283.8	296.9	283.8	299.4	295	11.49	1420	0
27.025	109	0	0	0	0	296.5	283.4	296.5	283.4	299.4	295	11.96	1374	0
27.025	109	6	0	0	0	296.7	283.5	296.7	283.5	299.4	295	11.86	1397	0
27.025	109	3	0	304.4	294.6	296.9	283.8	296.9	283.8	299.4	295	11.48	1411	0
27.025	109	1	0	0	0	296.6	283.6	296.6	283.6	299.4	295	11.78	1380	0
27.025	109	5	0	302	284.5	296.9	283.7	296.9	283.7	299.4	295	11.66	1412	0
27.025	109	7	0	0	0	296.6	283.4	296.6	283.4	299.4	295	11.97	1382	0
27.275	110	2	0	0	0	299.1	284	299.1	284	302.5	299.5	15.95	1411	0
27.275	110	4	0	0	0	299.3	284.1	299.3	284.1	302.5	299.5	15.74	1436	0
27.275	110	0	0	0	0	298.7	284	298.7	284	302.5	299.5	16.03	1390	0
27.275	110	6	0	0	0	299	284.1	299	284.1	302.5	299.5	15.81	1413	0
27.275	110	3	0	312.2	282.5	299.3	284	299.3	284	302.5	299.5	15.84	1427	0
27.275	110	1	0	0	0	298.8	283.9	298.8	283.9	302.5	299.5	16.03	1396	0
27.275	110	5	0	309	290.1	299.2	284.2	299.2	284.2	302.5	299.5	15.74	1428	0
27.275	110	7	0	0	0	298.8	284.1	298.8	284.1	302.5	299.5	15.93	1398	0
27.525	111	2	0	0	0	298.8	287.7	298.8	287.7	302.9	305	17.81	1429	0
27.525	111	4	0	300.5	297.9	298.8	288	298.8	288	302.9	305	17.53	1453	0
27.525	111	0	0	0	0	298.8	287	298.8	287	302.9	305	18.47	1408	0
27.525	111	6	0	0	0	298.7	287.4	298.7	287.4	302.9	305	18.16	1431	0
27.525	111	3	0	298.9	306.5	298.8	287.9	298.8	287.9	302.9	305	17.57	1444	0
27.525	111	1	0	0	0	298.8	287.3	298.8	287.3	302.9	305	18.18	1415	0
27.525	111	5	0	294	292.6	298.7	287.7	298.7	287.7	302.9	305	17.79	1446	0
27.525	111	7	0	0	0	298.7	287.1	298.7	287.1	302.9	305	18.42	1416	0
27.775	112	2	0	0	0	301.5	291.6	301.5	291.6	309.3	311.5	21.39	1450	0
27.775	112	4	0	320.8	317.8	301.7	292.3	301.7	292.3	309.3	311.5	20.61	1474	0
27.775	112	0	0	0	0	300.9	291	300.9	291	309.3	311.5	22.15	1430	0
27.775	112	6	0	0	0	301.3	291.8	301.3	291.8	309.3	311.5	21.31	1453	0
27.775	112	3	0	308.4	295.2	301.7	292	301.7	292	309.3	311.5	20.88	1465	0
27.775	112	1	0	0	0	301.2	291.2	301.2	291.2	309.3	311.5	21.89	1437	0
27.775	112	5	0	299.5	302.3	301.5	292.1	301.5	292.1	309.3	311.5	20.83	1467	0
27.775	112	7	0	0	0	301	291.3	301	291.3	309.3	311.5	21.84	1438	0
28.025	113	2	0	0	0	304	296	304	296	311.4	308.9	14.93	1465	0
28.025	113	4	0	326.2	311.2	304.4	296.3	304.4	296.3	311.4	308.9	14.48	1489	0
28.025	113	0	0	0	0	303.5	295	303.5	295	311.4	308.9	15.99	1446	0
28.025	113	6	0	0	0	303.9	295.4	303.9	295.4	311.4	308.9	15.48	1468	0
28.025	113	3	0	305.8	320.3	304.2	296.3	304.2	296.3	311.4	308.9	14.54	1480	0
28.025	113	1	0	0	0	303.7	295.5	303.7	295.5	311.4	308.9	15.53	1452	0
28.025	113	5	0	304.5	294.2	304.2	295.9	304.2	295.9	311.4	308.9	14.9	1482	0
28.025	113	7	0	0	0	303.6	295	303.6	295	311.4	308.9	15.9	1454	0
28.275	114	2	0	0	0	304.4	300.8	304.4	300.8	311.8	313.6	14.81	1480	0
28.275	114	4	0	305	308.2	304.5	301.4	304.5	301.4	311.8	313.6	14.22	1503	0
28.275	114	0	0	0	0	304.3	300	304.3	300	311.8	313.6	15.55	1462	0
28.275	114	6	0	0	0	304.4	300.7	304.4	300.7	311.8	313.6	14.9	1483	0
28.275	114	3	0	306.4	322.9	304.5	301.2	304.5	301.2	311.8	313.6	14.4	1494	0
28.275	114	1	0	0	0	304.3	300.3	304.3	300.3	311.8	313.6	15.27	1467	0
28.275	114	5	0	306.5	321.9	304.5	301.2	304.5	301.2	311.8	313.6	14.46	1496	0
28.275	114	7	0	0	0	304.3	300.2	304.3	300.2	311.8	313.6	15.33	1469	0
28.525	115	2	0	0	0	306.7	303.6	306.7	303.6	313.4	320.1	17.85	1498	0
28.525	115	4	0	309.8	313.7	307.2	304.3	307.2	304.3	313.4	320.1	17.04	1520	0
28.525	115	0	0	0	0	306.5	303.3	306.5	303.3	313.4	320.1	18.19	1480	0
28.525	115	6	0	0	0	307	304	307	304	313.4	320.1	17.33	1500	0
28.525	115	3	0	312.2	305	307	304	307	304	313.4	320.1	17.39	1512	0
28.525	115	1	0	0	0	306.6	303.3	306.6	303.3	313.4	320.1	18.15	1485	0
28.525	115	5	0	323.9	323.8	307.2	304.3	307.2	304.3	313.4	320.1	17.06	1513	0
28.525	115	7	0	0	0	306.7	303.6	306.7	303.6	313.4	320.1	17.8	1487	0
28.775	116	2	0	0	0	309	306.9	309	306.9	312.4	321.7	15.18	1513	0
28.775	116	4	0	311.1	319.6	309.5	307.4	309.5	307.4	312.4	321.7	14.63	1534	0
28.775	116	0	0	0	0	308.9	306.4	308.9	306.4	312.4	321.7	15.7	1496	0
28.775	116	6	0	0	0	309.4	306.9	309.4	306.9	312.4	321.7	15.11	1515	0
28.775	116	3	0	313.7	316.6	309.3	307.2	309.3	307.2	312.4	321.7	14.82	1526	0
28.775	116	1	0	0	0	308.9	306.6	308.9	306.6	312.4	321.7	15.53	1501	0
28.775	116	5	0	326.8	314.9	309.5	307.2	309.5	307.2	312.4	321.7	14.78	1528	0
28.775	116	7	0	0	0	309.1	306.6	309.1	306.6	312.4	321.7	15.48	1503	0
29.025	117	2	0	0	0	309.1	311.9	309.1	311.9	310.1	319	7.171	1520	0
29.025	117	4	0	310.5	332.6	309.3	312.6	309.3	312.6	310.1	319	6.407	1541	0
29.025	117	0	0	0	0	309.2	311.1	309.2	311.1	310.1	319	7.911	1504	0
29.025	117	6	0	0	0	309.4	311.9	309.4	311.9	310.1	319	7.089	1522	0
29.025	117	3	0	302.5	325.6	309.1	312.4	309.1	312.4	310.1	319	6.676	1533	0
29.025	117	1	0	0	0	309.1	311.4	309.1	311.4	310.1	319	7.662	1509	0
29.025	117	5	0	315.2	327.3	309.4	312.4	309.4	312.4	310.1	319	6.623	1535	0
29.025	117	7	0	0	0	309.3	311.4	309.3	311.4	310.1	319	7.608	1510	0
29.275	118	2	0	0	0	311	313.6	311	313.6	315.7	323.6	11	1531	0
29.275	118	4	0	317.1	307.9	311.3	313.8	311.3	313.8	315.7	323.6	10.73	1552	0
29.275	118	0	0	0	0	310.7	313.3	310.7	313.3	315.7	323.6	11.39	1515	0
29.275	118	6	0	0	0	311	313.5	311	313.5	315.7	323.6	11.09	1534	0
29.275	118	3	0	316.7	326.8	311.2	313.8	311.2	313.8	315.7	323.6	10.81	1544	0
29.275	118	1	0	0	0	310.8	313.4	310.8	313.4	315.7	323.6	11.24	1520	0
29.275	118	5	0	316.9	323.1	311.2	313.7	311.2	313.7	315.7	323.6	10.86	1545	0
29.275	118	7	0	0	0	310.9	313.4	310.9	313.4	315.7	323.6	11.29	1521	0
29.525	119	2	0	0	0	311.1	316.7	311.1	316.7	313.7	321.3	5.234	1536	0
29.525	119	4	0	322.6	321	311.5	317.1	311.5	317.1	313.7	321.3	4.741	1556	0
29.525	119	0	0	0	0	311.3	316.2	311.3	316.2	313.7	321.3	5.604	1521	0
29.525	119	6	0	0	0	311.7	316.6	311.7	316.6	313.7	321.3	5.088	1539	0
29.525	119	3	0	296.9	331.8	311.3	317	311.3	317	313.7	321.3	4.931	1549	0
29.525	119	1	0	0	0	311.1	316.4	311.1	316.4	313.7	321.3	5.494	1525	0
29.525	119	5	0	318.5	328.2	311.6	316.9	311.6	316.9	313.7	321.3	4.834	1550	0
29.525	119	7	0	0	0	311.5	316.3	311.5	316.3	313.7	321.3	5.4	1527	0
29.775	120	2	0	0	0	311.1	318.9	311.1	318.9	313	319.9	2.075	1538	0
29.775	120	4	0	316.5	300.2	311.1	319	311.1	319	313	319.9	2.11	1558	0
29.775	120	0	0	0	0	311.1	318.5	311.1	318.5	313	319.9	2.316	1523	0
29.775	120	6	0	0	0	311	318.6	311	318.6	313	319.9	2.33	1541	0
29.775	120	3	0	310	344.6	311.1	319	311.1	319	313	319.9	2.062	1551	0
29.775	120	1	0	0	0	311.1	318.7	311.1	318.7	313	319.9	2.184	1528	0
29.775	120	5	0	303	334	311	318.8	311	318.8	313	319.9	2.217	1553	0
29.775	120	7	0	0	0	311.1	318.5	311.1	318.5	313	319.9	2.364	1529	0
30.025	121	2	0	0	0	312.7	317.7	312.7	317.7	319	318.3	6.392	1545	0
30.025	121	4	0	317.2	326	312.8	317.8	312.8	317.8	319	318.3	6.272	1565	0
30.025	121	0	0	0	0	312.4	318	312.4	318	319	318.3	6.67	1530	0
30.025	121	6	0	0	0	312.5	318.1	312.5	318.1	319	318.3	6.54	1547	0
30.025	121	3	0	320.9	300.4	312.7	317.7	312.7	317.7	319	318.3	6.291	1557	0
30.025	121	1	0	0	0	312.5	317.8	312.5	317.8	319	318.3	6.547	1534	0
30.025	121	5	0	314.1	318.4	312.6	318	312.6	318	319	318.3	6.384	1559	0
30.025	121	7	0	0	0	312.4	318.1	312.4	318.1	319	318.3	6.649	1536	0
30.275	122	2	0	0	0	313.6	317.6	313.6	317.6	319.7	320.1	6.557	1551	0
30.275	122	4	0	303.4	315.2	313.8	317.4	313.8	317.4	319.7	320.1	6.526	1571	0
30.275	122	0	0	0	0	313.5	317.6	313.5	317.6	319.7	320.1	6.679	1536	0
30.275	122	6	0	0	0	313.7	317.4	313.7	317.4	319.7	320.1	6.642	1554	0
30.275	122	3	0	323.4	322.4	313.7	317.5	313.7	317.5	319.7	320.1	6.523	1564	0
30.275	122	1	0	0	0	313.6	317.6	313.6	317.6	319.7	320.1	6.623	1541	0
30.275	122	5	0	326.1	310.5	313.7	317.4	313.7	317.4	319.7	320.1	6.579	1566	0
30.275	122	7	0	0	0	313.6	317.4	313.6	317.4	319.7	320.1	6.678	1543	0
30.525	123	2	0	0	0	316.7	318.4	316.7	318.4	322.6	321	6.397	1558	0
30.525	123	4	0	322.3	332	317.2	318.6	317.2	318.6	322.6	321	5.859	1577	0
30.525	123	0	0	0	0	316.4	318.2	316.4	318.2	322.6	321	6.776	1543	0
30.525	123	6	0	0	0	316.9	318.4	316.9	318.4	322.6	321	6.202	1560	0
30.525	123	3	0	324.8	317.1	317	318.5	317	318.5	322.6	321	6.069	1570	0
30.525	123	1	0	0	0	316.5	318.3	316.5	318.3	322.6	321	6.673	1547	0
30.525	123	5	0	335.5	314.3	317.2	318.5	317.2	318.5	322.6	321	5.945	1571	0
30.525	123	7	0	0	0	316.6	318.3	316.6	318.3	322.6	321	6.542	1549	0
30.775	124	2	0	0	0	319.3	317.9	319.3	317.9	324.6	320.2	5.82	1564	0
30.775	124	4	0	317	318.2	319.4	317.8	319.4	317.8	324.6	320.2	5.715	1583	0
30.775	124	0	0	0	0	318.8	317.9	318.8	317.9	324.6	320.2	6.249	1549	0
30.775	124	6	0	0	0	319	317.8	319	317.8	324.6	320.2	6.117	1566	0
30.775	124	3	0	337.5	316.8	319.4	317.9	319.4	317.9	324.6	320.2	5.705	1575	0
30.775	124	1	0	0	0	319	317.9	319	317.9	324.6	320.2	6.049	1553	0
30.775	124	5	0	326.2	312.8	319.2	317.8	319.2	317.8	324.6	320.2	5.894	1577	0
30.775	124	7	0	0	0	318.8	317.9	318.8	317.9	324.6	320.2	6.249	1555	0
31.025	125	2	0	0	0	320.3	321	320.3	321	328.5	326.4	9.862	1573	0
31.025	125	4	0	317.8	328.3	320.4	321.5	320.4	321.5	328.5	326.4	9.524	1592	0
31.025	125	0	0	0	0	320.1	320.6	320.1	320.6	328.5	326.4	10.24	1559	0
31.025	125	6	0	0	0	320.2	321.2	320.2	321.2	328.5	326.4	9.869	1576	0
31.025	125	3	0	329.3	328.8	320.4	321.3	320.4	321.3	328.5	326.4	9.634	1585	0
31.025	125	1	0	0	0	320.2	320.7	320.2	320.7	328.5	326.4	10.11	1564	0
31.025	125	5	0	324.9	338.4	320.3	321.4	320.3	321.4	328.5	326.4	9.641	1587	0
31.025	125	7	0	0	0	320.1	320.8	320.1	320.8	328.5	326.4	10.11	1565	0
31.275	126	2	0	0	0	322.6	322.7	322.6	322.7	333.4	327	11.58	1585	0
31.275	126	4	0	327.2	330.8	323	323.2	323	323.2	333.4	327	11.02	1603	0
31.275	126	0	0	0	0	322.3	322.6	322.3	322.6	333.4	327	11.87	1571	0
31.275	126	6	0	0	0	322.8	323.2	322.8	323.2	333.4	327	11.28	1588	0
31.275	126	3	0	329.8	318.6	322.9	323	322.9	323	333.4	327	11.25	1596	0
31.275	126	1	0	0	0	322.4	322.5	322.4	322.5	333.4	327	11.82	1575	0
31.275	126	5	0	335.8	338.3	323	323.3	323	323.3	333.4	327	11.07	1598	0
31.275	126	7	0	0	0	322.5	322.9	322.5	322.9	333.4	327	11.61	1577	0
31.525	127	2	0	0	0	323.4	325.6	323.4	325.6	332.8	333.6	12.32	1597	0
31.525	127	4	0	325.4	332.6	323.2	325.8	323.2	325.8	332.8	333.6	12.29	1616	0
31.525	127	0	0	0	0	323.1	325.1	323.1	325.1	332.8	333.6	12.92	1584	0
31.525	127	6	0	0	0	322.9	325.4	322.9	325.4	332.8	333.6	12.85	1600	0
31.525	127	3	0	334.6	339.7	323.4	325.8	323.4	325.8	332.8	333.6	12.22	1609	0
31.525	127	1	0	0	0	323.3	325.3	323.3	325.3	332.8	333.6	12.62	1588	0
31.525	127	5	0	313.4	329.5	323.1	325.7	323.1	325.7	332.8	333.6	12.55	1611	0
31.525	127	7	0	0	0	322.9	325.2	322.9	325.2	332.8	333.6	12.97	1590	0
31.775	128	2	0	0	0	324.1	326.5	324.1	326.5	339.7	338.1	19.45	1617	0
31.775	128	4	0	332.8	335.6	324.3	326.7	324.3	326.7	339.7	338.1	19.19	1635	0
31.775	128	0	0	0	0	323.9	326.2	323.9	326.2	339.7	338.1	19.75	1604	0
31.775	128	6	0	0	0	324.1	326.5	324.1	326.5	339.7	338.1	19.48	1620	0
31.775	128	3	0	0	0	324.2	326.6	324.2	326.6	339.7	338.1	19.27	1628	0
31.775	128	1	0	0	0	324	326.3	324	326.3	339.7	338.1	19.64	1608	0
31.775	128	5	0	0	0	324.2	326.6	324.2	326.6	339.7	338.1	19.29	1630	0
31.775	128	7	0	0	0	323.9	326.3	323.9	326.3	339.7	338.1	19.66	1610	0
32.025	129	2	0	0	0	327.3	327.5	327.3	327.5	344.5	342.7	22.99	1640	0
32.025	129	4	0	357.6	337.1	327.9	327.7	327.9	327.7	344.5	342.7	22.37	1657	0
32.025	129	0	0	0	0	326.6	327.3	326.6	327.3	344.5	342.7	23.61	1628	0
32.025	129	6	0	0	0	327.3	327.5	327.3	327.5	344.5	342.7	22.95	1643	0
32.025	129	3	0	0	0	327.7	327.6	327.7	327.6	344.5	342.7	22.58	1650	0
32.025	129	1	0	0	0	326.9	327.3	326.9	327.3	344.5	342.7	23.4	1631	0
32.025	129	5	0	0	0	327.7	327.6	327.7	327.6	344.5	342.7	22.56	1652	0
32.025	129	7	0	0	0	326.9	327.3	326.9	327.3	344.5	342.7	23.37	1633	0
32.275	130	2	0	0	0	329.3	327.8	329.3	327.8	346.9	342.4	22.83	1663	0
32.275	130	4	0	348.7	331.3	329.8	327.9	329.8	327.9	346.9	342.4	22.41	1680	0
32.275	130	0	0	0	0	328.9	327.7	328.9	327.7	346.9	342.4	23.23	1651	0
32.275	130	6	0	0	0	329.4	327.8	329.4	327.8	346.9	342.4	22.8	1666	0
32.275	130	3	0	0	0	329.6	327.9	329.6	327.9	346.9	342.4	22.56	1673	0
32.275	130	1	0	0	0	329	327.8	329	327.8	346.9	342.4	23.09	1654	0
32.275	130	5	0	0	0	329.6	327.9	329.6	327.9	346.9	342.4	22.54	1675	0
32.275	130	7	0	0	0	329.1	327.8	329.1	327.8	346.9	342.4	23.07	1656	0
32.525	131	2	0	0	0	331.8	328.6	331.8	328.6	353.8	347.2	28.88	1691	0
32.525	131	4	0	354.8	336.3	332.3	328.8	332.3	328.8	353.8	347.2	28.37	1708	0
32.525	131	0	0	0	0	331.3	328.5	331.3	328.5	353.8	347.2	29.37	1680	0
32.525	131	6	0	0	0	331.8	328.7	331.8	328.7	353.8	347.2	28.84	1695	0
32.525	131	3	0	0	0	332.1	328.7	332.1	328.7	353.8	347.2	28.55	1702	0
32.525	131	1	0	0	0	331.4	328.5	331.4	328.5	353.8	347.2	29.2	1683	0
32.525	131	5	0	0	0	332.1	328.8	332.1	328.8	353.8	347.2	28.52	1704	0
32.525	131	7	0	0	0	331.4	328.5	331.4	328.5	353.8	347.2	29.18	1685	0
32.775	132	2	0	0	0	333.7	331.2	333.7	331.2	360.2	350.1	32.62	1724	0
32.775	132	4	0	351.8	355.1	334.1	331.7	334.1	331.7	360.2	350.1	31.97	1740	0
32.775	132	0	0	0	0	333.3	330.7	333.3	330.7	360.2	350.1	33.24	1713	0
32.775	132	6	0	0	0	333.7	331.2	333.7	331.2	360.2	350.1	32.57	1727	0
32.775	132	3	0	0	0	334	331.5	334	331.5	360.2	350.1	32.2	1734	0
32.775	132	1	0	0	0	333.4	330.8	333.4	330.8	360.2	350.1	33.03	1716	0
32.775	132	5	0	0	0	334	331.5	334	331.5	360.2	350.1	32.17	1736	0
32.775	132	7	0	0	0	333.4	330.9	333.4	330.9	360.2	350.1	33	1718	0
33.025	133	2	0	0	0	336.1	332.3	336.1	332.3	364.5	349.8	33.35	1757	0
33.025	133	4	0	359.5	342.9	336.7	332.6	336.7	332.6	364.5	349.8	32.76	1773	0
33.025	133	0	0	0	0	335.6	332	335.6	332	364.5	349.8	33.92	1747	0
33.025	133	6	0	0	0	336.2	332.3	336.2	332.3	364.5	349.8	33.31	1760	0
33.025	133	3	0	0	0	336.5	332.5	336.5	332.5	364.5	349.8	32.97	1767	0
33.025	133	1	0	0	0	335.8	332.1	335.8	332.1	364.5	349.8	33.73	1750	0
33.025	133	5	0	0	0	336.5	332.5	336.5	332.5	364.5	349.8	32.94	1769	0
33.025	133	7	0	0	0	335.8	332.1	335.8	332.1	364.5	349.8	33.7	1752	0
33.275	134	2	0	0	0	338.6	332	338.6	332	368.3	353.6	36.81	1794	0
33.275	134	4	0	361.4	328.7	339.1	331.9	339.1	331.9	368.3	353.6	36.41	1809	0
33.275	134	0	0	0	0	338	332	338	332	368.3	353.6	37.2	1785	0
33.275	134	6	0	0	0	338.6	332	338.6	332	368.3	353.6	36.78	1797	0
33.275	134	3	0	0	0	338.9	331.9	338.9	331.9	368.3	353.6	36.55	1803	0
33.275	134	1	0	0	0	338.2	332	338.2	332	368.3	353.6	37.07	1787	0
33.275	134	5	0	0	0	338.9	331.9	338.9	331.9	368.3	353.6	36.53	1805	0
33.275	134	7	0	0	0	338.2	332	338.2	332	368.3	353.6	37.05	1789	0
33.525	135	2	0	0	0	340.8	333.1	340.8	333.1	367.9	352.9	33.58	1828	0
33.525	135	4	0	362.1	344.1	341.3	333.3	341.3	333.3	367.9	352.9	33.05	1842	0
33.525	135	0	0	0	0	340.3	332.9	340.3	332.9	367.9	352.9	34.09	1819	0
33.525	135	6	0	0	0	340.8	333.1	340.8	333.1	367.9	352.9	33.54	1831	0
33.525	135	3	0	0	0	341.1	333.3	341.1	333.3	367.9	352.9	33.24	1836	0
33.525	135	1	0	0	0	340.5	333	340.5	333	367.9	352.9	33.92	1821	0
33.525	135	5	0	0	0	341.1	333.3	341.1	333.3	367.9	352.9	33.21	1838	0
33.525	135	7	0	0	0	340.5	333	340.5	333	367.9	352.9	33.89	1823	0
33.775	136	2	0	0	0	343.4	334	343.4	334	371.9	351.2	33.25	1861	0
33.775	136	4	0	367.8	342.9	343.9	334.2	343.9	334.2	371.9	351.2	32.67	1875	0
33.775	136	0	0	0	0	342.9	333.8	342.9	333.8	371.9	351.2	33.81	1852	0
33.775	136	6	0	0	0	343.4	334.1	343.4	334.1	371.9	351.2	33.21	1864	0
33.775	136	3	0	0	0	343.7	334.2	343.7	334.2	371.9	351.2	32.88	1869	0
33.775	136	1	0	0	0	343	333.9	343	333.9	371.9	351.2	33.62	1855	0
33.775	136	5	0	0	0	343.8	334.2	343.8	334.2	371.9	351.2	32.85	1871	0
33.775	136	7	0	0	0	343.1	333.9	343.1	333.9	371.9	351.2	33.6	1857	0
34.025	137	2	0	0	0	346.6	335.5	346.6	335.5	373.2	349.9	30.19	1891	0
34.025	137	4	0	377.5	349.2	347.3	335.8	347.3	335.8	373.2	349.9	29.44	1904	0
34.025	137	0	0	0	0	346	335.2	346	335.2	373.2	349.9	30.92	1883	0
34.025	137	6	0	0	0	346.7	335.5	346.7	335.5	373.2	349.9	30.14	1894	0
34.025	137	3	0	0	0	347.1	335.7	347.1	335.7	373.2	349.9	29.71	1899	0
34.025	137	1	0	0	0	346.2	335.3	346.2	335.3	373.2	349.9	30.68	1885	0
34.025	137	5	0	0	0	347.1	335.7	347.1	335.7	373.2	349.9	29.67	1901	0
34.025	137	7	0	0	0	346.2	335.3	346.2	335.3	373.2	349.9	30.64	1887	0
34.275	138	2	0	0	0	348.9	337.6	348.9	337.6	373.8	347.6	26.83	1918	0
34.275	138	4	0	370.7	357.2	349.5	338	349.5	338	373.8	347.6	26.18	1930	0
34.275	138	0	0	0	0	348.4	337.1	348.4	337.1	373.8	347.6	27.45	1911	0
34.275	138	6	0	0	0	349	337.6	349	337.6	373.8	347.6	26.78	1921	0
34.275	138	3	0	0	0	349.3	337.8	349.3	337.8	373.8	347.6	26.41	1925	0
34.275	138	1	0	0	0	348.6	337.3	348.6	337.3	373.8	347.6	27.24	1913	0
34.275	138	5	0	0	0	349.3	337.9	349.3	337.9	373.8	347.6	26.38	1927	0
34.275	138	7	0	0	0	348.6	337.3	348.6	337.3	373.8	347.6	27.21	1914	0
34.525	139	2	0	0	0	351.8	337.6	351.8	337.6	377.5	346.9	27.36	1945	0
34.525	139	4	0	378.9	338.3	352.4	337.7	352.4	337.7	377.5	346.9	26.77	1957	0
34.525	139	0	0	0	0	351.2	337.6	351.2	337.6	377.5	346.9	27.93	1939	0
34.525	139	6	0	0	0	351.8	337.6	351.8	337.6	377.5	346.9	27.32	1948	0
34.525	139	3	0	0	0	352.2	337.7	352.2	337.7	377.5	346.9	26.97	1952	0
34.525	139	1	0	0	0	351.4	337.6	351.4	337.6	377.5	346.9	27.74	1940	0
34.525	139	5	0	0	0	352.2	337.7	352.2	337.7	377.5	346.9	26.95	1954	0
34.525	139	7	0	0	0	351.4	337.6	351.4	337.6	377.5	346.9	27.71	1942	0
34.775	140	2	0	0	0	353.7	339.4	353.7	339.4	381.9	345.9	28.91	1974	0
34.775	140	4	0	372.1	356.2	354.2	339.7	354.2	339.7	381.9	345.9	28.41	1986	0
34.775	140	0	0	0	0	353.3	339.1	353.3	339.1	381.9	345.9	29.4	1968	0
34.775	140	6	0	0	0	353.8	339.4	353.8	339.4	381.9	345.9	28.88	1977	0
34.775	140	3	0	0	0	354	339.6	354	339.6	381.9	345.9	28.59	1981	0
34.775	140	1	0	0	0	353.5	339.2	353.5	339.2	381.9	345.9	29.24	1970	0
34.775	140	5	0	0	0	354.1	339.6	354.1	339.6	381.9	345.9	28.56	1983	0
34.775	140	7	0	0	0	353.5	339.2	353.5	339.2	381.9	345.9	29.21	1971	0
35.025	141	2	0	0	0	356.7	342.2	356.7	342.2	385.2	350.5	29.69	2004	0
35.025	141	4	0	384.5	368.5	357.3	342.7	357.3	342.7	385.2	350.5	28.94	2015	0
35.025	141	0	0	0	0	356.1	341.6	356.1	341.6	385.2	350.5	30.42	1999	0
35.025	141	6	0	0	0	356.7	342.2	356.7	342.2	385.2	350.5	29.64	2007	0
35.025	141	3	0	0	0	357.1	342.5	357.1	342.5	385.2	350.5	29.2	2010	0
35.025	141	1	0	0	0	356.3	341.8	356.3	341.8	385.2	350.5	30.18	2000	0
35.025	141	5	0	0	0	357.1	342.6	357.1	342.6	385.2	350.5	29.17	2012	0
35.025	141	7	0	0	0	356.3	341.8	356.3	341.8	385.2	350.5	30.14	2001	0
35.275	142	2	0	0	0	361.1	343.9	361.1	343.9	386	356.8	28.05	2032	0
35.275	142	4	0	403.1	360.1	362	344.3	362	344.3	386	356.8	27.05	2042	0
35.275	142	0	0	0	0	360.2	343.5	360.2	343.5	386	356.8	29.02	2028	0
35.275	142	6	0	0	0	361.2	343.9	361.2	343.9	386	356.8	27.98	2035	0
35.275	142	3	0	0	0	361.7	344.1	361.7	344.1	386	356.8	27.4	2038	0
35.275	142	1	0	0	0	360.5	343.6	360.5	343.6	386	356.8	28.69	2028	0
35.275	142	5	0	0	0	361.7	344.2	361.7	344.2	386	356.8	27.35	2039	0
35.275	142	7	0	0	0	360.6	343.7	360.6	343.7	386	356.8	28.64	2030	0
35.525	143	2	0	0	0	363.4	344.9	363.4	344.9	387	353.9	25.21	2057	0
35.525	143	4	0	385.1	355	363.9	345.2	363.9	345.2	387	353.9	24.62	2066	0
35.525	143	0	0	0	0	362.9	344.7	362.9	344.7	387	353.9	25.78	2053	0
35.525	143	6	0	0	0	363.4	345	363.4	345	387	353.9	25.17	2060	0
35.525	143	3	0	0	0	363.8	345.1	363.8	345.1	387	353.9	24.83	2062	0
35.525	143	1	0	0	0	363.1	344.8	363.1	344.8	387	353.9	25.59	2054	0
35.525	143	5	0	0	0	363.8	345.1	363.8	345.1	387	353.9	24.8	2064	0
35.525	143	7	0	0	0	363.1	344.8	363.1	344.8	387	353.9	25.56	2056	0
35.775	144	2	0	0	0	366	345.5	366	345.5	392.7	354.8	28.21	2086	0
35.775	144	4	0	390.9	350.6	366.6	345.6	366.6	345.6	392.7	354.8	27.64	2094	0
35.775	144	0	0	0	0	365.5	345.4	365.5	345.4	392.7	354.8	28.77	2082	0
35.775	144	6	0	0	0	366.1	345.5	366.1	345.5	392.7	354.8	28.17	2088	0
35.775	144	3	0	0	0	366.4	345.6	366.4	345.6	392.7	354.8	27.84	2090	0
35.775	144	1	0	0	0	365.7	345.4	365.7	345.4	392.7	354.8	28.58	2083	0
35.775	144	5	0	0	0	366.4	345.6	366.4	345.6	392.7	354.8	27.81	2092	0
35.775	144	7	0	0	0	365.7	345.4	365.7	345.4	392.7	354.8	28.55	2084	0
36.025	145	2	0	0	0	369.1	346.1	369.1	346.1	396.4	353.5	28.25	2114	0
36.025	145	4	0	398.1	351.7	369.8	346.2	369.8	346.2	396.4	353.5	27.59	2121	0
36.025	145	0	0	0	0	368.5	346	368.5	346	396.4	353.5	28.9	2111	0
36.025	145	6	0	0	0	369.1	346.1	369.1	346.1	396.4	353.5	28.2	2116	0
36.025	145	3	0	0	0	369.5	346.2	369.5	346.2	396.4	353.5	27.82	2118	0
36.025	145	1	0	0	0	368.7	346	368.7	346	396.4	353.5	28.68	2111	0
36.025	145	5	0	0	0	369.6	346.2	369.6	346.2	396.4	353.5	27.79	2120	0
36.025	145	7	0	0	0	368.7	346	368.7	346	396.4	353.5	28.65	2113	0
36.275	146	2	0	0	0	372.2	346.8	372.2	346.8	397.8	351	25.92	2140	0
36.275	146	4	0	401.6	353.8	372.9	347	372.9	347	397.8	351	25.23	2147	0
36.275	146	0	0	0	0	371.6	346.7	371.6	346.7	397.8	351	26.58	2138	0
36.275	146	6	0	0	0	372.2	346.8	372.2	346.8	397.8	351	25.87	2142	0
36.275	146	3	0	0	0	372.6	346.9	372.6	346.9	397.8	351	25.47	2144	0
36.275	146	1	0	0	0	371.8	346.7	371.8	346.7	397.8	351	26.36	2138	0
36.275	146	5	0	0	0	372.7	346.9	372.7	346.9	397.8	351	25.44	2145	0
36.275	146	7	0	0	0	371.8	346.7	371.8	346.7	397.8	351	26.33	2139	0
36.525	147	2	0	0	0	374.5	346.4	374.5	346.4	400	349.1	25.64	2165	0
36.525	147	4	0	396.2	342.5	375	346.4	375	346.4	400	349.1	25.14	2172	0
36.525	147	0	0	0	0	374	346.5	374	346.5	400	349.1	26.13	2164	0
36.525	147	6	0	0	0	374.5	346.4	374.5	346.4	400	349.1	25.6	2168	0
36.525	147	3	0	0	0	374.8	346.4	374.8	346.4	400	349.1	25.31	2169	0
36.525	147	1	0	0	0	374.2	346.5	374.2	346.5	400	349.1	25.96	2164	0
36.525	147	5	0	0	0	374.9	346.4	374.9	346.4	400	349.1	25.29	2170	0
36.525	147	7	0	0	0	374.2	346.5	374.2	346.5	400	349.1	25.94	2165	0
36.775	148	2	0	0	0	374.6	345.3	374.6	345.3	396.9	349.5	22.72	2188	0
36.775	148	4	0	375.1	334.3	374.6	345	374.6	345	396.9	349.5	22.7	2195	0
36.775	148	0	0	0	0	374.5	345.5	374.5	345.5	396.9	349.5	22.74	2187	0
36.775	148	6	0	0	0	374.6	345.3	374.6	345.3	396.9	349.5	22.72	2190	0
36.775	148	3	0	0	0	374.6	345.1	374.6	345.1	396.9	349.5	22.71	2192	0
36.775	148	1	0	0	0	374.5	345.4	374.5	345.4	396.9	349.5	22.73	2186	0
36.775	148	5	0	0	0	374.6	345.1	374.6	345.1	396.9	349.5	22.71	2193	0
36.775	148	7	0	0	0	374.5	345.4	374.5	345.4	396.9	349.5	22.73	2188	0
37.025	149	2	0	0	0	377.1	346.8	377.1	346.8	396	348.1	18.97	2207	0
37.025	149	4	0	401	361.5	377.6	347.1	377.6	347.1	396	348.1	18.45	2213	0
37.025	149	0	0	0	0	376.6	346.5	376.6	346.5	396	348.1	19.47	2206	0
37.025	149	6	0	0	0	377.1	346.8	377.1	346.8	396	348.1	18.93	2209	0
37.025	149	3	0	0	0	377.4	347	377.4	347	396	348.1	18.64	2210	0
37.025	149	1	0	0	0	376.8	346.6	376.8	346.6	396	348.1	19.3	2206	0
37.025	149	5	0	0	0	377.4	347	377.4	347	396	348.1	18.61	2212	0
37.025	149	7	0	0	0	376.8	346.6	376.8	346.6	396	348.1	19.28	2207	0
37.275	150	2	0	0	0	379.8	345.7	379.8	345.7	393.3	352.1	14.91	2222	0
37.275	150	4	0	405.3	335.4	380.4	345.5	380.4	345.5	393.3	352.1	14.47	2227	0
37.275	150	0	0	0	0	379.2	345.9	379.2	345.9	393.3	352.1	15.34	2221	0
37.275	150	6	0	0	0	379.8	345.7	379.8	345.7	393.3	352.1	14.87	2224	0
37.275	150	3	0	0	0	380.1	345.6	380.1	345.6	393.3	352.1	14.62	2225	0
37.275	150	1	0	0	0	379.4	345.8	379.4	345.8	393.3	352.1	15.19	2221	0
37.275	150	5	0	0	0	380.2	345.6	380.2	345.6	393.3	352.1	14.6	2226	0
37.275	150	7	0	0	0	379.4	345.8	379.4	345.8	393.3	352.1	15.17	2222	0
37.525	151	2	0	0	0	381.7	346	381.7	346	387.9	352.4	8.986	2231	0
37.525	151	4	0	399.5	348.5	382.1	346	382.1	346	387.9	352.4	8.672	2236	0
37.525	151	0	0	0	0	381.3	345.9	381.3	345.9	387.9	352.4	9.298	2231	0
37.525	151	6	0	0	0	381.7	346	381.7	346	387.9	352.4	8.963	2233	0
37.525	151	3	0	0	0	381.9	346	381.9	346	387.9	352.4	8.781	2234	0
37.525	151	1	0	0	0	381.4	346	381.4	346	387.9	352.4	9.192	2230	0
37.525	151	5	0	0	0	382	346	382	346	387.9	352.4	8.766	2235	0
37.525	151	7	0	0	0	381.4	346	381.4	346	387.9	352.4	9.176	2231	0
37.775	152	2	0	0	0	381.6	347.6	381.6	347.6	384.1	350.7	3.97	2235	0
37.775	152	4	0	380.8	363.3	381.6	348	381.6	348	384.1	350.7	3.708	2240	0
37.775	152	0	0	0	0	381.6	347.3	381.6	347.3	384.1	350.7	4.232	2235	0
37.775	152	6	0	0	0	381.6	347.6	381.6	347.6	384.1	350.7	3.951	2237	0
37.775	152	3	0	0	0	381.6	347.8	381.6	347.8	384.1	350.7	3.799	2237	0
37.775	152	1	0	0	0	381.6	347.4	381.6	347.4	384.1	350.7	4.143	2234	0
37.775	152	5	0	0	0	381.6	347.9	381.6	347.9	384.1	350.7	3.787	2239	0
37.775	152	7	0	0	0	381.6	347.4	381.6	347.4	384.1	350.7	4.13	2236	0
38.025	153	2	0	0	0	380.8	345.7	380.8	345.7	381.8	348.1	2.658	2238	0
38.025	153	4	0	373.7	326.7	380.7	345.3	380.7	345.3	381.8	348.1	3.047	2243	0
38.025	153	0	0	0	0	381	346	381	346	381.8	348.1	2.284	2237	0
38.025	153	6	0	0	0	380.8	345.6	380.8	345.6	381.8	348.1	2.687	2240	0
38.025	153	3	0	0	0	380.8	345.4	380.8	345.4	381.8	348.1	2.911	2240	0
38.025	153	1	0	0	0	380.9	345.9	380.9	345.9	381.8	348.1	2.41	2237	0
38.025	153	5	0	0	0	380.7	345.4	380.7	345.4	381.8	348.1	2.929	2242	0
38.025	153	7	0	0	0	380.9	345.9	380.9	345.9	381.8	348.1	2.429	2238	0
38.275	154	2	0	0	0	381.8	347.2	381.8	347.2	382.4	346.8	0.6764	2238	0
38.275	154	4	0	391.4	362	382	347.5	382	347.5	382.4	346.8	0.7741	2244	0
38.275	154	0	0	0	0	381.7	346.9	381.7	346.9	382.4	346.8	0.7255	2238	0
38.275	154	6	0	0	0	381.9	347.2	381.9	347.2	382.4	346.8	0.6787	2240	0
38.275	154	3	0	0	0	382	347.4	382	347.4	382.4	346.8	0.7244	2241	0
38.275	154	1	0	0	0	381.7	347	381.7	347	382.4	346.8	0.6934	2237	0
38.275	154	5	0	0	0	382	347.4	382	347.4	382.4	346.8	0.7302	2243	0
38.275	154	7	0	0	0	381.7	347	381.7	347	382.4	346.8	0.6898	2239	0
38.525	155	2	0	0	0	382	347.4	382	347.4	382.6	348.3	1.081	2239	0
38.525	155	4	0	383.2	349.2	382	347.5	382	347.5	382.6	348.3	1.004	2245	0
38.525	155	0	0	0	0	381.9	347.3	381.9	347.3	382.6	348.3	1.155	2239	0
38.525	155	6	0	0	0	382	347.4	382	347.4	382.6	348.3	1.075	2242	0
38.525	155	3	0	0	0	382	347.4	382	347.4	382.6	348.3	1.031	2242	0
38.525	155	1	0	0	0	382	347.4	382	347.4	382.6	348.3	1.13	2238	0
38.525	155	5	0	0	0	382	347.4	382	347.4	382.6	348.3	1.027	2244	0
38.525	155	7	0	0	0	382	347.4	382	347.4	382.6	348.3	1.127	2240	0
38.775	156	2	0	0	0	384	347.2	384	347.2	380.6	345.6	3.766	2243	0
38.775	156	4	0	402.9	345.8	384.4	347.2	384.4	347.2	380.6	345.6	4.115	2249	0
38.775	156	0	0	0	0	383.6	347.3	383.6	347.3	380.6	345.6	3.439	2242	0
38.775	156	6	0	0	0	384	347.2	384	347.2	380.6	345.6	3.791	2245	0
38.775	156	3	0	0	0	384.2	347.2	384.2	347.2	380.6	345.6	3.992	2246	0
38.775	156	1	0	0	0	383.7	347.3	383.7	347.3	380.6	345.6	3.548	2242	0
38.775	156	5	0	0	0	384.2	347.2	384.2	347.2	380.6	345.6	4.008	2248	0
38.775	156	7	0	0	0	383.7	347.3	383.7	347.3	380.6	345.6	3.565	2243	0
39.025	157	2	0	0	0	384	346.6	384	346.6	377.3	351.6	8.381	2251	0
39.025	157	4	0	384.4	340.1	384.1	346.4	384.1	346.4	377.3	351.6	8.499	2257	0
39.025	157	0	0	0	0	384	346.7	384	346.7	377.3	351.6	8.267	2251	0
39.025	157	6	0	0	0	384	346.6	384	346.6	377.3	351.6	8.389	2254	0
39.025	157	3	0	0	0	384.1	346.5	384.1	346.5	377.3	351.6	8.458	2255	0
39.025	157	1	0	0	0	384	346.7	384	346.7	377.3	351.6	8.306	2250	0
39.025	157	5	0	0	0	384.1	346.5	384.1	346.5	377.3	351.6	8.463	2256	0
39.025	157	7	0	0	0	384	346.7	384	346.7	377.3	351.6	8.311	2252	0
39.275	158	2	0	0	0	384.9	348.9	384.9	348.9	378.6	351.7	6.896	2258	0
39.275	158	4	0	393.7	370.8	385.1	349.3	385.1	349.3	378.6	351.7	6.902	2264	0
39.275	158	0	0	0	0	384.8	348.4	384.8	348.4	378.6	351.7	6.921	2258	0
39.275	158	6	0	0	0	385	348.9	385	348.9	378.6	351.7	6.895	2261	0
39.275	158	3	0	0	0	385.1	349.2	385.1	349.2	378.6	351.7	6.896	2261	0
39.275	158	1	0	0	0	384.8	348.6	384.8	348.6	378.6	351.7	6.909	2257	0
39.275	158	5	0	0	0	385.1	349.2	385.1	349.2	378.6	351.7	6.897	2263	0
39.275	158	7	0	0	0	384.8	348.6	384.8	348.6	378.6	351.7	6.907	2259	0
39.525	159	2	0	0	0	383.5	348.6	383.5	348.6	372.4	353.3	11.94	2270	0
39.525	159	4	0	369.2	346.4	383.2	348.6	383.2	348.6	372.4	353.3	11.69	2276	0
39.525	159	0	0	0	0	383.7	348.7	383.7	348.7	372.4	353.3	12.18	2270	0
39.525	159	6	0	0	0	383.4	348.6	383.4	348.6	372.4	353.3	11.92	2273	0
39.525	159	3	0	0	0	383.3	348.6	383.3	348.6	372.4	353.3	11.77	2273	0
39.525	159	1	0	0	0	383.6	348.7	383.6	348.7	372.4	353.3	12.1	2269	0
39.525	159	5	0	0	0	383.3	348.6	383.3	348.6	372.4	353.3	11.76	2275	0
39.525	159	7	0	0	0	383.6	348.7	383.6	348.7	372.4	353.3	12.09	2271	0
39.775	160	2	0	0	0	382.3	348.9	382.3	348.9	368.6	353.7	14.51	2285	0
39.775	160	4	0	371.3	351.6	382	349	382	349	368.6	353.7	14.25	2290	0
39.775	160	0	0	0	0	382.5	348.9	382.5	348.9	368.6	353.7	14.76	2285	0
39.775	160	6	0	0	0	382.3	348.9	382.3	348.9	368.6	353.7	14.49	2287	0
39.775	160	3	0	0	0	382.1	349	382.1	349	368.6	353.7	14.34	2288	0
39.775	160	1	0	0	0	382.5	348.9	382.5	348.9	368.6	353.7	14.68	2284	0
39.775	160	5	0	0	0	382.1	349	382.1	349	368.6	353.7	14.33	2289	0
39.775	160	7	0	0	0	382.4	348.9	382.4	348.9	368.6	353.7	14.66	2285	0
